K : 75
I : 10
C : 12
INSTANCE : 1
PREFERENCES : [    0    0    2    3    4    5    0    1    0    0  
   3    0    4    0    5    1    0    2    0    0  
   0    1    0    5    3    0    4    2    0    0  
   0    0    0    5    1    0    4    2    3    0  
   5    4    0    1    0    3    0    0    2    0  
   3    2    1    0    0    0    0    5    0    4  
   1    2    0    0    0    3    4    0    0    5  
   0    5    3    0    4    0    0    0    1    2  
   0    2    3    1    5    0    0    0    4    0  
   0    0    5    2    0    4    1    0    3    0  
   0    5    0    0    4    3    2    1    0    0  
   2    0    0    5    0    4    1    0    0    3  
   0    4    5    0    1    0    3    0    2    0  
   4    0    2    3    1    0    5    0    0    0  
   0    4    5    0    2    3    0    1    0    0  
   4    0    1    0    2    0    0    5    3    0  
   0    0    0    4    3    5    0    2    1    0  
   0    4    1    2    5    0    0    3    0    0  
   2    0    0    1    3    0    4    0    5    0  
   5    2    4    0    1    0    0    0    3    0  
   0    0    0    4    3    1    2    0    5    0  
   1    0    0    4    0    0    2    5    0    3  
   1    0    4    0    2    3    0    0    0    5  
   1    5    0    0    2    4    0    3    0    0  
   4    1    5    2    3    0    0    0    0    0  
   4    5    0    0    2    1    0    0    0    3  
   1    5    0    0    0    0    3    4    2    0  
   4    0    3    0    0    0    0    1    5    2  
   0    0    4    5    0    0    0    3    1    2  
   4    3    0    0    0    0    5    1    2    0  
   0    0    4    0    3    0    1    2    0    5  
   0    5    0    3    1    0    4    0    2    0  
   2    0    0    4    0    0    0    1    5    3  
   4    3    0    1    0    0    5    0    0    2  
   5    0    0    0    0    4    0    2    1    3  
   3    0    5    0    0    4    2    0    1    0  
   1    5    0    0    0    3    0    0    2    4  
   2    5    0    4    1    0    3    0    0    0  
   4    5    1    0    0    0    3    0    2    0  
   0    2    1    0    0    0    3    4    5    0  
   0    0    2    0    5    0    0    1    4    3  
   0    0    0    1    3    0    0    2    4    5  
   0    0    1    0    2    0    0    4    3    5  
   3    0    0    4    2    5    1    0    0    0  
   0    1    3    5    2    0    0    0    0    4  
   0    5    0    0    0    4    1    3    0    2  
   4    0    0    0    5    2    3    0    0    1  
   0    1    0    0    0    0    5    3    2    4  
   5    0    0    0    2    4    0    0    1    3  
   1    2    0    0    5    0    0    4    0    3  
   0    3    2    0    4    0    0    1    0    5  
   3    0    0    5    2    1    0    0    4    0  
   2    0    3    5    0    0    0    0    1    4  
   5    3    0    2    0    0    1    4    0    0  
   0    2    5    4    0    0    0    1    0    3  
   0    0    3    4    0    1    0    2    5    0  
   0    0    2    3    5    0    0    1    0    4  
   4    1    0    5    2    3    0    0    0    0  
   0    4    1    2    5    0    0    0    0    3  
   0    5    4    2    3    1    0    0    0    0  
   4    3    5    0    0    2    0    1    0    0  
   0    4    1    2    0    0    0    3    0    5  
   0    2    0    0    1    4    0    3    5    0  
   0    0    4    0    5    0    3    1    0    2  
   1    4    0    0    0    0    0    3    5    2  
   0    5    0    2    0    4    3    0    0    1  
   5    0    2    0    3    0    0    4    0    1  
   5    0    3    0    0    0    4    1    2    0  
   0    0    2    5    3    1    0    0    4    0  
   1    0    4    2    0    0    0    0    5    3  
   0    5    0    0    1    2    0    0    4    3  
   2    0    0    3    0    0    4    1    0    5  
   0    2    0    4    5    0    3    1    0    0  
   3    0    0    2    1    0    4    5    0    0  
   1    3    5    0    4    0    0    0    2    0  ] 
RESERVATION PRICES : [    0    0   10   10   10    9    0    9    0    0  
  12    0   13    0   12   12    0   13    0    0  
   0   14    0   11   12    0   11   12    0    0  
   0    0    0   15   14    0   17   14   15    0  
  20   21    0   19    0   19    0    0   18    0  
  22   22   28    0    0    0    0   22    0   24  
  30   29    0    0    0   27   28    0    0   26  
   0   30   34    0   37    0    0    0   28   29  
   0   34   37   41   35    0    0    0   33    0  
   0    0   40   37    0   40   37    0   41    0  
   0   45    0    0   43   52   43   42    0    0  
  48    0    0   53    0   45   52    0    0   47  
   0   48   53    0   47    0   50    0   44    0  
  45    0   58   61   58    0   44    0    0    0  
   0   47   60    0   58   61    0   50    0    0  
  52    0   64    0   67    0    0   65   55    0  
   0    0    0   57   52   68    0   59   67    0  
   0   72   72   66   72    0    0   74    0    0  
  71    0    0   64   58    0   73    0   58    0  
  72   65   71    0   60    0    0    0   54    0  
   0    0    0   59   59   59   61    0   68    0  
  81    0    0   63    0    0   65   75    0   78  
  69    0   66    0   66   65    0    0    0   83  
  89   79    0    0   80   69    0   75    0    0  
  94   88   70   89   85    0    0    0    0    0  
  80   79    0    0   85   74    0    0    0  100  
  95   80    0    0    0    0   81   99   88    0  
  91    0  109    0    0    0    0   80  103   87  
   0    0   83  106    0    0    0   94   87   94  
 116   97    0    0    0    0  118  112  118    0  
   0    0  101    0   91    0   89  119    0   97  
   0  109    0  107  126    0  118    0  118    0  
 102    0    0  106    0    0    0  117  102   94  
 125  112    0  107    0    0  122    0    0  123  
 112    0    0    0    0  100    0  130  128  105  
 133    0  113    0    0  124  138    0  135    0  
 134  102    0    0    0  132    0    0  123  108  
 137  139    0  118  113    0  146    0    0    0  
 152  142  144    0    0    0  152    0  113    0  
   0  120  121    0    0    0  159  157  118    0  
   0    0  139    0  139    0    0  158  122  125  
   0    0    0  150  135    0    0  127  133  146  
   0    0  138    0  125    0    0  123  135  137  
 162    0    0  148  137  119  124    0    0    0  
   0  156  167  122  121    0    0    0    0  152  
   0  170    0    0    0  123  128  145    0  148  
 151    0    0    0  172  143  150    0    0  134  
   0  148    0    0    0    0  161  141  142  165  
 182    0    0    0  142  135    0    0  166  136  
 170  170    0    0  147    0    0  153    0  141  
   0  145  178    0  194    0    0  187    0  181  
 170    0    0  165  174  190    0    0  188    0  
 143    0  172  164    0    0    0    0  151  183  
 170  152    0  178    0    0  183  163    0    0  
   0  182  185  157    0    0    0  174    0  190  
   0    0  162  175    0  153    0  176  145    0  
   0    0  189  177  179    0    0  195    0  151  
 173  160    0  210  178  195    0    0    0    0  
   0  215  210  185  204    0    0    0    0  183  
   0  193  216  207  217  160    0    0    0    0  
 188  175  184    0    0  200    0  170    0    0  
   0  221  172  172    0    0    0  225    0  210  
   0  173    0    0  218  174    0  207  232    0  
   0    0  178    0  196    0  201  231    0  175  
 218  195    0    0    0    0    0  201  222  205  
   0  182    0  244    0  237  226    0    0  231  
 200    0  214    0  201    0    0  201    0  244  
 249    0  195    0    0    0  212  252  201    0  
   0    0  241  194  232  216    0    0  187    0  
 202    0  237  191    0    0    0    0  249  209  
   0  199    0    0  242  234    0    0  203  243  
 245    0    0  251    0    0  238  262    0  257  
   0  197    0  253  268    0  244  203    0    0  
 248    0    0  226  258    0  210  262    0    0  
 278  253  216    0  242    0    0    0  238    0  ] 
 ] 
