K : 50
I : 15
C : 8
INSTANCE : 5
PREFERENCES : [    0    0    2    0    0    0    0    0    3    0    1    5    4    0    0  
   0    0    0    2    3    5    0    4    0    0    0    1    0    0    0  
   3    0    4    0    1    0    2    0    0    0    0    5    0    0    0  
   0    0    2    0    3    0    0    4    5    0    0    1    0    0    0  
   0    4    0    3    0    0    0    2    0    1    0    0    5    0    0  
   0    0    0    0    0    0    5    0    3    4    0    0    0    2    1  
   0    1    3    2    0    0    0    0    5    0    0    0    4    0    0  
   0    2    0    0    0    3    4    0    5    1    0    0    0    0    0  
   0    0    0    1    0    0    5    4    2    0    0    0    0    3    0  
   0    5    0    3    0    0    0    0    4    0    2    1    0    0    0  
   0    5    0    0    2    0    4    0    0    3    0    0    1    0    0  
   0    5    1    0    2    0    3    0    4    0    0    0    0    0    0  
   0    0    1    0    0    0    5    0    4    0    0    2    0    0    3  
   0    0    5    2    0    3    4    0    0    0    0    0    0    1    0  
   0    0    2    4    0    3    0    0    1    0    0    5    0    0    0  
   0    0    0    1    0    5    3    0    0    4    0    2    0    0    0  
   0    2    0    0    1    0    3    0    0    0    0    4    5    0    0  
   0    0    0    1    2    4    0    0    0    0    3    0    0    0    5  
   0    3    0    5    0    0    0    0    4    0    0    0    0    1    2  
   0    0    0    0    0    1    4    0    0    0    2    0    5    0    3  
   1    3    5    0    0    0    0    2    0    0    0    0    0    4    0  
   0    0    0    0    0    0    4    0    5    2    3    1    0    0    0  
   2    0    0    0    0    0    0    0    5    0    1    0    4    0    3  
   5    0    2    0    0    0    3    1    0    0    0    0    0    0    4  
   0    1    3    0    2    0    4    0    0    0    0    5    0    0    0  
   1    0    0    0    3    5    2    0    0    0    0    4    0    0    0  
   0    2    0    0    3    0    4    1    0    0    0    0    0    0    5  
   0    0    0    0    2    0    0    4    0    5    0    1    0    3    0  
   1    0    5    0    0    4    0    0    0    3    0    0    2    0    0  
   1    0    0    0    5    0    4    0    0    3    0    0    2    0    0  
   0    0    0    0    0    5    3    0    0    2    0    4    1    0    0  
   0    2    0    1    0    0    0    3    5    4    0    0    0    0    0  
   4    2    0    0    0    0    0    0    0    1    3    0    0    5    0  
   0    0    5    3    0    0    1    0    4    0    0    0    0    2    0  
   0    5    0    1    0    2    3    0    0    0    0    4    0    0    0  
   0    0    1    0    0    3    4    5    0    0    0    0    2    0    0  
   0    0    0    0    2    4    5    0    0    1    0    0    3    0    0  
   0    0    0    0    0    0    1    0    0    3    2    0    4    0    5  
   0    5    0    0    0    4    0    2    3    0    0    0    0    0    1  
   0    0    0    0    4    0    0    0    5    0    2    3    0    1    0  
   0    0    5    2    0    0    0    0    0    0    4    0    0    3    1  
   4    0    0    1    0    2    0    0    0    0    0    0    0    3    5  
   0    2    0    4    0    0    0    0    1    3    0    5    0    0    0  
   0    0    0    0    2    0    4    0    0    0    1    0    5    3    0  
   0    0    1    0    0    0    0    2    5    0    0    4    0    3    0  
   3    5    0    0    0    0    4    0    0    0    0    2    0    1    0  
   1    0    0    0    0    0    0    3    0    4    0    5    0    2    0  
   1    0    0    5    2    0    0    0    3    4    0    0    0    0    0  
   0    0    0    0    0    0    2    0    5    4    3    0    0    0    1  
   0    3    0    0    0    0    1    5    0    0    0    0    0    2    4  ] 
RESERVATION PRICES : [    0    0    6    0    0    0    0    0    7    0    7    7    6    0    0  
   0    0    0   10   10   12    0   12    0    0    0   11    0    0    0  
  10    0   11    0   13    0   11    0    0    0    0   12    0    0    0  
   0    0   15    0   14    0    0   18   15    0    0   17    0    0    0  
   0   19    0   18    0    0    0   17    0   23    0    0   18    0    0  
   0    0    0    0    0    0   25    0   22   25    0    0    0   21   19  
   0   19   20   23    0    0    0    0   19    0    0    0   22    0    0  
   0   32    0    0    0   24   27    0   25   31    0    0    0    0    0  
   0    0    0   34    0    0   36   28   35    0    0    0    0   35    0  
   0   30    0   34    0    0    0    0   36    0   34   31    0    0    0  
   0   32    0    0   42    0   31    0    0   41    0    0   35    0    0  
   0   36   35    0   42    0   42    0   37    0    0    0    0    0    0  
   0    0   49    0    0    0   38    0   41    0    0   38    0    0   51  
   0    0   47   40    0   44   44    0    0    0    0    0    0   46    0  
   0    0   59   55    0   46    0    0   43    0    0   48    0    0    0  
   0    0    0   56    0   56   61    0    0   61    0   60    0    0    0  
   0   57    0    0   45    0   53    0    0    0    0   46   51    0    0  
   0    0    0   52   57   67    0    0    0    0   64    0    0    0   55  
   0   65    0   53    0    0    0    0   58    0    0    0    0   63   50  
   0    0    0    0    0   73   64    0    0    0   54    0   61    0   55  
  58   64   74    0    0    0    0   76    0    0    0    0    0   71    0  
   0    0    0    0    0    0   77    0   59   62   75   61    0    0    0  
  86    0    0    0    0    0    0    0   80    0   67    0   75    0   65  
  70    0   86    0    0    0   80   68    0    0    0    0    0    0   67  
   0   79   89    0   81    0   90    0    0    0    0   94    0    0    0  
  90    0    0    0   71   91   90    0    0    0    0   74    0    0    0  
   0   81    0    0   93    0   79   92    0    0    0    0    0    0   75  
   0    0    0    0   91    0    0  102    0   89    0   97    0   92    0  
 100    0   90    0    0   99    0    0    0   88    0    0   80    0    0  
  82    0    0    0   99    0  106    0    0  108    0    0   97    0    0  
   0    0    0    0    0   96   94    0    0   90    0   84   97    0    0  
   0  110    0   90    0    0    0   84  102   92    0    0    0    0    0  
  94   95    0    0    0    0    0    0    0   93   95    0    0  111    0  
   0    0   93  116    0    0  108    0   98    0    0    0    0   96    0  
   0   96    0  127    0   92  126    0    0    0    0  112    0    0    0  
   0    0  128    0    0  109  103  114    0    0    0    0  129    0    0  
   0    0    0    0  134  103  116    0    0  111    0    0  136    0    0  
   0    0    0    0    0    0  131    0    0  116  100    0  116    0  129  
   0  110    0    0    0  122    0  133  115    0    0    0    0    0  140  
   0    0    0    0  146    0    0    0  130    0  110  121    0  110    0  
   0    0  122  113    0    0    0    0    0    0  113    0    0  119  146  
 141    0    0  121    0  150    0    0    0    0    0    0    0  142  121  
   0  122    0  123    0    0    0    0  147  147    0  133    0    0    0  
   0    0    0    0  120    0  153    0    0    0  150    0  132  148    0  
   0    0  131    0    0    0    0  123  132    0    0  145    0  145    0  
 152  128    0    0    0    0  153    0    0    0    0  146    0  163    0  
 149    0    0    0    0    0    0  171    0  128    0  148    0  153    0  
 161    0    0  154  158    0    0    0  144  131    0    0    0    0    0  
   0    0    0    0    0    0  175    0  181  156  149    0    0    0  139  
   0  140    0    0    0    0  163  139    0    0    0    0    0  142  188  ] 
 ] 
