K : 75
I : 15
C : 15
INSTANCE : 4
PREFERENCES : [    0    3    0    2    0    0    4    5    1    0    0    0    0    0    0  
   0    0    0    0    4    0    0    2    0    0    0    1    0    3    5  
   0    0    0    1    0    5    0    0    4    3    0    0    0    2    0  
   0    0    0    3    2    0    0    0    5    0    4    1    0    0    0  
   0    1    0    3    0    0    0    0    0    0    4    0    5    2    0  
   1    0    5    0    0    0    2    0    0    0    3    0    0    0    4  
   0    2    0    4    0    0    3    5    0    1    0    0    0    0    0  
   0    0    5    2    0    4    0    1    3    0    0    0    0    0    0  
   4    0    1    0    0    0    3    0    0    2    0    5    0    0    0  
   1    0    0    2    0    0    4    3    0    0    0    0    0    5    0  
   0    3    0    0    0    0    0    0    2    5    4    0    0    1    0  
   5    0    0    1    0    3    0    0    2    0    4    0    0    0    0  
   2    0    5    0    0    0    1    3    0    0    4    0    0    0    0  
   0    2    4    0    3    0    0    0    0    1    0    5    0    0    0  
   0    3    2    0    0    0    0    4    5    1    0    0    0    0    0  
   0    0    0    0    5    0    0    0    0    1    0    0    4    3    2  
   0    0    1    0    5    4    2    0    0    0    3    0    0    0    0  
   0    0    0    0    0    4    2    0    3    0    0    1    5    0    0  
   0    0    4    5    0    0    0    1    2    0    0    0    0    0    3  
   0    0    0    5    0    0    0    0    0    1    0    4    3    2    0  
   0    0    5    0    0    1    2    0    0    0    0    0    0    4    3  
   5    4    3    0    0    0    0    1    0    0    0    0    0    0    2  
   0    0    5    0    2    0    1    0    0    0    0    4    3    0    0  
   0    0    5    2    3    0    4    0    0    1    0    0    0    0    0  
   5    2    1    0    0    4    0    0    0    0    0    0    3    0    0  
   0    0    2    0    5    3    0    0    0    0    4    0    0    0    1  
   0    0    1    5    0    2    4    0    0    0    0    0    0    3    0  
   0    0    0    0    0    0    0    5    2    4    0    0    1    0    3  
   0    0    0    5    3    0    0    0    4    2    1    0    0    0    0  
   0    0    0    0    0    5    1    4    0    3    2    0    0    0    0  
   0    0    0    4    0    0    0    0    0    1    3    5    2    0    0  
   0    0    0    0    0    0    1    0    3    0    5    0    2    0    4  
   5    3    0    4    0    0    0    2    1    0    0    0    0    0    0  
   2    4    0    3    0    0    0    0    0    1    0    5    0    0    0  
   0    0    0    1    0    5    2    0    0    3    0    4    0    0    0  
   0    0    0    1    3    4    2    0    0    5    0    0    0    0    0  
   4    0    0    5    0    0    0    0    0    3    0    1    0    2    0  
   4    5    1    0    0    0    0    0    0    0    2    0    3    0    0  
   1    0    0    0    4    0    0    5    0    0    0    0    0    3    2  
   2    4    0    0    0    5    0    0    0    1    3    0    0    0    0  
   4    0    0    5    0    3    0    2    0    0    0    0    1    0    0  
   0    1    0    3    4    0    5    0    0    0    0    0    0    2    0  
   0    0    0    0    1    4    3    0    5    0    0    0    2    0    0  
   4    0    0    1    0    0    5    3    2    0    0    0    0    0    0  
   0    0    0    0    0    2    1    0    3    0    4    5    0    0    0  
   2    0    0    0    3    0    0    4    0    5    0    0    1    0    0  
   0    0    0    0    0    0    1    5    2    0    0    0    0    4    3  
   0    3    0    1    5    4    0    0    0    0    0    0    0    0    2  
   0    1    2    0    3    5    0    0    0    0    0    0    0    4    0  
   0    0    0    0    2    5    1    0    0    0    3    0    0    0    4  
   0    5    4    1    0    0    0    2    0    0    0    0    0    0    3  
   0    0    0    1    5    0    0    0    0    3    0    0    4    0    2  
   2    1    0    5    0    0    0    4    0    0    3    0    0    0    0  
   0    0    0    0    0    0    0    2    3    0    4    1    0    0    5  
   0    0    0    5    4    0    0    0    0    3    1    0    0    0    2  
   0    0    0    0    1    3    2    5    0    0    0    0    0    0    4  
   4    0    0    0    0    5    1    0    0    3    0    0    0    0    2  
   0    0    0    0    0    0    0    4    3    0    1    5    2    0    0  
   0    0    4    0    0    0    0    0    2    5    0    0    3    0    1  
   0    0    0    5    0    2    0    0    3    0    4    0    0    0    1  
   0    0    0    0    0    0    3    0    1    0    2    5    0    4    0  
   0    0    0    0    4    0    0    5    1    3    0    0    2    0    0  
   0    0    3    5    0    0    0    0    1    2    4    0    0    0    0  
   0    5    0    0    2    3    0    0    1    0    0    0    0    4    0  
   0    2    0    3    5    0    1    0    0    0    0    0    4    0    0  
   0    3    0    0    5    2    0    0    0    0    0    0    1    4    0  
   1    2    4    0    0    0    0    5    0    0    0    0    3    0    0  
   0    0    0    4    0    0    5    2    3    0    1    0    0    0    0  
   4    0    5    0    0    0    0    0    0    2    0    3    1    0    0  
   3    0    0    0    0    0    2    0    0    0    5    0    4    0    1  
   0    0    0    1    0    3    0    2    0    0    5    0    4    0    0  
   3    0    1    0    0    0    0    0    2    4    0    0    5    0    0  
   0    0    4    1    0    2    0    0    3    0    0    0    5    0    0  
   0    0    2    3    0    0    0    1    0    0    5    0    0    0    4  
   0    0    0    4    0    5    0    0    0    3    0    0    1    0    2  ] 
RESERVATION PRICES : [    0    8    0    9    0    0    7    8    8    0    0    0    0    0    0  
   0    0    0    0    7    0    0    9    0    0    0    9    0    8    9  
   0    0    0   14    0   11    0    0   12   14    0    0    0   12    0  
   0    0    0   19   17    0    0    0   17    0   16   16    0    0    0  
   0   18    0   19    0    0    0    0    0    0   17    0   19   17    0  
  22    0   19    0    0    0   23    0    0    0   23    0    0    0   18  
   0   22    0   21    0    0   23   22    0   20    0    0    0    0    0  
   0    0   17   21    0   17    0   23   23    0    0    0    0    0    0  
  24    0   22    0    0    0   22    0    0   23    0   20    0    0    0  
  26    0    0   31    0    0   31   26    0    0    0    0    0   32    0  
   0   29    0    0    0    0    0    0   37   38   30    0    0   31    0  
  37    0    0   41    0   34    0    0   34    0   39    0    0    0    0  
  43    0   44    0    0    0   44   37    0    0   45    0    0    0    0  
   0   38   45    0   52    0    0    0    0   47    0   41    0    0    0  
   0   53   46    0    0    0    0   53   50   45    0    0    0    0    0  
   0    0    0    0   44    0    0    0    0   51    0    0   49   58   42  
   0    0   47    0   58   62   62    0    0    0   56    0    0    0    0  
   0    0    0    0    0   63   61    0   52    0    0   57   50    0    0  
   0    0   72   60    0    0    0   71   55    0    0    0    0    0   54  
   0    0    0   79    0    0    0    0    0   64    0   76   73   62    0  
   0    0   73    0    0   75   63    0    0    0    0    0    0   71   66  
  64   60   78    0    0    0    0   67    0    0    0    0    0    0   60  
   0    0   83    0   85    0   83    0    0    0    0   71   66    0    0  
   0    0   94   74   93    0   68    0    0   80    0    0    0    0    0  
  89   75   77    0    0   90    0    0    0    0    0    0   79    0    0  
   0    0   86    0   98   75    0    0    0    0   94    0    0    0   87  
   0    0   85   81    0   97   82    0    0    0    0    0    0   93    0  
   0    0    0    0    0    0    0  102  101   85    0    0  106    0   94  
   0    0    0  110  109    0    0    0   93   83   95    0    0    0    0  
   0    0    0    0    0   91   84   84    0   87   85    0    0    0    0  
   0    0    0  101    0    0    0    0    0   99  106  112   86    0    0  
   0    0    0    0    0    0   97    0   88    0   98    0  110    0   91  
 103  101    0   90    0    0    0  121  117    0    0    0    0    0    0  
 106  116    0  125    0    0    0    0    0   93    0  116    0    0    0  
   0    0    0  106    0  106  120    0    0  119    0  123    0    0    0  
   0    0    0  113  101  104  109    0    0  130    0    0    0    0    0  
 106    0    0  101    0    0    0    0    0  108    0  123    0  107    0  
 114  107  112    0    0    0    0    0    0    0  102    0   98    0    0  
 114    0    0    0  130    0    0  132    0    0    0    0    0  135  104  
 112  108    0    0    0  128    0    0    0  122  136    0    0    0    0  
 149    0    0  123    0  137    0  125    0    0    0    0  108    0    0  
   0  137    0  122  146    0  146    0    0    0    0    0    0  137    0  
   0    0    0    0  119  152  138    0  118    0    0    0  113    0    0  
 157    0    0  131    0    0  129  148  133    0    0    0    0    0    0  
   0    0    0    0    0  159  147    0  150    0  144  147    0    0    0  
 161    0    0    0  158    0    0  142    0  172    0    0  153    0    0  
   0    0    0    0    0    0  151  138  139    0    0    0    0  150  156  
   0  132    0  151  137  166    0    0    0    0    0    0    0    0  161  
   0  182  143    0  164  168    0    0    0    0    0    0    0  145    0  
   0    0    0    0  139  154  147    0    0    0  175    0    0    0  143  
   0  165  139  191    0    0    0  168    0    0    0    0    0    0  175  
   0    0    0  189  157    0    0    0    0  162    0    0  183    0  150  
 145  182    0  175    0    0    0  171    0    0  162    0    0    0    0  
   0    0    0    0    0    0    0  165  169    0  195  194    0    0  197  
   0    0    0  161  151    0    0    0    0  175  187    0    0    0  170  
   0    0    0    0  192  176  176  171    0    0    0    0    0    0  190  
 196    0    0    0    0  162  184    0    0  210    0    0    0    0  159  
   0    0    0    0    0    0    0  160  209    0  183  187  190    0    0  
   0    0  202    0    0    0    0    0  191  202    0    0  203    0  169  
   0    0    0  186    0  215    0    0  212    0  214    0    0    0  208  
   0    0    0    0    0    0  215    0  215    0  178  216    0  211    0  
   0    0    0    0  222    0    0  211  209  207    0    0  166    0    0  
   0    0  225  187    0    0    0    0  224  203  193    0    0    0    0  
   0  175    0    0  179  213    0    0  238    0    0    0    0  184    0  
   0  186    0  174  181    0  241    0    0    0    0    0  224    0    0  
   0  224    0    0  201  210    0    0    0    0    0    0  219  198    0  
 202  233  206    0    0    0    0  187    0    0    0    0  195    0    0  
   0    0    0  209    0    0  185  195  206    0  183    0    0    0    0  
 212    0  242    0    0    0    0    0    0  211    0  247  205    0    0  
 201    0    0    0    0    0  250    0    0    0  192    0  255    0  255  
   0    0    0  191    0  216    0  243    0    0  231    0  243    0    0  
 248    0  226    0    0    0    0    0  209  218    0    0  239    0    0  
   0    0  242  259    0  267    0    0  265    0    0    0  253    0    0  
   0    0  273  229    0    0    0  272    0    0  245    0    0    0  254  
   0    0    0  231    0  222    0    0    0  209    0    0  234    0  246  ] 
 ] 
