K : 50
I : 5
C : 8
INSTANCE : 3
PREFERENCES : [    0    3    2    1    0  
   1    0    0    3    2  
   1    2    3    0    0  
   0    2    0    1    3  
   0    3    1    2    0  
   3    1    2    0    0  
   3    0    2    1    0  
   2    3    0    1    0  
   1    0    3    2    0  
   0    2    0    3    1  
   3    0    2    1    0  
   2    1    0    0    3  
   1    0    0    3    2  
   1    0    3    0    2  
   1    3    0    2    0  
   0    3    2    1    0  
   2    0    3    0    1  
   1    0    0    2    3  
   1    2    0    3    0  
   1    2    0    0    3  
   0    2    1    0    3  
   0    3    2    0    1  
   3    2    1    0    0  
   2    3    0    0    1  
   1    0    2    0    3  
   0    3    0    2    1  
   0    2    1    3    0  
   0    2    3    1    0  
   0    3    2    1    0  
   0    1    0    2    3  
   1    2    0    3    0  
   3    2    0    1    0  
   1    3    2    0    0  
   0    0    2    1    3  
   1    0    0    3    2  
   1    3    0    2    0  
   0    3    2    0    1  
   0    3    1    0    2  
   1    2    3    0    0  
   1    3    2    0    0  
   1    0    2    0    3  
   1    2    0    0    3  
   2    0    1    0    3  
   2    1    0    3    0  
   3    0    1    2    0  
   0    0    2    1    3  
   1    0    2    0    3  
   2    0    3    0    1  
   0    1    0    2    3  
   3    1    0    2    0  ] 
RESERVATION PRICES : [    0    6    6    6    0  
   5    0    0    5    6  
  12   14   12    0    0  
   0   15    0   16   15  
   0   21   21   18    0  
  20   20   20    0    0  
  24    0   24   29    0  
  26   31    0   29    0  
  30    0   30   28    0  
   0   38    0   40   29  
  36    0   45   41    0  
  48   49    0    0   40  
  47    0    0   52   52  
  44    0   55    0   60  
  60   64    0   57    0  
   0   61   54   50    0  
  54    0   67    0   72  
  62    0    0   75   80  
  64   64    0   77    0  
  79   80    0    0   77  
   0   84   83    0   76  
   0   91   91    0   89  
  86   84  100    0    0  
  94  103    0    0  103  
 100    0  106    0   94  
   0   89    0   92   95  
   0   89  105  110    0  
   0  104   86  112    0  
   0  116  103  102    0  
   0   94    0   93  114  
 108  126    0  106    0  
 109   92    0  128    0  
 103  114  106    0    0  
   0    0  113  135  127  
 144    0    0  118  142  
 143  111    0  142    0  
   0  124  126    0  135  
   0  149  148    0  142  
 114  118  135    0    0  
 122  138  157    0    0  
 139    0  116    0  126  
 153  141    0    0  133  
 132    0  158    0  126  
 134  122    0  150    0  
 146    0  144  123    0  
   0    0  140  156  144  
 159    0  151    0  127  
 139    0  161    0  132  
   0  184    0  182  165  
 183  168    0  158    0  ] 
 ] 
