K : 150
I : 5
C : 24
INSTANCE : 1
PREFERENCES : [    3    0    1    2    0  
   3    2    0    1    0  
   0    3    2    0    1  
   0    2    1    0    3  
   2    3    0    0    1  
   0    0    1    3    2  
   0    2    0    3    1  
   0    1    2    0    3  
   1    0    0    2    3  
   3    0    0    1    2  
   2    1    0    0    3  
   1    3    0    2    0  
   1    2    0    3    0  
   2    1    0    0    3  
   0    1    2    0    3  
   1    0    0    2    3  
   0    2    3    1    0  
   3    0    0    1    2  
   0    1    0    2    3  
   0    1    0    2    3  
   1    0    3    2    0  
   3    0    2    0    1  
   1    0    3    0    2  
   2    0    0    1    3  
   0    1    0    2    3  
   1    0    3    0    2  
   0    2    1    3    0  
   0    1    3    2    0  
   3    1    0    0    2  
   0    0    1    2    3  
   3    0    1    2    0  
   3    1    0    0    2  
   3    1    2    0    0  
   1    0    2    0    3  
   1    0    3    0    2  
   2    0    1    0    3  
   3    0    0    1    2  
   1    3    2    0    0  
   0    1    3    0    2  
   1    0    3    0    2  
   0    1    0    3    2  
   3    2    1    0    0  
   2    3    0    1    0  
   0    0    3    2    1  
   0    2    0    3    1  
   3    2    0    0    1  
   0    0    2    3    1  
   0    2    1    0    3  
   0    2    1    0    3  
   0    1    3    0    2  
   1    0    3    0    2  
   1    0    0    3    2  
   0    0    3    2    1  
   1    2    0    0    3  
   2    0    0    1    3  
   2    0    3    1    0  
   0    3    1    2    0  
   0    3    0    1    2  
   0    0    3    2    1  
   2    3    1    0    0  
   0    2    0    3    1  
   0    2    0    1    3  
   0    2    1    0    3  
   1    3    0    2    0  
   1    3    0    2    0  
   0    0    1    3    2  
   2    1    3    0    0  
   0    1    2    3    0  
   3    1    0    0    2  
   2    0    3    1    0  
   1    0    2    0    3  
   2    1    3    0    0  
   0    2    3    0    1  
   1    3    0    2    0  
   0    2    3    0    1  
   1    0    0    2    3  
   1    2    0    0    3  
   0    0    2    3    1  
   0    3    1    2    0  
   1    0    2    0    3  
   3    0    2    0    1  
   2    1    0    3    0  
   0    3    0    1    2  
   0    2    3    1    0  
   0    3    2    0    1  
   0    1    3    0    2  
   2    0    0    3    1  
   1    2    0    3    0  
   2    0    3    1    0  
   0    3    0    2    1  
   0    1    3    0    2  
   1    0    2    3    0  
   0    0    2    3    1  
   0    3    0    2    1  
   1    0    0    3    2  
   2    1    0    3    0  
   0    2    1    0    3  
   0    1    3    2    0  
   1    0    3    2    0  
   1    2    3    0    0  
   1    0    3    0    2  
   1    0    3    2    0  
   1    0    3    0    2  
   1    0    2    3    0  
   0    3    1    2    0  
   0    3    0    1    2  
   0    1    3    0    2  
   2    1    3    0    0  
   3    0    0    1    2  
   0    3    0    2    1  
   0    3    0    1    2  
   0    0    2    3    1  
   0    0    3    1    2  
   1    0    3    0    2  
   0    3    1    0    2  
   0    0    1    3    2  
   0    2    1    3    0  
   1    0    0    3    2  
   1    0    0    2    3  
   2    3    1    0    0  
   0    0    2    1    3  
   1    0    2    0    3  
   0    2    1    0    3  
   1    0    2    0    3  
   0    3    1    2    0  
   2    0    1    0    3  
   3    2    1    0    0  
   0    1    0    3    2  
   3    0    0    1    2  
   0    1    3    0    2  
   2    3    0    1    0  
   0    2    3    0    1  
   0    3    2    1    0  
   0    1    2    3    0  
   0    1    2    3    0  
   2    3    1    0    0  
   0    1    0    2    3  
   1    0    2    0    3  
   1    0    0    2    3  
   3    0    0    2    1  
   0    1    3    2    0  
   0    0    3    1    2  
   0    1    3    2    0  
   1    0    2    3    0  
   0    0    3    2    1  
   0    3    2    1    0  
   0    2    3    1    0  
   0    2    1    0    3  
   0    3    2    1    0  
   2    0    0    3    1  ] 
RESERVATION PRICES : [    8    0    9    8    0  
  11   12    0   12    0  
   0   17   15    0   18  
   0   17   22    0   23  
  25   19    0    0   19  
   0    0   30   23   29  
   0   32    0   29   37  
   0   37   34    0   34  
  43    0    0   36   37  
  45    0    0   36   44  
  49   44    0    0   52  
  52   45    0   56    0  
  51   62    0   57    0  
  53   64    0    0   65  
   0   56   58    0   74  
  65    0    0   58   73  
   0   69   58   56    0  
  75    0    0   74   60  
   0   75    0   62   75  
   0   78    0   70   69  
  93    0   70   85    0  
  73    0   72    0   75  
  92    0   74    0   84  
  89    0    0   95   94  
   0   88    0   96   84  
  91    0  108    0   91  
   0   87  102   88    0  
   0  117  103  103    0  
 120  115    0    0   94  
   0    0  107  115   94  
 111    0  101   99    0  
 130  125    0    0  120  
 123   95   99    0    0  
 124    0  110    0  104  
 113    0  125    0  109  
 142    0  143    0  107  
 120    0    0  123  122  
 145  117  139    0    0  
   0  145  149    0  136  
 144    0  138    0  130  
   0  140    0  167  141  
 129  147  170    0    0  
 162  146    0  170    0  
   0    0  155  177  154  
   0  160    0  164  155  
 139  152    0    0  185  
   0    0  161  186  186  
   0  183  159    0  191  
   0  159  146    0  179  
   0  187  152    0  167  
 190    0  173    0  182  
 149    0    0  202  155  
   0    0  160  194  190  
 171  161    0    0  199  
 207    0    0  171  171  
 181    0  216  208    0  
   0  191  180  210    0  
   0  211    0  182  176  
   0    0  187  200  168  
 230  230  207    0    0  
   0  192    0  210  184  
   0  232    0  239  200  
   0  239  225    0  224  
 235  246    0  184    0  
 181  233    0  223    0  
   0    0  219  191  201  
 252  203  244    0    0  
   0  196  262  218    0  
 257  210    0    0  212  
 264    0  248  249    0  
 276    0  266    0  265  
 254  270  235    0    0  
   0  210  223    0  210  
 254  245    0  212    0  
   0  275  280    0  219  
 268    0    0  232  237  
 262  291    0    0  247  
   0    0  263  230  228  
   0  248  228  244    0  
 232    0  242    0  255  
 247    0  249    0  288  
 241  245    0  265    0  
   0  309    0  284  249  
   0  307  246  288    0  
   0  255  251    0  300  
   0  261  309    0  295  
 293    0    0  298  262  
 253  247    0  293    0  
 262    0  327  260    0  
   0  270    0  281  294  
   0  348  286    0  286  
 300    0  335  260    0  
   0    0  334  321  263  
   0  335    0  334  289  
 350    0    0  271  281  
 285  346    0  339    0  
   0  336  277    0  268  
   0  299  375  358    0  
 363    0  343  315    0  
 322  310  328    0    0  
 387    0  286    0  311  
 370    0  391  344    0  
 345    0  387    0  319  
 398    0  391  323    0  
   0  328  395  305    0  
   0  335    0  308  342  
   0  358  335    0  412  
 381  362  303    0    0  
 319    0    0  380  391  
   0  426    0  408  422  
   0  333    0  362  352  
   0    0  425  367  360  
   0    0  352  413  322  
 363    0  382    0  353  
   0  375  430    0  429  
   0    0  376  331  438  
   0  376  319  440    0  
 360    0    0  395  321  
 377    0    0  361  445  
 416  366  434    0    0  
   0    0  434  450  390  
 394    0  355    0  380  
   0  430  341    0  446  
 408    0  448    0  415  
   0  459  375  372    0  
 344    0  352    0  405  
 360  347  360    0    0  
   0  382    0  394  471  
 460    0    0  375  438  
   0  414  432    0  387  
 492  371    0  460    0  
   0  471  393    0  460  
   0  454  365  366    0  
   0  502  461  397    0  
   0  464  420  428    0  
 378  493  513    0    0  
   0  512    0  458  437  
 481    0  422    0  501  
 405    0    0  432  468  
 533    0    0  421  448  
   0  390  425  402    0  
   0    0  487  536  411  
   0  387  436  457    0  
 475    0  512  397    0  
   0    0  481  475  456  
   0  546  463  430    0  
   0  556  536  486    0  
   0  452  430    0  430  
   0  421  429  529    0  
 542    0    0  432  423  ] 
 ] 
