K : 150
I : 10
C : 15
INSTANCE : 4
PREFERENCES : [    0    3    1    4    0    0    5    2    0    0  
   0    4    2    0    3    0    1    0    5    0  
   0    3    0    0    0    2    0    4    1    5  
   4    3    0    2    0    0    0    5    1    0  
   2    0    5    4    0    0    1    0    3    0  
   0    0    4    5    1    3    0    0    0    2  
   2    0    1    3    4    0    5    0    0    0  
   1    0    0    2    5    3    4    0    0    0  
   0    2    0    0    1    0    0    3    5    4  
   0    3    0    5    2    1    0    0    0    4  
   0    0    4    1    3    5    0    0    0    2  
   0    0    0    1    0    0    3    2    5    4  
   1    0    0    5    3    2    4    0    0    0  
   0    2    5    0    4    0    1    3    0    0  
   0    0    1    0    3    0    4    0    5    2  
   2    3    0    0    5    0    0    1    4    0  
   0    0    0    3    5    4    0    2    1    0  
   3    1    5    2    0    0    0    0    4    0  
   0    2    0    0    0    4    3    5    1    0  
   0    4    0    1    2    0    3    5    0    0  
   5    0    2    0    0    4    3    0    1    0  
   0    4    0    1    0    5    0    0    3    2  
   0    4    0    1    0    5    2    3    0    0  
   5    0    0    4    3    0    1    2    0    0  
   0    5    3    0    0    2    1    0    0    4  
   5    0    0    3    1    0    2    0    0    4  
   0    3    0    2    4    0    5    0    0    1  
   0    5    4    0    0    3    0    1    2    0  
   5    0    1    3    0    0    4    0    0    2  
   2    0    0    0    3    0    1    4    5    0  
   1    2    4    0    0    0    0    0    3    5  
   4    0    0    0    1    0    2    0    5    3  
   0    0    4    1    2    5    3    0    0    0  
   0    5    0    0    2    3    1    0    4    0  
   2    1    0    5    0    4    0    0    0    3  
   2    0    3    0    4    0    5    0    0    1  
   0    0    0    0    4    0    3    5    1    2  
   0    0    0    0    0    3    1    5    4    2  
   0    3    0    1    0    5    4    0    2    0  
   3    0    0    2    5    0    0    4    1    0  
   3    0    5    4    0    0    2    0    0    1  
   3    0    0    1    5    0    2    0    4    0  
   4    0    5    2    1    0    0    3    0    0  
   0    3    4    5    0    0    0    2    0    1  
   0    3    0    0    1    2    0    5    0    4  
   0    0    3    1    5    0    0    0    2    4  
   5    0    2    3    0    0    4    0    1    0  
   4    0    5    0    3    0    0    0    1    2  
   0    0    0    3    0    5    4    1    0    2  
   0    2    4    3    0    1    0    0    5    0  
   2    4    5    1    0    0    0    0    0    3  
   0    1    5    2    0    0    3    0    0    4  
   4    5    0    0    0    3    0    1    2    0  
   5    0    3    2    1    0    0    0    0    4  
   0    0    0    1    3    2    4    5    0    0  
   4    0    3    2    0    0    1    5    0    0  
   0    1    2    0    3    0    5    4    0    0  
   0    0    0    0    0    1    4    5    3    2  
   0    5    1    0    0    4    0    0    3    2  
   1    0    0    2    0    3    0    5    4    0  
   2    0    0    0    3    4    0    5    0    1  
   0    3    0    4    2    5    0    0    0    1  
   0    0    5    0    4    3    0    1    2    0  
   0    0    1    5    0    2    4    0    0    3  
   1    0    0    0    0    4    3    2    0    5  
   4    0    3    0    0    2    0    1    0    5  
   1    5    0    0    2    4    0    3    0    0  
   1    2    3    0    5    0    0    0    4    0  
   2    0    0    0    5    4    1    0    3    0  
   1    0    4    3    2    0    0    0    5    0  
   4    0    0    0    0    5    1    3    2    0  
   0    0    0    0    2    5    0    1    4    3  
   4    0    0    3    5    1    0    0    2    0  
   0    3    5    2    0    1    4    0    0    0  
   0    1    3    2    0    0    4    0    0    5  
   4    0    2    0    3    0    0    5    0    1  
   0    0    5    0    2    3    0    0    4    1  
   0    0    4    3    0    1    0    0    5    2  
   4    3    2    0    0    0    1    0    5    0  
   0    3    0    1    0    4    0    2    5    0  
   4    5    0    0    2    0    1    3    0    0  
   3    0    4    0    0    5    2    1    0    0  
   0    4    5    2    0    1    3    0    0    0  
   0    5    0    2    3    0    1    0    0    4  
   0    0    4    2    0    0    1    3    5    0  
   1    0    5    0    0    3    0    2    0    4  
   2    0    4    3    1    0    0    5    0    0  
   0    0    2    0    5    0    3    4    1    0  
   0    4    0    5    2    0    1    0    0    3  
   4    2    0    0    0    0    1    3    5    0  
   0    0    5    0    1    4    3    0    2    0  
   0    2    0    4    1    0    5    0    0    3  
   5    1    4    0    0    0    2    0    3    0  
   0    5    0    0    0    1    3    4    2    0  
   0    0    3    2    1    0    0    4    0    5  
   0    0    5    0    2    1    0    0    4    3  
   0    0    1    4    3    0    0    5    0    2  
   0    4    0    2    0    1    5    0    0    3  
   2    5    4    3    1    0    0    0    0    0  
   0    0    0    1    5    0    2    3    0    4  
   0    0    1    4    0    5    2    0    3    0  
   3    4    1    0    0    0    0    5    0    2  
   0    1    3    0    5    0    0    0    2    4  
   0    2    1    0    0    5    0    4    0    3  
   0    0    3    4    0    0    1    5    2    0  
   0    4    3    0    1    2    0    0    5    0  
   1    0    0    0    0    3    5    0    4    2  
   0    0    0    3    4    2    0    0    5    1  
   0    0    1    2    3    5    0    4    0    0  
   1    2    0    0    0    0    5    4    3    0  
   1    2    0    4    3    5    0    0    0    0  
   0    0    4    1    3    5    2    0    0    0  
   0    0    0    4    5    3    1    2    0    0  
   4    0    3    0    0    0    1    2    5    0  
   3    0    4    1    2    0    0    5    0    0  
   3    1    0    4    5    0    0    2    0    0  
   5    4    0    0    0    0    0    2    3    1  
   3    4    2    0    0    0    0    5    1    0  
   0    4    2    1    0    0    0    3    5    0  
   0    4    0    1    0    0    3    5    0    2  
   2    0    0    0    4    0    0    1    3    5  
   2    1    5    3    0    0    0    4    0    0  
   0    0    3    5    1    0    0    0    2    4  
   0    0    1    0    0    5    2    4    0    3  
   0    0    1    2    0    3    4    5    0    0  
   0    0    4    2    1    0    3    0    0    5  
   0    0    0    0    1    5    0    3    4    2  
   3    0    0    0    1    4    5    2    0    0  
   0    5    2    0    0    0    1    0    4    3  
   0    5    0    0    1    3    0    0    4    2  
   0    1    0    0    4    5    0    0    3    2  
   0    1    3    0    0    0    5    2    0    4  
   3    1    4    0    0    0    2    0    0    5  
   0    0    5    0    0    2    3    1    4    0  
   1    0    0    0    3    0    2    0    4    5  
   0    2    1    0    5    0    0    4    3    0  
   5    0    0    0    0    4    2    3    0    1  
   0    0    0    3    2    5    0    1    0    4  
   0    5    0    3    1    0    2    4    0    0  
   0    0    2    5    4    0    0    0    1    3  
   2    5    0    0    1    0    3    0    4    0  
   3    4    0    2    1    0    0    0    0    5  
   0    2    5    0    1    3    4    0    0    0  
   1    0    5    0    2    4    0    0    0    3  
   2    1    3    4    0    5    0    0    0    0  
   0    0    5    1    2    4    0    0    3    0  
   3    0    0    2    0    4    1    0    0    5  
   0    4    3    0    1    0    0    2    5    0  
   1    0    5    0    4    0    2    0    3    0  
   0    2    3    0    0    5    1    4    0    0  ] 
RESERVATION PRICES : [    0    6    5    6    0    0    5    5    0    0  
   0   14   14    0   12    0   13    0   12    0  
   0   13    0    0    0   13    0   13   14   15  
  15   17    0   14    0    0    0   14   17    0  
  19    0   15   20    0    0   19    0   19    0  
   0    0   22   23   28   27    0    0    0   21  
  24    0   28   32   26    0   28    0    0    0  
  26    0    0   31   34   29   27    0    0    0  
   0   30    0    0   40    0    0   37   31   31  
   0   44    0   34   34   42    0    0    0   39  
   0    0   46   36   36   38    0    0    0   35  
   0    0    0   43    0    0   42   53   44   45  
  58    0    0   44   47   50   59    0    0    0  
   0   53   53    0   53    0   62   49    0    0  
   0    0   60    0   63    0   59    0   59   66  
  64   54    0    0   58    0    0   64   68    0  
   0    0    0   79   71   77    0   76   74    0  
  79   68   73   74    0    0    0    0   66    0  
   0   78    0    0    0   66   63   67   80    0  
   0   78    0   63   65    0   86   65    0    0  
  82    0   80    0    0   83   81    0   89    0  
   0   69    0   87    0   77    0    0   89   74  
   0   69    0   95    0   76   86   80    0    0  
  82    0    0   88   89    0   74   97    0    0  
   0  102   86    0    0   90   83    0    0   97  
  99    0    0   87   94    0   98    0    0  107  
   0  115    0  104  105    0   99    0    0   91  
   0  110  104    0    0  110    0   92  117    0  
 115    0  101  124    0    0  104    0    0  117  
 129    0    0    0  105    0  102  117  127    0  
 112  108  109    0    0    0    0    0  108  132  
 139    0    0    0  136    0  138    0  112  113  
   0    0  128  125  113  131  128    0    0    0  
   0  125    0    0  130  121  143    0  137    0  
 109  121    0  123    0  125    0    0    0  149  
 147    0  134    0  131    0  126    0    0  139  
   0    0    0    0  131    0  140  123  112  147  
   0    0    0    0    0  118  132  156  152  114  
   0  138    0  152    0  122  147    0  136    0  
 138    0    0  133  158    0    0  152  136    0  
 161    0  126  165    0    0  133    0    0  144  
 162    0    0  134  166    0  150    0  143    0  
 156    0  136  164  158    0    0  153    0    0  
   0  149  176  169    0    0    0  162    0  153  
   0  168    0    0  139  134    0  173    0  150  
   0    0  179  134  168    0    0    0  135  177  
 161    0  186  149    0    0  177    0  136    0  
 192    0  164    0  170    0    0    0  187  164  
   0    0    0  172    0  180  164  144    0  187  
   0  157  189  180    0  163    0    0  189    0  
 173  159  147  144    0    0    0    0    0  192  
   0  171  153  161    0    0  160    0    0  165  
 189  170    0    0    0  184    0  190  198    0  
 203    0  210  155  194    0    0    0    0  191  
   0    0    0  170  212  205  207  186    0    0  
 207    0  186  211    0    0  192  220    0    0  
   0  166  175    0  205    0  212  164    0    0  
   0    0    0    0    0  176  174  223  184  187  
   0  221  206    0    0  197    0    0  179  184  
 216    0    0  189    0  194    0  209  194    0  
 209    0    0    0  230  224    0  175    0  202  
   0  195    0  233  208  227    0    0    0  205  
   0    0  229    0  209  239    0  209  244    0  
   0    0  241  183    0  194  243    0    0  215  
 226    0    0    0    0  183  217  248    0  196  
 243    0  229    0    0  222    0  231    0  232  
 250  257    0    0  242  217    0  256    0    0  
 261  264  257    0  222    0    0    0  247    0  
 256    0    0    0  207  243  209    0  205    0  
 251    0  219  245  220    0    0    0  196    0  
 253    0    0    0    0  213  221  251  220    0  
   0    0    0    0  219  239    0  206  256  270  
 279    0    0  208  233  254    0    0  250    0  
   0  281  282  274    0  257  237    0    0    0  
   0  221  262  229    0    0  292    0    0  268  
 288    0  229    0  275    0    0  267    0  226  
   0    0  288    0  253  237    0    0  238  275  
   0    0  275  251    0  234    0    0  258  263  
 263  243  230    0    0    0  221    0  281    0  
   0  310    0  233    0  311    0  295  255    0  
 230  258    0    0  230    0  284  238    0    0  
 234    0  232    0    0  269  267  310    0    0  
   0  307  303  231    0  249  284    0    0    0  
   0  311    0  258  288    0  262    0    0  269  
   0    0  256  233    0    0  275  294  234    0  
 248    0  254    0    0  321    0  274    0  318  
 270    0  326  334  270    0    0  319    0    0  
   0    0  250    0  299    0  284  327  337    0  
   0  343    0  345  286    0  308    0    0  269  
 315  309    0    0    0    0  275  341  265    0  
   0    0  314    0  336  310  339    0  346    0  
   0  274    0  328  346    0  307    0    0  321  
 348  357  327    0    0    0  346    0  349    0  
   0  260    0    0    0  274  282  277  298    0  
   0    0  301  268  326    0    0  303    0  264  
   0    0  346    0  334  278    0    0  290  365  
   0    0  278  326  298    0    0  293    0  360  
   0  311    0  299    0  352  271    0    0  371  
 369  365  333  283  293    0    0    0    0    0  
   0    0    0  354  305    0  359  368    0  351  
   0    0  347  363    0  304  308    0  294    0  
 362  311  330    0    0    0    0  320    0  316  
   0  323  353    0  313    0    0    0  351  314  
   0  318  351    0    0  313    0  390    0  324  
   0    0  354  344    0    0  346  337  341    0  
   0  358  386    0  371  352    0    0  401    0  
 387    0    0    0    0  371  399    0  408  406  
   0    0    0  321  323  386    0    0  353  308  
   0    0  297  355  300  374    0  363    0    0  
 413  399    0    0    0    0  302  333  398    0  
 422  422    0  334  331  322    0    0    0    0  
   0    0  419  389  331  411  390    0    0    0  
   0    0    0  349  419  429  400  354    0    0  
 388    0  394    0    0    0  316  390  389    0  
 406    0  383  418  344    0    0  327    0    0  
 424  343    0  370  390    0    0  346    0    0  
 375  374    0    0    0    0    0  345  403  443  
 366  414  370    0    0    0    0  420  412    0  
   0  339  371  444    0    0    0  372  368    0  
   0  342    0  332    0    0  448  421    0  373  
 436    0    0    0  425    0    0  427  373  437  
 387  422  400  445    0    0    0  375    0    0  
   0    0  443  430  450    0    0    0  345  429  
   0    0  463    0    0  343  455  390    0  374  
   0    0  342  393    0  354  377  348    0    0  
   0    0  367  402  408    0  403    0    0  442  
   0    0    0    0  363  475    0  366  441  383  
 482    0    0    0  479  475  471  451    0    0  
   0  428  467    0    0    0  370    0  379  360  
   0  356    0    0  450  478    0    0  488  393  
   0  473    0    0  485  460    0    0  361  450  
   0  393  479    0    0    0  452  449    0  494  
 434  364  457    0    0    0  441    0    0  396  
   0    0  396    0    0  501  410  441  389    0  
 366    0    0    0  464    0  391    0  408  502  
   0  472  465    0  473    0    0  393  490    0  
 398    0    0    0    0  462  393  396    0  466  
   0    0    0  441  464  480    0  447    0  469  
   0  385    0  480  389    0  463  400    0    0  
   0    0  507  483  388    0    0    0  452  402  
 471  380    0    0  397    0  517    0  438    0  
 441  431    0  381  415    0    0    0    0  495  
   0  516  418    0  404  437  489    0    0    0  
 460    0  407    0  474  407    0    0    0  504  
 522  452  472  458    0  457    0    0    0    0  
   0    0  400  458  544  440    0    0  407    0  
 529    0    0  408    0  439  494    0    0  508  
   0  494  433    0  451    0    0  451  467    0  
 443    0  436    0  483    0  504    0  533    0  
   0  536  419    0    0  463  544  557    0    0  ] 
 ] 
