K : 75
I : 5
C : 12
INSTANCE : 1
PREFERENCES : [    0    2    1    3    0  
   2    3    1    0    0  
   2    0    1    3    0  
   2    0    3    1    0  
   1    0    3    0    2  
   0    0    3    2    1  
   0    0    2    1    3  
   2    0    1    3    0  
   2    3    0    0    1  
   1    0    0    2    3  
   0    2    1    3    0  
   1    0    3    2    0  
   3    1    0    2    0  
   1    2    0    3    0  
   0    0    3    1    2  
   1    0    3    0    2  
   1    0    2    0    3  
   0    1    2    0    3  
   0    2    3    1    0  
   1    2    3    0    0  
   3    1    0    2    0  
   0    2    3    1    0  
   2    0    1    0    3  
   2    1    3    0    0  
   1    0    2    3    0  
   0    0    1    3    2  
   1    3    0    0    2  
   2    0    1    3    0  
   1    0    2    3    0  
   3    0    0    1    2  
   0    0    3    1    2  
   0    3    1    2    0  
   0    3    0    1    2  
   0    3    2    1    0  
   0    1    3    2    0  
   2    0    1    3    0  
   0    1    0    3    2  
   0    3    2    1    0  
   3    0    1    2    0  
   0    2    3    0    1  
   1    0    0    3    2  
   0    1    0    2    3  
   0    1    2    3    0  
   0    0    2    1    3  
   1    2    3    0    0  
   0    2    0    1    3  
   0    1    3    2    0  
   0    2    1    0    3  
   0    1    0    3    2  
   1    2    0    0    3  
   0    2    1    0    3  
   0    3    1    0    2  
   0    1    3    2    0  
   1    2    0    3    0  
   0    1    3    0    2  
   0    3    0    1    2  
   3    1    2    0    0  
   3    0    0    2    1  
   3    1    0    0    2  
   2    0    0    3    1  
   2    3    1    0    0  
   1    2    3    0    0  
   3    0    1    2    0  
   0    3    1    2    0  
   2    0    1    3    0  
   1    2    3    0    0  
   1    0    2    0    3  
   1    2    0    3    0  
   3    0    0    2    1  
   0    1    3    2    0  
   0    0    3    1    2  
   0    3    2    1    0  
   0    1    3    0    2  
   1    3    0    0    2  
   0    1    2    0    3  ] 
RESERVATION PRICES : [    0    9    8    8    0  
  11    9   11    0    0  
  15    0   16   18    0  
  18    0   24   19    0  
  25    0   19    0   19  
   0    0   27   30   24  
   0    0   24   24   26  
  33    0   27   32    0  
  32   31    0    0   28  
  38    0    0   30   30  
   0   35   45   41    0  
  41    0   48   47    0  
  54   41    0   40    0  
  45   57    0   52    0  
   0    0   48   48   59  
  51    0   52    0   54  
  61    0   59    0   69  
   0   75   59    0   71  
   0   59   68   66    0  
  66   76   67    0    0  
  75   78    0   76    0  
   0   85   79   71    0  
  67    0   90    0   82  
  95   79   89    0    0  
  74    0   93   93    0  
   0    0   87   88   90  
 105   95    0    0  103  
  97    0  103  105    0  
  82    0   93  100    0  
  87    0    0  101   96  
   0    0   97  115   93  
   0  102  100  101    0  
   0  113    0  106   97  
   0  120   96  115    0  
   0  124  127  127    0  
  95    0  106  127    0  
   0  120    0  116   99  
   0  131  100  114    0  
 132    0  108  124    0  
   0  116  113    0  125  
 123    0    0  129  120  
   0  139    0  116  122  
   0  150  130  115    0  
   0    0  117  139  149  
 156  151  157    0    0  
   0  158    0  158  141  
   0  138  150  151    0  
   0  139  157    0  140  
   0  171    0  136  158  
 156  152    0    0  154  
   0  133  177    0  170  
   0  140  186    0  173  
   0  134  134  153    0  
 169  167    0  145    0  
   0  194  180    0  165  
   0  165    0  187  158  
 160  188  151    0    0  
 171    0    0  160  156  
 209  170    0    0  209  
 167    0    0  169  185  
 185  186  206    0    0  
 175  203  168    0    0  
 185    0  168  203    0  
   0  182  225  207    0  
 238    0  212  175    0  
 238  185  240    0    0  
 209    0  212    0  221  
 194  247    0  254    0  
 225    0    0  211  246  
   0  242  244  259    0  
   0    0  257  216  201  
   0  261  202  252    0  
   0  275  263    0  208  
 271  251    0    0  224  
   0  243  270    0  242  ] 
 ] 
