K : 125
I : 10
C : 20
INSTANCE : 3
PREFERENCES : [    0    0    4    3    1    5    0    0    2    0  
   1    2    0    0    0    0    4    5    3    0  
   0    0    2    5    1    3    0    0    4    0  
   0    0    0    1    0    4    2    3    0    5  
   0    5    0    0    4    0    2    1    0    3  
   1    0    0    0    2    4    3    5    0    0  
   0    2    4    0    0    0    1    5    0    3  
   0    0    3    0    4    0    5    0    1    2  
   3    0    4    1    0    0    0    5    2    0  
   3    0    0    2    0    5    1    0    0    4  
   2    0    0    0    4    1    5    0    0    3  
   0    1    0    4    0    5    0    2    3    0  
   0    0    0    3    5    1    2    0    0    4  
   0    1    5    0    0    0    4    0    2    3  
   4    1    2    0    5    0    0    0    3    0  
   2    3    0    0    5    0    0    4    0    1  
   0    2    0    4    3    5    1    0    0    0  
   0    0    2    3    0    5    0    4    1    0  
   0    0    0    5    0    0    4    2    1    3  
   0    0    1    4    3    2    5    0    0    0  
   5    1    3    0    2    0    4    0    0    0  
   4    5    0    0    0    0    1    2    0    3  
   4    2    0    5    0    0    3    0    0    1  
   0    0    0    4    1    2    5    0    3    0  
   4    0    0    2    5    3    0    0    1    0  
   0    1    5    0    0    3    4    2    0    0  
   0    0    2    4    0    5    0    3    1    0  
   2    0    0    0    1    5    0    0    3    4  
   0    5    2    0    0    3    1    4    0    0  
   0    0    0    3    1    2    5    0    0    4  
   0    5    0    1    0    2    4    0    3    0  
   4    2    0    0    1    5    0    0    3    0  
   3    4    0    2    0    5    1    0    0    0  
   0    2    0    1    4    0    5    3    0    0  
   0    1    4    0    0    0    5    2    0    3  
   0    0    3    2    0    0    5    1    0    4  
   1    0    0    0    2    5    3    0    0    4  
   0    0    4    1    0    3    2    0    5    0  
   0    3    0    0    2    1    4    5    0    0  
   4    5    0    0    0    2    0    0    1    3  
   0    4    5    2    0    0    3    0    1    0  
   0    0    2    0    4    1    5    0    0    3  
   0    2    1    5    3    0    0    0    0    4  
   4    3    0    0    1    5    2    0    0    0  
   0    0    3    5    2    0    0    4    0    1  
   1    4    5    2    0    0    0    0    0    3  
   0    0    0    4    0    3    0    1    5    2  
   0    2    0    0    3    1    4    0    0    5  
   0    0    5    2    1    0    0    4    0    3  
   0    0    0    0    1    2    0    4    3    5  
   0    2    0    1    0    0    4    3    5    0  
   0    2    0    0    4    0    5    1    3    0  
   5    3    0    0    4    2    0    0    0    1  
   0    5    0    3    0    1    0    0    4    2  
   1    3    0    2    4    5    0    0    0    0  
   0    2    5    0    0    4    3    0    1    0  
   0    4    0    0    1    0    5    3    0    2  
   0    3    5    0    0    1    0    4    2    0  
   0    0    4    0    0    3    5    2    0    1  
   1    5    0    0    2    0    4    0    0    3  
   3    0    0    4    0    0    2    1    0    5  
   4    2    1    0    0    0    3    5    0    0  
   0    0    5    4    2    1    0    0    3    0  
   0    3    4    1    0    5    0    0    2    0  
   0    5    0    0    0    4    2    0    3    1  
   4    0    2    0    1    0    0    0    3    5  
   2    1    0    0    3    4    5    0    0    0  
   0    5    2    0    3    0    4    1    0    0  
   0    0    4    0    3    2    0    1    5    0  
   0    0    0    2    0    0    4    5    3    1  
   1    0    5    0    0    0    3    4    2    0  
   0    0    0    3    4    0    0    1    2    5  
   3    1    2    0    4    0    0    0    0    5  
   4    0    0    5    0    0    1    2    3    0  
   0    1    4    0    3    2    0    5    0    0  
   0    2    3    1    5    4    0    0    0    0  
   0    0    0    3    0    0    4    1    2    5  
   0    2    4    0    1    3    0    0    0    5  
   0    5    0    4    0    0    3    1    0    2  
   3    0    0    5    1    0    2    4    0    0  
   2    0    4    5    1    3    0    0    0    0  
   2    1    0    0    3    0    0    0    4    5  
   5    4    0    2    3    0    1    0    0    0  
   0    4    0    0    3    1    0    5    0    2  
   0    3    5    0    4    2    0    0    1    0  
   0    0    0    5    0    3    4    0    1    2  
   3    4    0    0    2    0    5    0    1    0  
   1    0    0    0    0    4    2    3    5    0  
   1    5    0    0    2    0    0    0    3    4  
   0    1    4    0    2    5    0    0    3    0  
   4    3    1    0    0    5    0    0    2    0  
   0    4    0    0    0    2    1    5    0    3  
   0    0    1    3    0    5    0    0    2    4  
   2    0    0    1    0    3    4    5    0    0  
   1    5    0    4    2    0    0    3    0    0  
   0    4    2    5    3    0    0    0    0    1  
   0    0    4    0    1    3    5    0    0    2  
   2    5    4    0    3    1    0    0    0    0  
   0    5    2    0    4    0    1    3    0    0  
   2    3    0    5    0    0    0    4    1    0  
   4    0    0    2    0    1    5    0    0    3  
   2    4    0    0    0    0    1    0    5    3  
   5    0    3    2    0    0    0    4    0    1  
   0    0    5    2    1    0    4    0    0    3  
   0    0    5    2    0    0    1    4    3    0  
   0    0    4    0    0    1    2    0    3    5  
   0    4    3    0    2    0    5    0    1    0  
   0    0    0    2    0    3    4    5    1    0  
   0    4    0    0    0    0    3    2    1    5  
   4    0    0    3    5    0    0    1    2    0  
   4    0    3    1    0    0    5    2    0    0  
   4    3    1    0    5    0    0    0    0    2  
   5    1    0    0    0    2    4    3    0    0  
   0    5    0    3    0    4    0    2    0    1  
   0    0    2    0    5    0    4    3    1    0  
   0    0    4    1    0    5    3    2    0    0  
   1    5    3    0    0    4    0    0    0    2  
   3    2    5    4    0    0    0    0    1    0  
   0    1    5    3    0    0    0    0    2    4  
   0    0    1    0    2    0    3    0    4    5  
   1    0    0    5    2    0    3    4    0    0  
   4    0    2    3    1    0    0    0    5    0  
   0    2    0    0    4    0    1    5    0    3  
   1    0    2    3    0    0    0    5    0    4  
   3    0    4    0    0    2    0    1    5    0  ] 
RESERVATION PRICES : [    0    0    7    8    9    8    0    0    7    0  
  13   12    0    0    0    0   12   12   14    0  
   0    0   12   13   15   13    0    0   16    0  
   0    0    0   19    0   17   16   20    0   17  
   0   19    0    0   23    0   25   24    0   19  
  27    0    0    0   31   31   32   25    0    0  
   0   28   29    0    0    0   28   29    0   34  
   0    0   34    0   29    0   29    0   31   37  
  41    0   31   42    0    0    0   32   41    0  
  42    0    0   45    0   47   43    0    0   47  
  46    0    0    0   37   39   38    0    0   48  
   0   53    0   42    0   42    0   39   51    0  
   0    0    0   58   53   55   52    0    0   46  
   0   54   48    0    0    0   58    0   47   54  
  50   50   60    0   59    0    0    0   52    0  
  56   56    0    0   65    0    0   52    0   62  
   0   70    0   60   60   70   65    0    0    0  
   0    0   64   69    0   67    0   64   68    0  
   0    0    0   60    0    0   64   66   80   77  
   0    0   74   65   76   70   65    0    0    0  
  68   88   77    0   71    0   70    0    0    0  
  94   69    0    0    0    0   71   74    0   91  
  73   81    0   84    0    0   77    0    0   85  
   0    0    0   91   95   95   89    0   81    0  
 106    0    0   99  101   90    0    0   82    0  
   0   83   94    0    0  108   93   99    0    0  
   0    0   98  115    0  103    0   98  119    0  
  92    0    0    0  117   93    0    0  115  101  
   0  113  125    0    0  120  122  122    0    0  
   0    0    0  109  131  136  133    0    0  103  
   0  139    0  112    0  113  117    0  111    0  
 104  110    0    0  121  126    0    0  122    0  
 113  117    0  109    0  117  104    0    0    0  
   0  133    0  145  134    0  128  131    0    0  
   0  153  111    0    0    0  154  131    0  112  
   0    0  144  148    0    0  115  128    0  137  
 134    0    0    0  153  119  132    0    0  129  
   0    0  135  122    0  156  118    0  148    0  
   0  161    0    0  148  162  134  135    0    0  
 139  139    0    0    0  130    0    0  147  134  
   0  130  132  150    0    0  164    0  157    0  
   0    0  148    0  160  168  155    0    0  131  
   0  142  159  157  158    0    0    0    0  159  
 139  146    0    0  172  141  140    0    0    0  
   0    0  178  147  185    0    0  166    0  180  
 172  171  152  140    0    0    0    0    0  161  
   0    0    0  198    0  196    0  193  172  163  
   0  178    0    0  168  150  145    0    0  199  
   0    0  156  192  145    0    0  172    0  158  
   0    0    0    0  197  148    0  150  180  197  
   0  158    0  198    0    0  178  170  155    0  
   0  198    0    0  177    0  160  177  178    0  
 209  192    0    0  175  159    0    0    0  192  
   0  169    0  195    0  156    0    0  186  160  
 214  161    0  170  168  180    0    0    0    0  
   0  212  212    0    0  193  172    0  219    0  
   0  184    0    0  157    0  191  213    0  202  
   0  177  166    0    0  210    0  221  165    0  
   0    0  217    0    0  209  219  164    0  189  
 192  180    0    0  224    0  197    0    0  223  
 236    0    0  184    0    0  193  193    0  210  
 217  183  189    0    0    0  217  197    0    0  
   0    0  214  195  208  210    0    0  223    0  
   0  222  196  201    0  240    0    0  217    0  
   0  223    0    0    0  247  224    0  251  216  
 214    0  232    0  252    0    0    0  213  232  
 203  218    0    0  238  250  230    0    0    0  
   0  249  260    0  220    0  235  218    0    0  
   0    0  248    0  244  252    0  213  275    0  
   0    0    0  233    0    0  263  270  199  206  
 204    0  219    0    0    0  234  241  227    0  
   0    0    0  253  263    0    0  253  255  217  
 273  281  247    0  241    0    0    0    0  237  
 233    0    0  265    0    0  241  235  249    0  
   0  251  282    0  282  242    0  218    0    0  
   0  254  226  279  239  248    0    0    0    0  
   0    0    0  292    0    0  217  274  262  233  
   0  253  237    0  235  291    0    0    0  277  
   0  273    0  276    0    0  252  281    0  262  
 240    0    0  307  286    0  277  226    0    0  
 259    0  302  303  277  268    0    0    0    0  
 263  243    0    0  254    0    0    0  270  281  
 265  303    0  269  239    0  280    0    0    0  
   0  313    0    0  285  296    0  269    0  240  
   0  246  257    0  270  256    0    0  318    0  
   0    0    0  262    0  252  271    0  306  305  
 249  281    0    0  333    0  326    0  330    0  
 285    0    0    0    0  279  339  307  257    0  
 328  315    0    0  288    0    0    0  296  307  
   0  247  275    0  315  292    0    0  291    0  
 296  344  300    0    0  279    0    0  314    0  
   0  354    0    0    0  274  258  280    0  291  
   0    0  318  303    0  349    0    0  277  264  
 271    0    0  352    0  325  301  310    0    0  
 308  263    0  324  323    0    0  315    0    0  
   0  335  278  353  333    0    0    0    0  314  
   0    0  281    0  330  333  295    0    0  373  
 314  282  286    0  312  316    0    0    0    0  
   0  373  301    0  339    0  361  359    0    0  
 308  342    0  309    0    0    0  362  369    0  
 337    0    0  298    0  344  375    0    0  359  
 286  385    0    0    0    0  329    0  309  306  
 326    0  332  379    0    0    0  319    0  360  
   0    0  350  329  323    0  362    0    0  363  
   0    0  350  390    0    0  329  370  312    0  
   0    0  312    0    0  340  322    0  297  307  
   0  355  332    0  336    0  393    0  304    0  
   0    0    0  406    0  386  387  334  293    0  
   0  371    0    0    0    0  398  347  368  307  
 326    0    0  377  317    0    0  336  410    0  
 326    0  307  402    0    0  406  392    0    0  
 309  382  405    0  422    0    0    0    0  395  
 345  336    0    0    0  365  356  376    0    0  
   0  345    0  312    0  365    0  372    0  380  
   0    0  354    0  357    0  414  380  394    0  
   0    0  410  400    0  415  400  377    0    0  
 318  376  399    0    0  344    0    0    0  354  
 400  415  439  374    0    0    0    0  342    0  
   0  431  386  405    0    0    0    0  430  357  
   0    0  386    0  375    0  398    0  356  400  
 431    0    0  337  376    0  413  331    0    0  
 456    0  419  346  353    0    0    0  411    0  
   0  358    0    0  458    0  466  451    0  381  
 346    0  439  401    0    0    0  364    0  379  
 410    0  410    0    0  390    0  464  435    0  ] 
 ] 
