K : 125
I : 5
C : 13
INSTANCE : 2
PREFERENCES : [    0    2    0    3    1  
   3    1    2    0    0  
   3    1    0    2    0  
   2    0    0    3    1  
   0    1    0    2    3  
   1    2    0    0    3  
   2    0    0    1    3  
   2    0    3    0    1  
   2    0    1    0    3  
   0    2    1    3    0  
   0    1    2    0    3  
   3    1    2    0    0  
   1    0    2    0    3  
   3    1    0    2    0  
   2    1    0    3    0  
   2    1    0    3    0  
   0    2    0    3    1  
   0    2    0    1    3  
   1    0    0    2    3  
   2    1    3    0    0  
   2    1    0    0    3  
   0    3    0    1    2  
   3    0    1    2    0  
   0    1    0    3    2  
   1    0    3    2    0  
   0    3    0    1    2  
   1    3    0    2    0  
   1    0    2    0    3  
   0    0    3    2    1  
   0    2    3    1    0  
   1    0    2    0    3  
   2    0    1    0    3  
   0    0    1    2    3  
   0    3    0    1    2  
   3    2    0    0    1  
   0    1    3    2    0  
   0    0    2    3    1  
   0    0    2    1    3  
   0    0    3    2    1  
   3    0    1    2    0  
   1    0    0    2    3  
   0    2    1    0    3  
   0    3    1    0    2  
   1    0    3    0    2  
   0    1    3    0    2  
   1    3    0    2    0  
   3    0    2    1    0  
   0    0    1    2    3  
   2    0    3    0    1  
   3    0    2    0    1  
   2    0    3    1    0  
   0    1    3    2    0  
   2    0    0    3    1  
   2    0    0    1    3  
   0    1    2    3    0  
   3    0    2    1    0  
   1    0    0    2    3  
   0    1    0    2    3  
   0    3    1    2    0  
   0    0    1    2    3  
   1    3    2    0    0  
   3    1    2    0    0  
   2    0    1    3    0  
   1    0    0    2    3  
   0    1    3    2    0  
   0    2    0    3    1  
   0    2    1    3    0  
   3    0    1    0    2  
   0    0    1    3    2  
   3    0    1    2    0  
   0    1    2    0    3  
   2    0    1    0    3  
   0    2    3    0    1  
   0    3    2    0    1  
   3    1    2    0    0  
   2    1    0    3    0  
   1    0    2    3    0  
   0    2    0    3    1  
   1    2    0    3    0  
   3    0    0    2    1  
   2    0    0    3    1  
   3    0    0    1    2  
   1    0    2    0    3  
   1    2    0    3    0  
   1    0    2    0    3  
   2    1    3    0    0  
   2    0    1    0    3  
   0    1    0    3    2  
   1    0    0    3    2  
   3    0    2    1    0  
   1    0    3    2    0  
   3    0    1    0    2  
   0    2    3    0    1  
   0    2    3    0    1  
   0    0    3    1    2  
   2    3    0    1    0  
   3    2    0    1    0  
   0    2    0    1    3  
   1    0    2    0    3  
   0    2    0    3    1  
   0    3    1    2    0  
   0    2    3    0    1  
   2    3    0    0    1  
   0    3    2    0    1  
   0    0    1    3    2  
   1    0    3    2    0  
   2    1    3    0    0  
   3    0    0    2    1  
   0    2    0    1    3  
   1    0    3    2    0  
   2    3    0    1    0  
   3    0    2    1    0  
   2    0    0    3    1  
   0    2    0    3    1  
   0    2    1    3    0  
   3    0    0    1    2  
   3    2    0    0    1  
   1    2    0    0    3  
   3    0    2    0    1  
   0    2    3    1    0  
   0    0    3    1    2  
   0    1    0    2    3  
   1    0    0    3    2  
   0    0    3    2    1  
   2    1    3    0    0  ] 
RESERVATION PRICES : [    0    6    0    6    6  
  12   13   10    0    0  
  14   15    0   19    0  
  20    0    0   17   19  
   0   26    0   20   21  
  24   31    0    0   29  
  28    0    0   29   34  
  28    0   31    0   38  
  36    0   31    0   31  
   0   45   40   38    0  
   0   40   41    0   41  
  44   43   52    0    0  
  56    0   56    0   48  
  50   58    0   44    0  
  54   51    0   47    0  
  50   58    0   55    0  
   0   55    0   70   62  
   0   64    0   71   55  
  58    0    0   69   74  
  75   78   58    0    0  
  69   75    0    0   80  
   0   74    0   74   69  
  94    0   79   88    0  
   0   90    0   88   92  
  96    0   92   97    0  
   0  100    0   80   82  
  80   88    0   91    0  
  95    0   91    0  100  
   0    0  105  100   87  
   0   86   87  114    0  
 100    0  117    0  101  
 109    0   96    0   89  
   0    0  102   96  111  
   0   97    0  105  110  
 131  102    0    0  131  
   0  107  111  134    0  
   0    0  117  102  100  
   0    0  112  142  112  
   0    0  120  141  141  
 122    0  114  139    0  
 118    0    0  153  128  
   0  133  121    0  142  
   0  157  123    0  138  
 165    0  153    0  144  
   0  143  149    0  142  
 139  145    0  151    0  
 176    0  170  131    0  
   0    0  134  144  178  
 178    0  179    0  162  
 184    0  152    0  150  
 172    0  200  199    0  
   0  154  165  170    0  
 166    0    0  188  149  
 170    0    0  206  175  
   0  189  158  178    0  
 203    0  188  208    0  
 186    0    0  179  211  
   0  186    0  198  218  
   0  195  220  203    0  
   0    0  228  193  219  
 185  225  188    0    0  
 226  211  175    0    0  
 225    0  197  201    0  
 181    0    0  181  198  
   0  231  208  215    0  
   0  246    0  205  184  
   0  250  224  254    0  
 259    0  250    0  193  
   0    0  254  235  232  
 214    0  258  197    0  
   0  205  216    0  241  
 226    0  224    0  274  
   0  234  216    0  271  
   0  278  258    0  262  
 278  236  286    0    0  
 262  237    0  226    0  
 222    0  279  220    0  
   0  225    0  283  238  
 259  257    0  265    0  
 240    0    0  256  253  
 222    0    0  284  260  
 270    0    0  223  267  
 235    0  280    0  272  
 307  236    0  270    0  
 239    0  229    0  294  
 276  255  313    0    0  
 237    0  246    0  278  
   0  315    0  249  288  
 325    0    0  287  281  
 246    0  269  294    0  
 309    0  277  275    0  
 281    0  270    0  334  
   0  282  299    0  308  
   0  281  267    0  300  
   0    0  295  319  254  
 281  291    0  288    0  
 348  294    0  291    0  
   0  353    0  309  343  
 339    0  309    0  352  
   0  312    0  320  317  
   0  364  308  354    0  
   0  313  381    0  363  
 357  338    0    0  298  
   0  378  287    0  299  
   0    0  393  314  376  
 402    0  308  361    0  
 405  372  317    0    0  
 295    0    0  324  389  
   0  315    0  306  317  
 375    0  368  346    0  
 391  354    0  308    0  
 341    0  425  305    0  
 361    0    0  404  323  
   0  365    0  424  310  
   0  328  363  403    0  
 403    0    0  424  408  
 424  401    0    0  370  
 349  341    0    0  385  
 366    0  323    0  414  
   0  419  427  358    0  
   0    0  378  429  364  
   0  380    0  448  342  
 330    0    0  457  455  
   0    0  363  336  401  
 386  384  397    0    0  ] 
 ] 
