K : 100
I : 5
C : 20
INSTANCE : 3
PREFERENCES : [    2    0    1    3    0  
   3    2    0    0    1  
   2    1    0    0    3  
   0    1    0    2    3  
   2    3    0    1    0  
   3    2    0    1    0  
   0    2    3    1    0  
   0    0    1    2    3  
   3    0    0    2    1  
   0    1    0    2    3  
   0    0    2    3    1  
   0    2    3    1    0  
   0    2    3    0    1  
   3    0    0    1    2  
   2    0    0    1    3  
   0    1    0    3    2  
   3    2    1    0    0  
   0    0    3    1    2  
   0    2    0    1    3  
   3    0    0    2    1  
   0    0    3    2    1  
   1    2    0    3    0  
   0    1    0    2    3  
   0    0    1    2    3  
   0    0    2    3    1  
   0    1    3    0    2  
   1    3    2    0    0  
   1    3    0    2    0  
   3    0    0    1    2  
   0    0    2    1    3  
   1    3    2    0    0  
   0    3    1    2    0  
   1    3    0    0    2  
   1    2    0    3    0  
   2    0    1    0    3  
   1    0    2    0    3  
   0    2    3    1    0  
   3    2    1    0    0  
   3    0    2    1    0  
   0    2    3    1    0  
   0    2    1    0    3  
   1    0    3    2    0  
   0    1    0    2    3  
   1    2    0    3    0  
   2    0    0    1    3  
   3    2    0    0    1  
   0    0    1    2    3  
   2    1    3    0    0  
   3    1    2    0    0  
   0    3    0    1    2  
   2    0    3    0    1  
   3    1    0    2    0  
   2    3    1    0    0  
   3    2    1    0    0  
   0    3    2    0    1  
   0    3    1    2    0  
   2    1    0    3    0  
   2    0    3    1    0  
   0    0    1    2    3  
   0    3    2    0    1  
   1    0    0    2    3  
   1    3    0    0    2  
   0    0    2    1    3  
   0    0    2    1    3  
   3    1    0    2    0  
   1    2    0    0    3  
   0    1    2    3    0  
   0    1    0    2    3  
   2    0    3    1    0  
   0    0    3    2    1  
   1    0    3    0    2  
   1    0    3    0    2  
   0    1    3    0    2  
   3    0    0    2    1  
   0    0    1    2    3  
   1    3    0    2    0  
   1    3    0    0    2  
   2    1    0    0    3  
   3    1    0    0    2  
   0    1    2    3    0  
   2    0    3    1    0  
   0    2    3    0    1  
   0    0    2    1    3  
   0    1    3    0    2  
   2    0    1    3    0  
   2    3    1    0    0  
   0    1    2    3    0  
   0    2    0    1    3  
   2    0    1    3    0  
   1    0    0    3    2  
   3    1    0    2    0  
   2    0    3    0    1  
   3    2    0    0    1  
   2    0    1    0    3  
   3    0    2    0    1  
   2    0    0    1    3  
   3    2    0    1    0  
   0    0    3    1    2  
   3    0    1    0    2  
   0    1    0    3    2  ] 
RESERVATION PRICES : [    6    0    5    6    0  
   6    6    0    0    5  
  11   10    0    0    9  
   0   18    0   14   16  
  16   18    0   14    0  
  15   15    0   14    0  
   0   16   19   18    0  
   0    0   23   27   23  
  28    0    0   25   24  
   0   38    0   36   31  
   0    0   30   37   32  
   0   36   29   30    0  
   0   40   35    0   42  
  40    0    0   40   45  
  51    0    0   53   44  
   0   47    0   51   50  
  44   52   56    0    0  
   0    0   49   51   53  
   0   51    0   56   66  
  69    0    0   68   67  
   0    0   59   53   59  
  57   59    0   70    0  
   0   59    0   76   75  
   0    0   75   80   81  
   0    0   80   73   74  
   0   73   76    0   83  
  86   80   83    0    0  
  71   79    0   71    0  
  96    0    0   78   90  
   0    0   94   86   95  
  83   86  102    0    0  
   0   86   86  113    0  
 100   93    0    0   99  
 125  103    0   92    0  
 100    0  123    0  121  
  92    0  105    0  121  
   0  130  124  124    0  
 111  110  129    0    0  
 104    0  138  135    0  
   0  102  104  134    0  
   0  119  127    0  122  
 109    0  130  127    0  
   0  146    0  131  128  
 153  114    0  149    0  
 130    0    0  113  145  
 134  162    0    0  132  
   0    0  140  118  128  
 158  152  166    0    0  
 125  158  134    0    0  
   0  137    0  126  142  
 137    0  169    0  163  
 151  135    0  163    0  
 134  162  151    0    0  
 164  176  158    0    0  
   0  159  134    0  160  
   0  156  150  177    0  
 150  156    0  158    0  
 165    0  142  187    0  
   0    0  169  185  188  
   0  188  206    0  195  
 161    0    0  200  201  
 163  209    0    0  192  
   0    0  199  191  165  
   0    0  193  219  175  
 198  198    0  169    0  
 215  180    0    0  192  
   0  232  227  237    0  
   0  218    0  246  231  
 240    0  249  220    0  
   0    0  194  219  242  
 218    0  248    0  247  
 256    0  248    0  246  
   0  229  240    0  265  
 246    0    0  262  249  
   0    0  209  217  211  
 227  219    0  246    0  
 241  227    0    0  219  
 258  221    0    0  236  
 234  223    0    0  230  
   0  295  223  217    0  
 254    0  242  274    0  
   0  265  265    0  240  
   0    0  231  249  305  
   0  279  259    0  282  
 297    0  307  258    0  
 305  247  314    0    0  
   0  274  314  279    0  
   0  288    0  252  286  
 248    0  255  261    0  
 331    0    0  241  252  
 329  309    0  325    0  
 252    0  328    0  306  
 337  312    0    0  253  
 270    0  293    0  267  
 307    0  295    0  339  
 328    0    0  301  329  
 317  336    0  348    0  
   0    0  284  271  287  
 362    0  270    0  326  
   0  345    0  305  281  ] 
 ] 
