K : 75
I : 5
C : 12
INSTANCE : 2
PREFERENCES : [    1    0    3    0    2  
   0    1    0    2    3  
   2    0    3    0    1  
   2    3    0    0    1  
   2    3    0    1    0  
   3    0    0    2    1  
   0    3    0    1    2  
   2    3    0    0    1  
   1    0    3    2    0  
   0    1    0    2    3  
   0    1    0    2    3  
   0    3    1    2    0  
   3    0    1    2    0  
   3    1    2    0    0  
   3    0    0    2    1  
   0    0    2    3    1  
   1    0    2    3    0  
   2    1    0    3    0  
   3    0    0    1    2  
   1    0    2    0    3  
   0    1    0    3    2  
   1    0    0    2    3  
   3    1    2    0    0  
   0    3    2    0    1  
   2    0    3    1    0  
   0    0    3    1    2  
   2    0    0    1    3  
   1    0    3    2    0  
   2    0    1    3    0  
   2    3    0    1    0  
   0    1    3    0    2  
   0    3    2    0    1  
   0    1    0    2    3  
   0    3    2    0    1  
   2    3    1    0    0  
   3    2    1    0    0  
   1    2    3    0    0  
   0    1    2    3    0  
   3    1    2    0    0  
   0    0    3    1    2  
   2    3    0    1    0  
   0    3    0    1    2  
   3    0    1    2    0  
   1    2    3    0    0  
   2    3    0    0    1  
   0    0    3    1    2  
   0    0    2    1    3  
   3    1    0    0    2  
   0    0    2    1    3  
   1    3    2    0    0  
   2    3    0    1    0  
   3    2    0    0    1  
   0    1    0    2    3  
   1    0    3    0    2  
   0    1    0    2    3  
   3    0    2    0    1  
   0    3    2    1    0  
   2    3    1    0    0  
   1    0    2    3    0  
   0    0    2    3    1  
   1    3    0    0    2  
   0    3    1    0    2  
   1    0    2    3    0  
   2    0    1    0    3  
   0    3    0    2    1  
   2    3    1    0    0  
   0    0    1    2    3  
   0    2    0    3    1  
   0    0    1    2    3  
   3    1    0    0    2  
   2    1    3    0    0  
   0    0    3    1    2  
   1    3    0    2    0  
   1    0    0    3    2  
   1    0    3    2    0  ] 
RESERVATION PRICES : [    6    0    6    0    5  
   0   10    0   11    9  
  10    0   11    0    9  
  15   17    0    0   15  
  21   19    0   19    0  
  20    0    0   26   23  
   0   28    0   26   27  
  22   28    0    0   30  
  26    0   31   35    0  
   0   30    0   33   39  
   0   46    0   42   40  
   0   36   37   39    0  
  55    0   46   49    0  
  46   51   61    0    0  
  59    0    0   56   45  
   0    0   48   59   61  
  54    0   56   52    0  
  67   64    0   53    0  
  70    0    0   64   65  
  62    0   59    0   61  
   0   82    0   65   81  
  74    0    0   65   85  
  88   97   77    0    0  
   0   80   92    0   91  
  84    0   98  100    0  
   0    0  108   93   92  
  91    0    0  106  106  
  91    0  104  102    0  
 118    0  108  112    0  
 108   98    0   92    0  
   0  104  120    0   91  
   0  127  108    0  112  
   0  134    0  105  136  
   0  120  128    0  133  
 123  122  128    0    0  
 132  110  124    0    0  
 128  148  152    0    0  
   0  130  157  130    0  
 116  148  156    0    0  
   0    0  142  140  133  
 140  135    0  161    0  
   0  159    0  145  132  
 165    0  162  143    0  
 146  141  165    0    0  
 129  176    0    0  137  
   0    0  183  146  185  
   0    0  169  148  187  
 195  188    0    0  163  
   0    0  193  187  180  
 197  148  170    0    0  
 146  160    0  171    0  
 177  193    0    0  202  
   0  207    0  157  172  
 173    0  173    0  176  
   0  182    0  198  191  
 188    0  163    0  199  
   0  218  179  205    0  
 176  221  172    0    0  
 174    0  184  204    0  
   0    0  181  205  183  
 227  198    0    0  221  
   0  172  221    0  191  
 212    0  236  222    0  
 244    0  179    0  216  
   0  239    0  238  228  
 187  200  214    0    0  
   0    0  243  250  192  
   0  247    0  231  252  
   0    0  214  203  219  
 261  220    0    0  231  
 223  209  223    0    0  
   0    0  247  226  256  
 215  279    0  268    0  
 217    0    0  221  263  
 260    0  223  247    0  ] 
 ] 
