K : 125
I : 5
C : 5
INSTANCE : 1
PREFERENCES : [    0    0    1    2    3  
   2    0    3    1    0  
   2    0    0    3    1  
   2    0    1    3    0  
   0    0    2    1    3  
   0    1    3    2    0  
   0    0    3    2    1  
   3    1    2    0    0  
   3    0    1    0    2  
   0    2    3    1    0  
   0    1    2    0    3  
   0    3    2    0    1  
   0    0    2    3    1  
   1    0    2    0    3  
   3    0    2    0    1  
   0    0    2    1    3  
   3    1    2    0    0  
   0    3    1    2    0  
   3    0    0    2    1  
   3    1    0    2    0  
   3    2    0    0    1  
   1    0    0    3    2  
   0    2    0    3    1  
   3    1    0    2    0  
   1    3    2    0    0  
   0    3    2    0    1  
   0    1    0    3    2  
   0    1    2    0    3  
   1    3    0    0    2  
   0    1    3    2    0  
   0    1    2    0    3  
   3    1    2    0    0  
   3    1    0    0    2  
   2    0    3    0    1  
   2    3    0    1    0  
   1    2    0    3    0  
   0    1    3    0    2  
   0    0    3    2    1  
   0    0    1    3    2  
   3    0    2    1    0  
   0    0    3    1    2  
   0    3    2    1    0  
   0    0    2    3    1  
   3    2    0    0    1  
   0    0    1    3    2  
   1    2    3    0    0  
   3    0    0    2    1  
   1    3    0    2    0  
   0    2    0    3    1  
   1    0    0    2    3  
   2    0    1    0    3  
   0    1    2    3    0  
   2    3    0    1    0  
   0    0    2    3    1  
   1    0    0    3    2  
   3    0    2    1    0  
   0    1    2    0    3  
   0    1    0    3    2  
   0    1    3    0    2  
   2    3    0    1    0  
   0    2    3    1    0  
   0    0    1    3    2  
   1    2    3    0    0  
   1    3    0    0    2  
   1    2    0    3    0  
   1    3    2    0    0  
   0    2    1    0    3  
   0    0    1    3    2  
   0    0    1    2    3  
   1    0    3    2    0  
   1    2    0    3    0  
   0    1    3    0    2  
   0    2    3    0    1  
   0    3    0    1    2  
   3    2    0    1    0  
   0    3    1    0    2  
   3    2    1    0    0  
   0    0    3    1    2  
   2    1    0    3    0  
   2    3    1    0    0  
   1    2    0    3    0  
   2    1    0    0    3  
   3    1    2    0    0  
   3    0    0    2    1  
   3    2    0    1    0  
   0    2    3    0    1  
   1    2    0    3    0  
   3    0    1    2    0  
   0    2    3    1    0  
   0    1    2    0    3  
   2    0    0    1    3  
   0    1    3    0    2  
   0    2    0    1    3  
   3    1    2    0    0  
   0    3    0    1    2  
   2    1    0    0    3  
   2    1    0    3    0  
   0    2    0    1    3  
   2    3    0    1    0  
   3    0    2    1    0  
   2    0    0    3    1  
   0    0    1    2    3  
   1    0    3    0    2  
   2    3    0    0    1  
   0    1    0    2    3  
   0    2    3    0    1  
   1    0    2    3    0  
   2    1    3    0    0  
   0    0    3    1    2  
   3    1    2    0    0  
   3    2    0    1    0  
   0    3    1    0    2  
   3    1    0    2    0  
   3    2    1    0    0  
   2    1    3    0    0  
   0    3    0    2    1  
   0    0    2    3    1  
   2    1    0    0    3  
   1    3    2    0    0  
   2    0    3    1    0  
   2    0    0    1    3  
   2    1    3    0    0  
   0    1    2    3    0  
   1    0    2    3    0  
   2    3    0    1    0  ] 
RESERVATION PRICES : [    0    0    7    6    6  
  12    0   10   11    0  
  17    0    0   15   17  
  21    0   23   18    0  
   0    0   19   18   21  
   0   25   26   24    0  
   0    0   32   26   29  
  33   28   28    0    0  
  27    0   36    0   37  
   0   31   29   33    0  
   0   35   45    0   39  
   0   38   48    0   49  
   0    0   51   41   41  
  45    0   52    0   47  
  61    0   58    0   49  
   0    0   65   59   64  
  66   63   63    0    0  
   0   68   58   69    0  
  69    0    0   79   81  
  66   80    0   73    0  
  73   84    0    0   64  
  73    0    0   90   70  
   0   86    0   84   74  
  75   82    0   94    0  
  81   90   84    0    0  
   0   91  103    0  102  
   0  105    0   93   77  
   0   81  103    0   86  
 108  105    0    0   82  
   0  100   87  106    0  
   0   97   92    0  109  
  89   94  108    0    0  
  99   91    0    0  103  
 107    0  110    0  119  
 110  118    0  120    0  
 113  118    0   97    0  
   0  107  111    0  112  
   0    0  129  133  122  
   0    0  108  127  107  
 143    0  106  126    0  
   0    0  113  111  140  
   0  106  123  146    0  
   0    0  142  146  115  
 117  143    0    0  134  
   0    0  120  135  121  
 150  139  134    0    0  
 144    0    0  152  128  
 145  123    0  151    0  
   0  136    0  153  163  
 161    0    0  134  131  
 159    0  163    0  175  
   0  174  167  183    0  
 158  142    0  140    0  
   0    0  165  185  144  
 187    0    0  151  167  
 178    0  151  175    0  
   0  183  188    0  200  
   0  178    0  152  198  
   0  189  174    0  160  
 178  174    0  193    0  
   0  201  179  159    0  
   0    0  181  193  178  
 169  228  197    0    0  
 185  171    0    0  208  
 211  173    0  180    0  
 223  198  183    0    0  
   0  215  215    0  193  
   0    0  236  190  203  
   0    0  201  214  251  
 208    0  194  197    0  
 197  195    0  241    0  
   0  232  228    0  242  
   0  236  264    0  264  
   0  269    0  235  214  
 231  246    0  271    0  
   0  224  270    0  227  
 257  248  266    0    0  
   0    0  279  211  238  
 235  263    0  209    0  
 216  232  227    0    0  
 215  297    0  271    0  
 282  243    0    0  298  
 239  268  288    0    0  
 275    0    0  279  271  
 298  292    0  297    0  
   0  269  275    0  294  
 316  304    0  241    0  
 287    0  323  254    0  
   0  244  309  314    0  
   0  284  325    0  332  
 280    0    0  323  252  
   0  259  285    0  304  
   0  274    0  275  289  
 337  335  331    0    0  
   0  284    0  268  312  
 319  333    0    0  310  
 305  325    0  336    0  
   0  365    0  337  334  
 278  358    0  320    0  
 316    0  333  358    0  
 297    0    0  337  319  
   0    0  287  328  339  
 372    0  302    0  336  
 344  299    0    0  292  
   0  283    0  352  341  
   0  289  333    0  305  
 294    0  310  335    0  
 287  285  346    0    0  
   0    0  347  394  317  
 396  400  389    0    0  
 403  355    0  359    0  
   0  336  341    0  388  
 408  343    0  399    0  
 310  410  398    0    0  
 348  337  416    0    0  
   0  403    0  409  389  
   0    0  416  443  351  
 349  369    0    0  439  
 335  378  355    0    0  
 393    0  390  402    0  
 372    0    0  393  390  
 401  389  431    0    0  
   0  429  341  382    0  
 357    0  374  412    0  
 395  385    0  423    0  ] 
 ] 
