K : 125
I : 10
C : 25
INSTANCE : 3
PREFERENCES : [    2    0    0    3    0    0    1    4    0    5  
   5    1    4    0    0    0    0    0    2    3  
   1    0    0    4    0    3    0    5    2    0  
   4    0    0    5    2    1    0    0    3    0  
   2    0    0    0    0    4    3    1    5    0  
   0    1    4    0    0    5    2    0    0    3  
   0    0    0    0    1    3    2    4    0    5  
   2    0    0    5    1    0    3    4    0    0  
   0    1    0    0    0    5    2    0    4    3  
   0    5    0    1    2    3    4    0    0    0  
   0    2    0    0    1    4    5    3    0    0  
   4    1    0    0    5    0    3    0    0    2  
   3    0    1    0    5    2    0    0    0    4  
   0    1    2    0    0    0    3    0    5    4  
   5    1    4    0    0    3    0    0    2    0  
   0    4    0    0    3    1    0    2    0    5  
   0    0    0    0    0    5    2    1    4    3  
   0    0    0    3    0    1    5    0    4    2  
   0    0    0    2    4    3    5    1    0    0  
   0    4    3    0    2    0    0    0    5    1  
   0    0    5    1    4    2    0    3    0    0  
   4    0    2    5    0    0    3    0    1    0  
   1    4    0    0    5    0    2    0    0    3  
   0    5    2    4    1    0    0    0    3    0  
   2    5    1    0    0    0    4    3    0    0  
   0    0    0    0    5    2    0    1    4    3  
   0    0    3    5    0    4    2    0    0    1  
   4    0    0    0    0    5    1    0    2    3  
   0    0    0    0    0    1    3    5    4    2  
   3    5    1    0    0    0    0    4    2    0  
   0    4    0    0    2    5    0    0    1    3  
   2    0    3    5    0    0    1    0    0    4  
   0    5    1    2    0    0    3    4    0    0  
   0    2    0    1    0    3    0    4    0    5  
   0    2    5    3    1    0    0    0    0    4  
   2    1    3    5    0    4    0    0    0    0  
   5    0    2    0    3    0    0    1    0    4  
   5    0    2    0    3    0    0    0    4    1  
   1    5    0    2    0    0    0    0    4    3  
   1    4    5    0    0    0    3    0    2    0  
   1    3    0    4    5    0    0    0    2    0  
   4    0    2    1    0    0    5    3    0    0  
   0    5    0    2    0    4    0    3    0    1  
   0    0    0    0    5    2    4    3    0    1  
   0    0    2    4    3    0    5    0    0    1  
   0    4    0    5    0    1    0    2    3    0  
   0    0    0    0    4    1    5    3    2    0  
   3    2    4    0    1    0    5    0    0    0  
   0    2    5    0    0    0    1    0    4    3  
   0    0    2    0    4    3    0    0    5    1  
   4    0    0    0    0    1    2    3    5    0  
   1    0    0    5    4    0    0    3    2    0  
   1    5    2    0    0    0    0    3    0    4  
   0    0    5    1    0    0    2    3    4    0  
   2    0    1    4    0    3    0    5    0    0  
   3    4    0    1    0    0    0    2    5    0  
   4    0    0    0    0    1    5    3    2    0  
   1    3    0    0    0    4    0    0    2    5  
   2    0    1    3    4    0    0    5    0    0  
   0    2    4    0    0    1    0    5    0    3  
   2    3    0    1    0    0    0    5    4    0  
   1    0    0    0    2    0    0    3    4    5  
   0    2    0    5    3    1    0    0    4    0  
   0    0    0    4    3    5    0    2    0    1  
   4    0    2    0    0    0    5    3    1    0  
   5    2    0    4    0    0    3    0    0    1  
   0    4    0    5    0    2    0    1    0    3  
   0    0    2    4    0    0    3    0    1    5  
   0    1    0    4    0    0    5    0    2    3  
   3    5    0    0    1    0    0    0    4    2  
   0    3    1    4    5    0    0    0    2    0  
   4    0    2    5    0    0    0    3    0    1  
   0    1    4    0    5    2    0    0    3    0  
   0    4    1    0    0    3    2    0    5    0  
   0    1    0    0    0    5    3    2    0    4  
   0    0    5    0    1    0    3    0    2    4  
   5    0    3    0    0    4    0    0    2    1  
   0    0    0    4    5    2    0    0    3    1  
   0    0    0    3    1    5    0    0    2    4  
   0    0    0    0    5    1    0    4    3    2  
   2    0    0    3    5    0    0    0    4    1  
   1    4    0    2    0    5    0    0    0    3  
   1    0    4    0    2    5    3    0    0    0  
   0    0    3    5    0    1    0    2    0    4  
   1    3    0    0    4    0    0    0    5    2  
   0    0    0    4    0    3    0    5    2    1  
   0    0    0    0    5    2    4    1    3    0  
   0    0    4    3    0    5    1    0    0    2  
   4    1    2    5    0    0    0    0    3    0  
   1    0    0    5    0    2    4    0    0    3  
   0    3    0    5    4    2    1    0    0    0  
   0    4    0    0    3    2    1    0    5    0  
   3    0    0    4    0    0    1    0    2    5  
   5    4    0    0    2    0    1    0    0    3  
   2    0    0    3    4    0    0    0    5    1  
   0    0    4    2    3    1    5    0    0    0  
   0    2    0    0    3    5    4    0    0    1  
   3    5    0    0    2    0    0    4    1    0  
   3    4    0    1    0    0    2    0    5    0  
   2    5    0    0    0    1    0    3    0    4  
   1    4    3    0    5    0    2    0    0    0  
   4    1    0    0    0    2    5    3    0    0  
   0    0    5    2    0    0    3    1    0    4  
   5    0    0    4    2    0    3    1    0    0  
   0    0    0    0    4    3    5    0    2    1  
   5    1    3    0    0    2    0    4    0    0  
   1    0    4    2    0    0    0    3    5    0  
   0    3    0    4    1    0    5    0    2    0  
   1    5    0    2    4    0    3    0    0    0  
   3    0    4    0    0    2    0    1    5    0  
   3    2    0    0    5    4    0    0    0    1  
   0    2    0    3    0    1    0    4    5    0  
   0    0    2    5    3    0    0    0    1    4  
   0    5    4    1    0    2    0    3    0    0  
   4    3    0    2    1    0    5    0    0    0  
   0    2    4    5    1    0    3    0    0    0  
   0    0    0    2    0    0    1    4    5    3  
   0    0    2    3    4    5    0    0    1    0  
   0    0    4    0    2    1    0    3    0    5  
   2    5    0    4    0    0    3    1    0    0  
   0    0    0    4    1    5    0    3    2    0  
   1    0    0    0    0    0    4    2    5    3  
   4    1    0    3    0    0    0    2    0    5  
   0    0    5    4    2    3    0    1    0    0  
   1    2    0    0    0    0    5    0    4    3  ] 
RESERVATION PRICES : [    8    0    0    9    0    0    8    7    0    8  
  12   10   10    0    0    0    0    0   12   12  
  15    0    0   12    0   12    0   12   15    0  
  17    0    0   18   19   18    0    0   19    0  
  23    0    0    0    0   22   21   17   21    0  
   0   26   21    0    0   25   23    0    0   25  
   0    0    0    0   28   30   25   24    0   25  
  29    0    0   27   31    0   32   33    0    0  
   0   34    0    0    0   37   39    0   39   33  
   0   34    0   36   35   40   37    0    0    0  
   0   39    0    0   43   39   43   46    0    0  
  45   55    0    0   54    0   43    0    0   54  
  58    0   52    0   51   46    0    0    0   52  
   0   57   44    0    0    0   48    0   46   48  
  61   62   45    0    0   55    0    0   48    0  
   0   66    0    0   68   63    0   59    0   56  
   0    0    0    0    0   53   53   68   51   69  
   0    0    0   57    0   73   66    0   66   62  
   0    0    0   77   58   59   66   63    0    0  
   0   74   69    0   69    0    0    0   61   64  
   0    0   73   74   70   79    0   83    0    0  
  77    0   77   80    0    0   75    0   82    0  
  88   75    0    0   85    0   83    0    0   87  
   0   98   79   80   85    0    0    0   90    0  
  80   79   82    0    0    0   74   84    0    0  
   0    0    0    0   77   83    0   96   74  102  
   0    0   79   98    0   76   78    0    0   87  
 100    0    0    0    0   78   90    0  101  107  
   0    0    0    0    0   84   87   88  107  108  
  83   83   87    0    0    0    0  111   94    0  
   0   97    0    0   90   90    0    0   85  101  
  87    0  101   98    0    0   82    0    0  102  
   0   93   87  111    0    0   92   99    0    0  
   0  105    0  101    0  108    0   94    0   87  
   0  122   91  104   95    0    0    0    0  113  
 103  104  124   98    0  106    0    0    0    0  
 111    0  104    0  124    0    0  124    0  112  
 105    0  120    0  130    0    0    0  122  105  
 114  101    0  109    0    0    0    0   95  125  
 128   99  101    0    0    0  108    0  129    0  
 114  104    0  133  106    0    0    0  127    0  
 134    0  119  144    0    0  128  134    0    0  
   0  147    0  112    0  143    0  113    0  132  
   0    0    0    0  146  112  125  123    0  116  
   0    0  141  144  135    0  125    0    0  111  
   0  116    0  132    0  146    0  116  124    0  
   0    0    0    0  154  129  135  158  142    0  
 137  166  135    0  124    0  138    0    0    0  
   0  168  151    0    0    0  124    0  170  145  
   0    0  133    0  136  147    0    0  128  147  
 139    0    0    0    0  141  141  146  135    0  
 160    0    0  150  174    0    0  153  143    0  
 134  133  143    0    0    0    0  166    0  181  
   0    0  162  171    0    0  147  155  188    0  
 147    0  165  143    0  158    0  146    0    0  
 189  152    0  183    0    0    0  185  169    0  
 167    0    0    0    0  183  190  191  149    0  
 202  175    0    0    0  196    0    0  163  164  
 211    0  178  213  201    0    0  201    0    0  
   0  216  178    0    0  186    0  158    0  178  
 161  189    0  173    0    0    0  161  196    0  
 196    0    0    0  206    0    0  216  177  194  
   0  176    0  174  220  193    0    0  181    0  
   0    0    0  199  226  190    0  184    0  175  
 214    0  209    0    0    0  186  196  204    0  
 201  182    0  222    0    0  227    0    0  194  
   0  204    0  227    0  176    0  216    0  236  
   0    0  217  210    0    0  192    0  220  186  
   0  251    0  234    0    0  192    0  184  250  
 210  196    0    0  238    0    0    0  226  189  
   0  227  235  196  260    0    0    0  243    0  
 236    0  192  230    0    0    0  205    0  216  
   0  261  228    0  234  195    0    0  245    0  
   0  225  209    0    0  212  263    0  200    0  
   0  198    0    0    0  213  249  247    0  265  
   0    0  273    0  237    0  205    0  246  250  
 253    0  213    0    0  270    0    0  252  208  
   0    0    0  255  266  236    0    0  246  226  
   0    0    0  251  218  274    0    0  264  268  
   0    0    0    0  229  253    0  269  227  296  
 268    0    0  223  220    0    0    0  253  257  
 271  234    0  254    0  271    0    0    0  264  
 292    0  242    0  277  230  300    0    0    0  
   0    0  298  229    0  297    0  284    0  295  
 279  243    0    0  252    0    0    0  298  269  
   0    0    0  240    0  262    0  295  301  314  
   0    0    0    0  284  288  294  236  302    0  
   0    0  264  293    0  318  287    0    0  311  
 253  269  240  263    0    0    0    0  275    0  
 247    0    0  297    0  268  341    0    0  332  
   0  272    0  280  294  296  326    0    0    0  
   0  323    0    0  299  330  262    0  313    0  
 326    0    0  254    0    0  339    0  298  307  
 265  323    0    0  263    0  279    0    0  270  
 343    0    0  276  259    0    0    0  266  318  
   0    0  351  280  349  297  278    0    0    0  
   0  334    0    0  326  295  270    0    0  341  
 285  282    0    0  276    0    0  352  265    0  
 360  317    0  265    0    0  315    0  271    0  
 310  364    0    0    0  311    0  318    0  297  
 341  370  331    0  352    0  351    0    0    0  
 276  366    0    0    0  319  329  360    0    0  
   0    0  324  297    0    0  323  380    0  316  
 302    0    0  331  319    0  356  312    0    0  
   0    0    0    0  391  347  280    0  339  324  
 301  396  332    0    0  360    0  309    0    0  
 329    0  347  329    0    0    0  385  362    0  
   0  364    0  299  327    0  315    0  360    0  
 367  391    0  312  403    0  379    0    0    0  
 403    0  336    0    0  380    0  382  323    0  
 363  413    0    0  385  311    0    0    0  383  
   0  362    0  365    0  344    0  351  402    0  
   0    0  410  349  346    0    0    0  411  317  
   0  400  429  408    0  420    0  414    0    0  
 324  378    0  383  343    0  433    0    0    0  
   0  395  332  418  319    0  369    0    0    0  
   0    0    0  414    0    0  328  408  314  353  
   0    0  416  399  410  348    0    0  349    0  
   0    0  401    0  328  441    0  373    0  351  
 415  344    0  416    0    0  326  441    0    0  
   0    0    0  340  395  443    0  389  387    0  
 426    0    0    0    0    0  382  336  448  360  
 418  384    0  410    0    0    0  403    0  366  
   0    0  353  386  456  461    0  448    0    0  
 396  460    0    0    0    0  374    0  471  426  ] 
 ] 
