K : 50
I : 15
C : 2
INSTANCE : 2
PREFERENCES : [    0    2    1    0    0    5    3    0    4    0    0    0    0    0    0  
   0    0    0    0    1    0    3    5    0    0    2    0    0    4    0  
   0    0    0    3    5    0    0    1    0    0    2    0    4    0    0  
   0    2    4    0    0    1    0    3    0    5    0    0    0    0    0  
   0    0    0    1    0    0    0    5    3    0    0    0    0    2    4  
   0    0    0    1    0    5    0    2    4    3    0    0    0    0    0  
   0    2    0    0    5    3    0    0    4    0    0    0    0    0    1  
   0    3    5    1    0    0    0    0    0    2    0    0    0    4    0  
   3    0    0    0    0    0    1    0    0    0    2    0    4    0    5  
   0    0    0    0    4    0    0    1    0    0    5    0    3    2    0  
   5    0    0    0    0    4    0    0    2    3    0    0    1    0    0  
   0    0    0    1    5    2    4    0    0    0    0    0    0    3    0  
   0    2    0    0    0    4    0    5    1    0    0    0    0    3    0  
   0    4    0    0    2    0    0    3    0    1    5    0    0    0    0  
   0    0    0    0    0    0    0    0    2    0    0    5    4    3    1  
   0    3    5    0    0    0    0    1    0    0    4    0    0    2    0  
   0    0    0    1    0    3    0    0    5    0    2    4    0    0    0  
   0    0    0    2    0    0    3    0    0    0    0    1    4    0    5  
   0    0    1    0    0    0    0    4    3    0    0    0    5    0    2  
   0    0    0    0    0    0    5    0    2    4    0    1    0    0    3  
   0    5    0    1    3    2    0    0    0    4    0    0    0    0    0  
   3    0    0    2    0    4    0    5    0    0    0    1    0    0    0  
   0    0    3    5    0    0    4    0    1    0    0    0    2    0    0  
   3    0    0    0    0    0    0    0    0    2    1    0    4    5    0  
   0    3    0    0    0    0    0    4    0    0    5    0    2    0    1  
   0    2    3    0    5    0    1    0    0    4    0    0    0    0    0  
   0    3    0    2    0    1    0    0    0    0    0    5    0    4    0  
   0    0    0    0    2    0    3    4    0    1    0    0    5    0    0  
   0    0    0    2    3    5    0    0    1    0    0    4    0    0    0  
   0    0    0    2    0    0    0    5    3    0    4    0    1    0    0  
   0    3    0    0    5    4    0    0    0    0    0    1    2    0    0  
   0    2    0    0    0    3    0    0    0    0    4    0    1    0    5  
   5    0    3    4    0    1    0    0    0    0    0    2    0    0    0  
   0    0    4    1    2    0    5    0    0    0    0    3    0    0    0  
   3    0    0    1    0    5    0    0    0    2    4    0    0    0    0  
   1    5    4    0    0    3    0    0    2    0    0    0    0    0    0  
   0    4    0    0    3    0    5    0    0    0    0    2    0    1    0  
   2    0    0    5    0    0    3    0    4    0    0    0    0    1    0  
   0    5    0    0    0    3    0    1    2    0    0    0    4    0    0  
   1    0    0    0    0    0    0    4    2    3    0    5    0    0    0  
   0    0    0    2    0    5    0    3    0    1    0    0    0    4    0  
   0    4    0    5    0    0    0    3    1    0    2    0    0    0    0  
   0    0    0    0    1    2    0    5    0    0    0    3    0    4    0  
   0    0    0    0    0    4    0    0    5    0    0    1    0    2    3  
   3    0    0    0    0    0    0    2    5    0    0    0    4    1    0  
   0    5    0    0    0    4    0    0    2    1    0    0    3    0    0  
   2    0    0    5    4    0    0    0    0    0    0    1    0    0    3  
   0    2    4    1    0    5    3    0    0    0    0    0    0    0    0  
   5    0    0    0    0    0    0    3    4    0    0    0    1    0    2  
   0    0    2    0    0    0    3    0    0    4    1    0    0    5    0  ] 
RESERVATION PRICES : [    0   10   10    0    0    8    9    0    9    0    0    0    0    0    0  
   0    0    0    0   10    0   10    8    0    0    9    0    0    8    0  
   0    0    0   11   11    0    0    9    0    0   11    0    9    0    0  
   0   13   14    0    0   16    0   14    0   12    0    0    0    0    0  
   0    0    0   19    0    0    0   19   23    0    0    0    0   17   19  
   0    0    0   28    0   27    0   27   24   23    0    0    0    0    0  
   0   33    0    0   24   29    0    0   25    0    0    0    0    0   28  
   0   29   31   27    0    0    0    0    0   34    0    0    0   29    0  
  31    0    0    0    0    0   36    0    0    0   29    0   30    0   38  
   0    0    0    0   36    0    0   40    0    0   42    0   44   41    0  
  37    0    0    0    0   36    0    0   36   46    0    0   44    0    0  
   0    0    0   48   51   44   55    0    0    0    0    0    0   47    0  
   0   57    0    0    0   48    0   48   44    0    0    0    0   49    0  
   0   48    0    0   51    0    0   62    0   64   61    0    0    0    0  
   0    0    0    0    0    0    0    0   53    0    0   55   53   59   54  
   0   74   64    0    0    0    0   60    0    0   61    0    0   63    0  
   0    0    0   73    0   75    0    0   73    0   77   68    0    0    0  
   0    0    0   82    0    0   66    0    0    0    0   68   78    0   82  
   0    0   73    0    0    0    0   75   87    0    0    0   68    0   64  
   0    0    0    0    0    0   90    0   90   87    0   87    0    0   84  
   0   75    0   84   84   95    0    0    0   88    0    0    0    0    0  
  94    0    0   93    0   97    0   87    0    0    0   80    0    0    0  
   0    0   84   99    0    0   85    0   92    0    0    0   84    0    0  
  96    0    0    0    0    0    0    0    0   82  102    0   77   87    0  
   0   98    0    0    0    0    0   80    0    0  102    0   89    0  102  
   0   83   96    0  103    0   90    0    0  110    0    0    0    0    0  
   0   89    0  106    0  106    0    0    0    0    0  115    0  101    0  
   0    0    0    0  100    0   92   91    0  102    0    0  102    0    0  
   0    0    0  111   92   91    0    0  120    0    0  123    0    0    0  
   0    0    0  116    0    0    0  117   90    0  108    0   90    0    0  
   0  115    0    0  119  126    0    0    0    0    0  120  104    0    0  
   0  123    0    0    0  102    0    0    0    0  120    0  100    0   97  
 132    0  122  116    0   97    0    0    0    0    0  121    0    0    0  
   0    0  116  110  104    0  126    0    0    0    0   97    0    0    0  
 136    0    0  107    0  119    0    0    0  138  138    0    0    0    0  
 128  110  104    0    0  113    0    0  144    0    0    0    0    0    0  
   0  121    0    0  127    0  136    0    0    0    0  122    0  135    0  
 118    0    0  152    0    0  132    0  142    0    0    0    0  123    0  
   0  119    0    0    0  148    0  150  122    0    0    0  140    0    0  
 132    0    0    0    0    0    0  118  114  119    0  137    0    0    0  
   0    0    0  131    0  154    0  128    0  128    0    0    0  152    0  
   0  154    0  161    0    0    0  135  150    0  163    0    0    0    0  
   0    0    0    0  120  123    0  154    0    0    0  132    0  151    0  
   0    0    0    0    0  148    0    0  145    0    0  146    0  169  169  
 144    0    0    0    0    0    0  162  168    0    0    0  170  136    0  
   0  164    0    0    0  136    0    0  171  139    0    0  148    0    0  
 177    0    0  145  157    0    0    0    0    0    0  145    0    0  157  
   0  155  178  166    0  174  168    0    0    0    0    0    0    0    0  
 142    0    0    0    0    0    0  161  183    0    0    0  145    0  136  
   0    0  154    0    0    0  178    0    0  162  142    0    0  167    0  ] 
 ] 
