K : 100
I : 10
C : 20
INSTANCE : 5
PREFERENCES : [    3    5    4    0    0    0    2    0    0    1  
   0    4    5    0    0    3    0    1    2    0  
   0    0    5    0    2    4    3    0    1    0  
   0    0    5    0    0    2    3    1    0    4  
   3    0    1    0    4    2    0    0    0    5  
   0    4    2    1    3    0    0    0    0    5  
   3    0    0    0    0    2    5    0    1    4  
   0    2    5    0    0    0    1    0    3    4  
   2    0    0    0    1    3    4    5    0    0  
   0    0    3    5    1    0    2    0    4    0  
   0    5    3    0    0    4    2    0    1    0  
   1    3    5    4    0    0    2    0    0    0  
   3    1    0    4    0    2    0    5    0    0  
   0    0    1    0    0    2    5    3    4    0  
   3    0    2    0    1    5    0    4    0    0  
   3    0    0    0    5    2    4    1    0    0  
   0    5    0    1    0    0    0    2    4    3  
   4    0    0    1    0    2    5    0    3    0  
   1    4    0    2    3    0    0    0    0    5  
   0    5    0    4    0    0    3    0    2    1  
   0    0    3    2    5    1    0    4    0    0  
   0    3    2    1    0    0    0    4    5    0  
   0    2    1    0    0    0    5    4    3    0  
   4    0    0    2    0    5    0    0    3    1  
   0    4    5    3    0    2    0    0    1    0  
   2    4    1    0    0    0    0    0    5    3  
   0    1    0    3    4    0    2    0    0    5  
   4    0    2    5    0    1    0    3    0    0  
   0    5    1    3    0    0    4    0    2    0  
   2    5    3    0    0    1    0    4    0    0  
   0    4    0    1    5    2    0    0    0    3  
   0    2    0    0    0    1    4    5    0    3  
   4    3    1    0    5    0    0    0    0    2  
   0    3    1    5    0    0    4    2    0    0  
   0    0    5    2    1    4    3    0    0    0  
   0    0    2    3    0    5    0    4    1    0  
   3    0    0    0    0    4    5    1    0    2  
   2    0    0    5    0    0    4    0    3    1  
   2    3    5    0    4    0    0    0    0    1  
   5    2    3    0    1    0    0    0    4    0  
   0    0    4    2    5    0    3    1    0    0  
   3    0    1    0    0    2    0    4    5    0  
   0    3    4    5    0    2    0    0    0    1  
   3    4    0    2    5    0    1    0    0    0  
   3    1    0    5    0    2    4    0    0    0  
   3    5    0    4    0    0    0    1    0    2  
   0    1    2    4    0    3    0    0    5    0  
   2    0    0    0    0    1    3    5    0    4  
   2    0    0    5    0    1    0    4    0    3  
   1    4    0    0    0    2    3    0    0    5  
   4    0    3    0    0    0    2    1    0    5  
   3    2    0    1    4    0    0    0    5    0  
   0    1    2    0    0    4    5    0    0    3  
   0    1    0    0    4    5    3    0    0    2  
   0    3    4    0    1    0    2    0    5    0  
   2    0    0    0    3    1    4    0    5    0  
   0    5    0    0    2    4    1    0    0    3  
   5    3    0    0    0    4    0    1    2    0  
   0    1    2    0    3    5    4    0    0    0  
   0    3    0    1    0    0    2    5    4    0  
   3    0    0    1    4    2    0    5    0    0  
   4    2    0    0    0    3    0    1    0    5  
   1    0    0    4    0    2    0    3    5    0  
   0    0    1    5    4    0    3    2    0    0  
   0    3    4    0    0    5    2    0    1    0  
   0    4    5    3    0    0    0    1    2    0  
   0    2    0    0    4    0    3    5    0    1  
   4    5    0    1    3    0    2    0    0    0  
   5    3    0    0    0    1    2    0    0    4  
   0    0    0    5    3    1    0    2    4    0  
   3    2    0    0    0    4    1    0    5    0  
   0    0    3    4    5    1    0    0    2    0  
   1    0    4    0    0    2    0    5    0    3  
   3    2    0    0    5    1    4    0    0    0  
   2    0    3    1    0    4    0    0    0    5  
   0    5    0    0    2    1    3    4    0    0  
   1    4    0    5    2    0    0    0    0    3  
   3    0    0    0    4    5    0    2    0    1  
   0    4    5    3    0    0    2    0    0    1  
   0    5    4    0    0    2    0    0    1    3  
   4    0    0    0    2    0    5    3    0    1  
   2    0    0    5    0    1    0    3    0    4  
   4    5    0    2    0    3    0    1    0    0  
   3    0    0    2    0    4    0    0    1    5  
   0    5    0    0    0    0    4    2    3    1  
   0    2    0    4    0    3    5    0    1    0  
   0    1    5    2    3    4    0    0    0    0  
   3    2    4    0    5    0    1    0    0    0  
   0    0    0    2    4    0    5    0    3    1  
   0    3    2    0    5    0    4    0    1    0  
   1    3    0    2    0    0    0    5    0    4  
   0    4    5    2    3    0    0    0    1    0  
   0    3    0    4    5    0    1    0    2    0  
   1    0    0    5    0    4    0    2    3    0  
   0    2    0    1    5    0    4    0    3    0  
   0    0    0    0    3    5    0    4    1    2  
   0    4    1    0    2    0    3    0    0    5  
   0    2    0    4    0    0    5    0    3    1  
   1    5    3    0    4    0    2    0    0    0  
   3    2    0    1    0    0    4    5    0    0  ] 
RESERVATION PRICES : [    8    9    9    0    0    0    8    0    0   10  
   0   11   10    0    0   11    0    9   10    0  
   0    0   11    0    9   11   11    0    9    0  
   0    0   15    0    0   17   16   16    0   14  
  21    0   21    0   22   19    0    0    0   21  
   0   21   19   22   26    0    0    0    0   24  
  27    0    0    0    0   25   31    0   24   23  
   0   25   24    0    0    0   24    0   24   29  
  30    0    0    0   31   31   37   27    0    0  
   0    0   33   32   38    0   34    0   35    0  
   0   47   40    0    0   41   35    0   39    0  
  47   44   49   41    0    0   38    0    0    0  
  40   39    0   48    0   40    0   37    0    0  
   0    0   49    0    0   40   50   49   40    0  
  55    0   51    0   52   58    0   50    0    0  
  61    0    0    0   51   57   46   61    0    0  
   0   65    0   49    0    0    0   59   60   62  
  60    0    0   54    0   66   56    0   72    0  
  75   70    0   71   64    0    0    0    0   59  
   0   76    0   74    0    0   81    0   72   65  
   0    0   77   68   83   87    0   69    0    0  
   0   79   71   67    0    0    0   85   82    0  
   0   78   84    0    0    0   94   84   80    0  
  97    0    0   74    0   87    0    0   97   93  
   0   87   82  105    0   81    0    0   79    0  
 111  111   91    0    0    0    0    0   91  100  
   0  114    0   99  112    0  107    0    0   99  
 111    0   87   89    0   93    0  104    0    0  
   0  119   89  109    0    0  118    0  121    0  
 108  120   91    0    0  107    0  121    0    0  
   0  110    0  125  119  128    0    0    0  107  
   0  103    0    0    0  102  109  128    0  110  
  95   94  122    0   99    0    0    0    0  116  
   0  122  136  118    0    0  105  124    0    0  
   0    0  121  117  104  122  109    0    0    0  
   0    0  144  135    0  141    0  142  122    0  
 136    0    0    0    0  113  118  129    0  117  
 134    0    0  122    0    0  112    0  127  124  
 116  122  120    0  125    0    0    0    0  131  
 126  144  132    0  138    0    0    0  130    0  
   0    0  141  123  130    0  121  161    0    0  
 123    0  121    0    0  134    0  166  165    0  
   0  130  154  167    0  153    0    0    0  165  
 132  126    0  168  142    0  160    0    0    0  
 127  161    0  147    0  133  143    0    0    0  
 139  135    0  134    0    0    0  142    0  133  
   0  149  142  150    0  143    0    0  149    0  
 161    0    0    0    0  158  174  169    0  181  
 172    0    0  180    0  165    0  160    0  169  
 161  191    0    0    0  181  165    0    0  176  
 162    0  172    0    0    0  192  190    0  160  
 152  185    0  185  196    0    0    0  166    0  
   0  189  205    0    0  201  162    0    0  178  
   0  171    0    0  155  191  184    0    0  158  
   0  218  200    0  209    0  219    0  202    0  
 209    0    0    0  186  213  182    0  195    0  
   0  215    0    0  182  209  215    0    0  221  
 171  198    0    0    0  221    0  173  208    0  
   0  205  224    0  195  231  229    0    0    0  
   0  200    0  233    0    0  211  200  170    0  
 193    0    0  208  224  222    0  199    0    0  
 180  223    0    0    0  202    0  194    0  200  
 227    0    0  219    0  236    0  241  245    0  
   0    0  228  216  249    0  186  214    0    0  
   0  190  215    0    0  191  204    0  232    0  
   0  229  203  257    0    0    0  215  222    0  
   0  265    0    0  244    0  214  196    0  229  
 242  193    0  190  228    0  242    0    0    0  
 242  266    0    0    0  204  216    0    0  223  
   0    0    0  200  270  211    0  255  251    0  
 216  219    0    0    0  275  250    0  214    0  
   0    0  257  272  228  213    0    0  239    0  
 268    0  256    0    0  266    0  269    0  262  
 211  247    0    0  247  251  224    0    0    0  
 262    0  218  220    0  281    0    0    0  226  
   0  233    0    0  226  223  266  222    0    0  
 294  291    0  241  258    0    0    0    0  232  
 286    0    0    0  224  232    0  292    0  303  
   0  250  309  292    0    0  248    0    0  288  
   0  231  281    0    0  286    0    0  258  305  
 285    0    0    0  248    0  259  293    0  235  
 248    0    0  245    0  245    0  298    0  255  
 318  325    0  306    0  253    0  292    0    0  
 257    0    0  240    0  326    0    0  300  250  
   0  324    0    0    0    0  285  306  264  243  
   0  257    0  309    0  304  244    0  255    0  
   0  251  323  241  288  318    0    0    0    0  
 303  311  293    0  314    0  333    0    0    0  
   0    0    0  285  313    0  277    0  308  318  
   0  278  281    0  328    0  314    0  336    0  
 266  347    0  309    0    0    0  346    0  285  
   0  307  354  350  328    0    0    0  264    0  
   0  266    0  318  260    0  313    0  321    0  
 315    0    0  263    0  291    0  297  327    0  
   0  361    0  331  337    0  343    0  345    0  
   0    0    0    0  346  274    0  352  294  296  
   0  264  288    0  285    0  284    0    0  308  
   0  343    0  271    0    0  310    0  302  277  
 276  321  272    0  370    0  301    0    0    0  
 369  360    0  374    0    0  294  288    0    0  ] 
 ] 
