K : 125
I : 5
C : 20
INSTANCE : 5
PREFERENCES : [    2    1    3    0    0  
   2    3    0    1    0  
   2    3    1    0    0  
   3    1    2    0    0  
   2    3    1    0    0  
   3    2    1    0    0  
   1    0    3    0    2  
   1    0    3    0    2  
   1    3    2    0    0  
   3    1    0    2    0  
   0    1    3    0    2  
   1    0    3    0    2  
   1    0    0    3    2  
   3    1    0    0    2  
   2    0    0    3    1  
   0    3    2    1    0  
   0    0    2    3    1  
   2    3    0    1    0  
   0    0    3    1    2  
   0    3    1    0    2  
   2    0    1    3    0  
   3    2    1    0    0  
   2    0    1    3    0  
   0    3    1    0    2  
   0    3    0    1    2  
   1    3    2    0    0  
   0    1    3    2    0  
   1    0    0    3    2  
   1    3    0    0    2  
   0    1    2    0    3  
   2    0    3    0    1  
   3    1    2    0    0  
   0    2    0    1    3  
   0    1    2    0    3  
   1    0    3    2    0  
   1    0    3    0    2  
   1    0    3    0    2  
   3    1    0    0    2  
   2    3    0    1    0  
   0    1    3    2    0  
   0    3    1    0    2  
   2    0    3    1    0  
   1    0    2    3    0  
   3    0    0    2    1  
   2    0    1    3    0  
   3    0    0    2    1  
   2    0    1    3    0  
   3    2    0    1    0  
   0    0    1    2    3  
   2    0    1    0    3  
   3    0    2    0    1  
   2    0    3    1    0  
   2    0    3    1    0  
   2    0    0    1    3  
   1    0    0    2    3  
   0    3    1    2    0  
   2    0    1    0    3  
   3    0    2    1    0  
   2    0    1    3    0  
   1    0    0    2    3  
   2    0    0    1    3  
   0    1    3    0    2  
   3    0    1    2    0  
   0    3    2    1    0  
   0    2    0    1    3  
   0    2    0    3    1  
   1    2    3    0    0  
   2    0    1    0    3  
   0    2    3    0    1  
   0    0    1    2    3  
   0    3    0    1    2  
   3    0    2    1    0  
   2    0    0    1    3  
   3    0    0    1    2  
   1    2    0    3    0  
   2    0    3    1    0  
   0    1    0    3    2  
   2    1    0    0    3  
   0    0    3    1    2  
   0    3    0    1    2  
   1    2    3    0    0  
   0    1    0    3    2  
   0    0    3    2    1  
   1    3    0    2    0  
   2    0    3    1    0  
   0    0    1    3    2  
   2    0    3    1    0  
   1    3    2    0    0  
   0    0    3    2    1  
   1    0    3    0    2  
   3    1    2    0    0  
   2    1    0    3    0  
   0    1    2    0    3  
   1    0    0    2    3  
   0    1    3    0    2  
   0    0    2    1    3  
   0    0    1    2    3  
   3    0    2    1    0  
   0    3    1    2    0  
   2    3    0    1    0  
   2    0    1    3    0  
   3    0    0    2    1  
   1    3    2    0    0  
   0    3    1    2    0  
   0    0    1    3    2  
   0    0    2    3    1  
   1    0    2    0    3  
   0    0    3    2    1  
   0    3    1    2    0  
   3    0    0    2    1  
   3    1    2    0    0  
   2    0    1    0    3  
   0    3    0    2    1  
   3    0    0    2    1  
   2    3    0    1    0  
   3    0    1    0    2  
   1    3    2    0    0  
   2    0    3    1    0  
   2    0    1    0    3  
   1    3    2    0    0  
   1    2    0    0    3  
   0    2    3    0    1  
   2    3    0    1    0  
   0    3    0    2    1  
   0    0    3    2    1  ] 
RESERVATION PRICES : [    9    7    8    0    0  
  11   10    0   11    0  
  13   13   13    0    0  
  16   17   14    0    0  
  18   20   20    0    0  
  20   22   20    0    0  
  31    0   30    0   28  
  29    0   27    0   25  
  30   39   30    0    0  
  41   46    0   45    0  
   0   40   44    0   48  
  46    0   37    0   42  
  51    0    0   50   55  
  58   46    0    0   55  
  46    0    0   51   50  
   0   63   61   49    0  
   0    0   62   55   72  
  61   69    0   55    0  
   0    0   68   59   71  
   0   60   80    0   79  
  73    0   74   88    0  
  93   87   81    0    0  
  72    0   73   90    0  
   0   77   77    0   92  
   0  101    0  102  108  
  85   85   92    0    0  
   0  108   95   88    0  
  92    0    0  113  101  
 105   92    0    0  112  
   0  108  100    0   98  
 117    0  121    0  110  
 106  108  101    0    0  
   0  125    0  118  117  
   0  101   99    0  135  
 129    0  135  113    0  
 120    0  133    0  135  
 118    0  115    0  119  
 145  125    0    0  126  
 121  114    0  129    0  
   0  144  112  119    0  
   0  113  123    0  132  
 163    0  135  133    0  
 164    0  132  119    0  
 144    0    0  151  163  
 171    0  174  178    0  
 162    0    0  160  141  
 164    0  162  162    0  
 154  137    0  147    0  
   0    0  165  168  167  
 155    0  160    0  171  
 171    0  203    0  190  
 198    0  161  189    0  
 175    0  200  155    0  
 171    0    0  184  197  
 184    0    0  206  165  
   0  209  202  166    0  
 190    0  163    0  170  
 177    0  187  206    0  
 223    0  201  195    0  
 222    0    0  181  176  
 223    0    0  216  205  
   0  235  229    0  230  
 244    0  223  194    0  
   0  199  206  202    0  
   0  241    0  247  225  
   0  186    0  247  216  
 249  194  261    0    0  
 250    0  215    0  237  
   0  239  227    0  251  
   0    0  202  242  269  
   0  235    0  211  206  
 246    0  221  252    0  
 249    0    0  217  270  
 277    0    0  236  277  
 269  286    0  216    0  
 256    0  259  282    0  
   0  249    0  282  213  
 223  249    0    0  276  
   0    0  218  253  218  
   0  241    0  233  271  
 278  254  297    0    0  
   0  236    0  296  232  
   0    0  253  246  285  
 297  260    0  233    0  
 261    0  278  248    0  
   0    0  319  302  262  
 305    0  258  267    0  
 262  307  250    0    0  
   0    0  250  248  265  
 257    0  247    0  252  
 295  294  244    0    0  
 255  249    0  296    0  
   0  289  275    0  278  
 311    0    0  332  249  
   0  271  282    0  280  
   0    0  314  303  269  
   0    0  358  266  268  
 299    0  354  277    0  
   0  321  276  338    0  
 375  280    0  298    0  
 357    0  338  307    0  
 359    0    0  361  297  
 303  372  292    0    0  
   0  328  276  282    0  
   0    0  314  282  386  
   0    0  301  395  379  
 331    0  400    0  333  
   0    0  378  293  347  
   0  318  389  322    0  
 313    0    0  335  368  
 308  336  359    0    0  
 359    0  302    0  326  
   0  342    0  387  410  
 372    0    0  302  309  
 332  426    0  400    0  
 429    0  414    0  327  
 427  402  347    0    0  
 406    0  385  353    0  
 381    0  387    0  339  
 348  357  418    0    0  
 366  374    0    0  351  
   0  365  367    0  389  
 357  369    0  335    0  
   0  421    0  452  372  
   0    0  400  465  370  ] 
 ] 
