K : 150
I : 15
C : 24
INSTANCE : 4
PREFERENCES : [    5    0    0    0    1    2    0    0    0    3    4    0    0    0    0  
   4    3    0    0    0    0    0    0    0    2    0    1    0    0    5  
   0    0    5    0    4    0    0    2    0    0    0    0    0    1    3  
   0    1    2    5    0    0    0    0    0    0    4    3    0    0    0  
   0    4    0    0    1    0    0    0    0    0    3    0    0    2    5  
   0    0    0    1    4    0    3    0    5    0    0    0    0    0    2  
   0    0    0    0    0    0    1    4    5    3    0    0    2    0    0  
   0    1    0    0    0    2    0    0    0    5    4    0    3    0    0  
   0    0    0    0    2    1    0    4    3    0    0    5    0    0    0  
   1    0    0    0    0    0    0    0    0    4    0    0    5    3    2  
   0    3    0    0    5    0    0    0    1    2    0    4    0    0    0  
   0    0    0    2    0    5    1    0    0    3    0    0    0    4    0  
   4    0    1    2    0    0    0    0    0    0    5    0    0    3    0  
   0    0    3    0    0    0    0    0    0    0    0    1    4    2    5  
   0    3    0    0    0    0    0    1    5    0    4    0    0    2    0  
   0    0    0    0    3    4    0    0    0    0    2    0    0    1    5  
   0    0    0    0    0    4    0    3    1    0    0    5    0    2    0  
   0    2    0    0    0    5    0    0    4    3    0    0    0    0    1  
   0    0    0    0    0    0    0    0    0    0    4    3    1    2    5  
   2    0    0    0    0    0    0    4    3    0    0    0    5    0    1  
   0    0    0    2    0    0    5    0    4    0    0    1    3    0    0  
   0    0    0    4    0    0    5    3    2    1    0    0    0    0    0  
   0    0    0    0    0    0    1    3    0    5    0    0    0    2    4  
   0    0    0    0    0    2    0    0    0    5    0    0    3    1    4  
   0    3    1    0    2    4    0    0    5    0    0    0    0    0    0  
   2    0    3    5    0    0    0    1    0    0    0    0    0    4    0  
   0    0    0    0    2    5    3    1    0    0    0    0    0    4    0  
   5    1    0    0    0    0    2    0    0    3    0    0    0    0    4  
   3    4    0    5    0    0    0    0    0    0    0    0    1    0    2  
   0    0    1    0    0    3    2    0    0    0    0    0    5    4    0  
   0    5    0    1    0    0    0    0    2    0    4    0    3    0    0  
   0    0    0    0    0    5    0    2    1    3    0    0    4    0    0  
   0    0    0    0    2    0    0    3    0    0    4    0    5    0    1  
   5    4    0    0    2    0    0    0    0    1    0    3    0    0    0  
   0    5    3    0    4    1    0    0    0    2    0    0    0    0    0  
   0    0    0    4    0    1    2    0    5    0    0    3    0    0    0  
   0    1    4    0    0    5    0    0    0    2    0    0    3    0    0  
   0    0    0    2    0    3    0    0    0    1    0    0    0    5    4  
   2    0    0    0    0    5    4    0    0    1    0    0    0    3    0  
   1    0    0    0    3    0    0    0    4    0    0    0    0    2    5  
   5    4    0    0    0    0    0    1    0    0    0    2    3    0    0  
   0    5    0    2    0    0    0    3    0    1    0    0    4    0    0  
   5    1    0    0    0    0    2    0    4    3    0    0    0    0    0  
   0    1    3    0    0    0    0    0    4    0    0    5    2    0    0  
   4    0    0    0    0    0    0    0    0    5    1    3    2    0    0  
   0    4    0    0    0    0    0    2    1    0    0    5    0    0    3  
   0    0    2    4    0    1    0    0    3    5    0    0    0    0    0  
   0    0    0    5    2    0    0    3    0    0    1    0    0    4    0  
   5    0    3    0    2    0    0    4    1    0    0    0    0    0    0  
   0    5    0    0    2    0    0    0    0    4    0    1    0    3    0  
   5    0    0    0    1    2    0    0    0    3    0    0    4    0    0  
   2    0    0    0    0    4    1    0    0    3    0    0    0    5    0  
   4    0    0    0    3    5    0    2    0    0    0    0    0    1    0  
   3    0    2    0    5    0    0    4    0    0    0    1    0    0    0  
   0    4    3    1    0    0    0    0    0    0    0    2    5    0    0  
   0    0    0    0    2    0    4    0    0    5    1    3    0    0    0  
   0    5    0    3    0    1    0    0    0    0    2    0    4    0    0  
   0    0    0    0    0    2    1    0    0    0    0    0    5    3    4  
   0    0    0    0    0    2    0    0    0    1    3    4    5    0    0  
   0    0    2    0    3    0    0    5    0    1    0    0    0    4    0  
   2    5    0    0    0    0    0    0    0    0    4    1    3    0    0  
   0    0    4    0    0    0    2    0    0    0    1    0    3    0    5  
   4    0    0    0    0    3    5    0    0    1    0    0    0    2    0  
   0    0    4    3    0    2    0    0    0    0    0    0    0    1    5  
   0    0    0    0    2    0    3    1    0    0    5    0    4    0    0  
   0    2    3    1    0    0    4    0    0    5    0    0    0    0    0  
   1    0    0    0    5    0    0    4    2    0    0    0    0    0    3  
   0    0    0    0    5    0    4    2    0    0    3    0    0    1    0  
   0    4    0    0    0    0    0    2    3    5    0    0    1    0    0  
   0    0    5    0    2    3    0    0    0    0    0    4    1    0    0  
   0    0    4    1    0    0    0    0    0    0    2    0    5    0    3  
   0    3    0    1    0    0    0    4    0    0    5    0    0    0    2  
   0    0    0    0    3    0    0    2    5    0    4    0    0    0    1  
   0    1    0    0    2    0    0    0    0    4    0    3    5    0    0  
   3    0    0    0    0    0    0    2    0    5    1    0    0    0    4  
   3    0    0    0    0    0    0    1    0    4    2    0    5    0    0  
   3    1    0    0    0    4    5    0    0    0    0    2    0    0    0  
   3    0    0    5    0    1    2    0    0    0    0    0    0    4    0  
   0    4    1    0    0    3    0    5    0    0    0    2    0    0    0  
   1    0    0    4    0    5    2    0    0    0    0    3    0    0    0  
   3    0    0    4    0    0    0    1    2    0    0    0    0    0    5  
   0    0    0    0    2    0    1    0    5    4    0    3    0    0    0  
   0    2    0    0    0    1    0    0    5    4    0    0    0    3    0  
   0    0    5    0    1    0    0    3    2    4    0    0    0    0    0  
   0    0    3    0    2    0    1    0    0    0    4    0    0    0    5  
   5    0    0    0    0    3    0    1    0    0    0    0    4    2    0  
   0    0    5    0    3    0    0    4    0    0    0    2    0    0    1  
   1    0    0    0    0    0    4    0    0    0    2    5    3    0    0  
   3    4    0    0    1    2    0    0    0    0    0    5    0    0    0  
   0    0    1    0    0    0    0    2    0    4    0    3    0    5    0  
   3    4    5    0    0    0    0    0    0    0    2    0    0    1    0  
   0    0    0    4    0    3    5    0    2    0    0    1    0    0    0  
   4    0    0    2    0    0    1    0    3    0    0    5    0    0    0  
   0    3    0    0    0    0    1    0    2    0    0    0    5    4    0  
   0    0    2    0    0    0    1    0    4    0    5    3    0    0    0  
   0    2    0    3    1    0    0    5    4    0    0    0    0    0    0  
   0    0    1    0    0    3    0    0    0    0    2    4    0    5    0  
   0    0    2    1    0    4    0    0    0    0    3    0    5    0    0  
   0    0    3    0    0    0    0    1    2    4    0    0    0    5    0  
   0    0    0    3    2    0    0    0    0    0    0    0    5    4    1  
   0    0    0    0    1    0    2    0    0    0    4    5    0    3    0  
   0    1    0    0    0    0    0    0    0    5    2    3    4    0    0  
   0    0    0    0    3    0    0    0    0    4    0    0    5    1    2  
   0    1    0    0    0    0    0    0    5    0    0    2    0    3    4  
   0    0    3    0    0    0    2    5    4    0    0    0    0    0    1  
   0    3    0    5    0    0    2    0    0    0    0    0    4    0    1  
   5    4    0    0    0    0    0    2    3    0    0    0    0    0    1  
   0    0    0    0    5    0    4    0    0    3    2    0    1    0    0  
   0    0    0    0    0    0    5    2    0    3    4    0    0    0    1  
   0    5    0    2    1    0    0    0    3    0    0    0    4    0    0  
   0    1    0    0    0    0    0    3    0    0    0    2    4    5    0  
   0    0    1    3    2    0    4    0    0    5    0    0    0    0    0  
   4    0    1    0    0    2    5    0    3    0    0    0    0    0    0  
   0    0    1    0    5    0    2    4    0    0    0    0    0    3    0  
   5    0    0    0    0    1    0    4    0    0    0    0    0    2    3  
   4    0    0    0    0    0    0    0    2    5    0    0    0    3    1  
   0    0    1    0    2    0    0    0    5    0    0    0    0    3    4  
   0    0    0    5    0    0    2    0    4    0    3    1    0    0    0  
   0    2    0    5    0    4    0    3    0    0    0    0    1    0    0  
   3    0    0    0    4    0    0    2    5    1    0    0    0    0    0  
   0    0    4    0    0    0    0    3    0    0    2    0    5    1    0  
   0    0    0    0    1    2    5    0    4    0    3    0    0    0    0  
   0    0    0    5    0    3    1    0    2    0    0    0    0    0    4  
   0    0    0    0    4    2    0    1    5    0    0    0    0    3    0  
   0    2    3    4    1    0    0    0    0    0    0    0    5    0    0  
   0    1    0    0    0    0    0    0    0    2    5    0    4    3    0  
   0    5    0    0    1    3    0    4    0    0    0    0    2    0    0  
   0    1    0    0    2    0    0    5    3    4    0    0    0    0    0  
   1    0    0    0    2    0    0    0    0    0    3    5    0    4    0  
   0    0    1    3    0    2    0    0    0    0    0    5    4    0    0  
   0    0    0    5    3    0    0    2    0    1    0    0    0    0    4  
   0    3    1    0    0    5    0    0    4    0    2    0    0    0    0  
   0    0    0    3    0    0    0    5    0    2    0    0    0    1    4  
   1    3    4    0    0    0    0    0    0    5    2    0    0    0    0  
   0    0    0    0    0    0    1    0    0    0    2    3    0    4    5  
   0    0    0    0    5    0    0    0    0    0    2    0    3    1    4  
   0    4    0    3    0    5    0    0    0    0    2    0    1    0    0  
   0    0    5    2    0    0    0    0    0    4    0    0    3    1    0  
   0    4    0    0    1    2    0    0    0    0    0    0    0    3    5  
   5    0    0    0    0    0    0    3    0    0    0    4    1    2    0  
   0    0    2    0    3    0    1    0    0    0    5    4    0    0    0  
   0    2    1    0    0    0    0    0    5    0    0    0    4    3    0  
   0    1    0    4    0    0    0    0    5    0    2    0    0    3    0  
   5    3    2    1    0    0    4    0    0    0    0    0    0    0    0  
   5    0    0    0    0    0    0    2    0    1    0    3    0    4    0  
   5    0    0    2    0    0    0    3    0    1    0    4    0    0    0  
   0    0    0    0    2    0    1    4    0    0    3    0    5    0    0  
   3    0    0    0    0    0    0    0    5    4    2    0    0    1    0  
   0    0    5    0    1    0    0    3    0    0    4    0    2    0    0  
   1    3    0    0    0    0    4    0    2    5    0    0    0    0    0  ] 
RESERVATION PRICES : [    6    0    0    0    7    6    0    0    0    7    7    0    0    0    0  
   9   10    0    0    0    0    0    0    0    9    0   10    0    0   11  
   0    0   15    0   17    0    0   15    0    0    0    0    0   16   17  
   0   17   18   20    0    0    0    0    0    0   16   16    0    0    0  
   0   17    0    0   19    0    0    0    0    0   21    0    0   17   16  
   0    0    0   26   21    0   22    0   28    0    0    0    0    0   21  
   0    0    0    0    0    0   28   24   27   31    0    0   30    0    0  
   0   34    0    0    0   29    0    0    0   28   26    0   31    0    0  
   0    0    0    0   37   35    0   37   40    0    0   33    0    0    0  
  40    0    0    0    0    0    0    0    0   32    0    0   35   40   40  
   0   45    0    0   35    0    0    0   43   40    0   34    0    0    0  
   0    0    0   47    0   45   39    0    0   51    0    0    0   42    0  
  41    0   45   51    0    0    0    0    0    0   50    0    0   43    0  
   0    0   45    0    0    0    0    0    0    0    0   44   49   53   41  
   0   58    0    0    0    0    0   56   48    0   58    0    0   46    0  
   0    0    0    0   44   54    0    0    0    0   56    0    0   61   56  
   0    0    0    0    0   65    0   61   50    0    0   59    0   57    0  
   0   61    0    0    0   57    0    0   67   63    0    0    0    0   57  
   0    0    0    0    0    0    0    0    0    0   64   64   64   59   58  
  57    0    0    0    0    0    0   64   57    0    0    0   75    0   56  
   0    0    0   79    0    0   79    0   72    0    0   63   65    0    0  
   0    0    0   73    0    0   82   65   71   71    0    0    0    0    0  
   0    0    0    0    0    0   81   73    0   85    0    0    0   88   78  
   0    0    0    0    0   71    0    0    0   97    0    0   96   85   85  
   0   93   75    0   80   89    0    0   79    0    0    0    0    0    0  
  87    0  103  104    0    0    0  105    0    0    0    0    0   81    0  
   0    0    0    0   81   82  105  102    0    0    0    0    0  109    0  
  98   91    0    0    0    0   91    0    0   93    0    0    0    0   88  
  95  110    0  121    0    0    0    0    0    0    0    0   95    0   99  
   0    0  107    0    0  117  112    0    0    0    0    0  101  113    0  
   0   95    0  119    0    0    0    0  109    0  111    0  102    0    0  
   0    0    0    0    0  127    0  100  100   99    0    0  115    0    0  
   0    0    0    0  118    0    0  127    0    0  122    0  115    0   95  
 128  108    0    0  139    0    0    0    0  111    0  130    0    0    0  
   0  120  134    0  122  126    0    0    0  104    0    0    0    0    0  
   0    0    0  106    0  146  147    0  135    0    0  143    0    0    0  
   0  154  131    0    0  116    0    0    0  134    0    0  147    0    0  
   0    0    0  147    0  136    0    0    0  137    0    0    0  147  139  
 143    0    0    0    0  116  117    0    0  145    0    0    0  115    0  
 118    0    0    0  131    0    0    0  143    0    0    0    0  151  147  
 158  153    0    0    0    0    0  144    0    0    0  164  121    0    0  
   0  126    0  146    0    0    0  135    0  156    0    0  151    0    0  
 169  135    0    0    0    0  150    0  129  136    0    0    0    0    0  
   0  155  131    0    0    0    0    0  144    0    0  170  145    0    0  
 164    0    0    0    0    0    0    0    0  145  131  163  153    0    0  
   0  163    0    0    0    0    0  173  135    0    0  156    0    0  145  
   0    0  140  153    0  161    0    0  176  153    0    0    0    0    0  
   0    0    0  146  188    0    0  183    0    0  142    0    0  185    0  
 147    0  144    0  145    0    0  150  190    0    0    0    0    0    0  
   0  151    0    0  189    0    0    0    0  180    0  186    0  204    0  
 178    0    0    0  171  151    0    0    0  198    0    0  164    0    0  
 165    0    0    0    0  194  158    0    0  162    0    0    0  201    0  
 180    0    0    0  200  189    0  181    0    0    0    0    0  196    0  
 179    0  212    0  180    0    0  184    0    0    0  202    0    0    0  
   0  219  205  219    0    0    0    0    0    0    0  166  220    0    0  
   0    0    0    0  211    0  180    0    0  205  168  162    0    0    0  
   0  220    0  168    0  230    0    0    0    0  200    0  206    0    0  
   0    0    0    0    0  187  169    0    0    0    0    0  184  207  186  
   0    0    0    0    0  195    0    0    0  170  217  224  224    0    0  
   0    0  196    0  218    0    0  198    0  221    0    0    0  225    0  
 200  247    0    0    0    0    0    0    0    0  212  222  215    0    0  
   0    0  185    0    0    0  223    0    0    0  245    0  215    0  185  
 229    0    0    0    0  229  184    0    0  245    0    0    0  192    0  
   0    0  244  199    0  211    0    0    0    0    0    0    0  202  196  
   0    0    0    0  189    0  246  230    0    0  255    0  233    0    0  
   0  241  185  250    0    0  205    0    0  250    0    0    0    0    0  
 245    0    0    0  241    0    0  231  264    0    0    0    0    0  247  
   0    0    0    0  234    0  220  235    0    0  210    0    0  222    0  
   0  210    0    0    0    0    0  264  226  260    0    0  266    0    0  
   0    0  200    0  263  203    0    0    0    0    0  215  212    0    0  
   0    0  271  268    0    0    0    0    0    0  239    0  235    0  249  
   0  264    0  282    0    0    0  206    0    0  232    0    0    0  259  
   0    0    0    0  268    0    0  236  269    0  251    0    0    0  268  
   0  290    0    0  254    0    0    0    0  250    0  240  252    0    0  
 229    0    0    0    0    0    0  222    0  271  244    0    0    0  236  
 301    0    0    0    0    0    0  233    0  248  256    0  237    0    0  
 279  301    0    0    0  292  260    0    0    0    0  234    0    0    0  
 309    0    0  263    0  271  285    0    0    0    0    0    0  248    0  
   0  269  308    0    0  276    0  304    0    0    0  304    0    0    0  
 272    0    0  310    0  301  232    0    0    0    0  228    0    0    0  
 309    0    0  266    0    0    0  266  302    0    0    0    0    0  262  
   0    0    0    0  303    0  307    0  238  267    0  299    0    0    0  
   0  272    0    0    0  270    0    0  246  269    0    0    0  248    0  
   0    0  292    0  288    0    0  265  270  326    0    0    0    0    0  
   0    0  322    0  315    0  313    0    0    0  315    0    0    0  288  
 298    0    0    0    0  314    0  321    0    0    0    0  250  292    0  
   0    0  253    0  269    0    0  326    0    0    0  281    0    0  338  
 329    0    0    0    0    0  293    0    0    0  249  298  312    0    0  
 255  289    0    0  316  260    0    0    0    0    0  281    0    0    0  
   0    0  310    0    0    0    0  317    0  258    0  283    0  345    0  
 339  263  276    0    0    0    0    0    0    0  292    0    0  270    0  
   0    0    0  269    0  261  257    0  281    0    0  324    0    0    0  
 352    0    0  293    0    0  312    0  319    0    0  356    0    0    0  
   0  317    0    0    0    0  358    0  301    0    0    0  358  346    0  
   0    0  364    0    0    0  321    0  361    0  329  316    0    0    0  
   0  365    0  298  283    0    0  292  306    0    0    0    0    0    0  
   0    0  350    0    0  320    0    0    0    0  326  367    0  299    0  
   0    0  280  280    0  286    0    0    0    0  295    0  336    0    0  
   0    0  377    0    0    0    0  307  281  292    0    0    0  287    0  
   0    0    0  374  322    0    0    0    0    0    0    0  359  342  294  
   0    0    0    0  339    0  296    0    0    0  363  372    0  360    0  
   0  303    0    0    0    0    0    0    0  354  301  359  311    0    0  
   0    0    0    0  355    0    0    0    0  345    0    0  291  397  365  
   0  309    0    0    0    0    0    0  310    0    0  351    0  385  377  
   0    0  313    0    0    0  328  373  346    0    0    0    0    0  391  
   0  362    0  366    0    0  397    0    0    0    0    0  304    0  348  
 366  400    0    0    0    0    0  385  409    0    0    0    0    0  309  
   0    0    0    0  341    0  343    0    0  338  343    0  303    0    0  
   0    0    0    0    0    0  370  303    0  411  301    0    0    0  303  
   0  360    0  329  361    0    0    0  410    0    0    0  335    0    0  
   0  391    0    0    0    0    0  315    0    0    0  360  352  337    0  
   0    0  336  308  424    0  355    0    0  316    0    0    0    0    0  
 338    0  310    0    0  356  338    0  317    0    0    0    0    0    0  
   0    0  429    0  355    0  398  332    0    0    0    0    0  397    0  
 382    0    0    0    0  373    0  415    0    0    0    0    0  376  386  
 390    0    0    0    0    0    0    0  379  324    0    0    0  424  383  
   0    0  383    0  388    0    0    0  385    0    0    0    0  391  401  
   0    0    0  452    0    0  394    0  361    0  356  392    0    0    0  
   0  435    0  416    0  334    0  454    0    0    0    0  342    0    0  
 402    0    0    0  415    0    0  459  466  458    0    0    0    0    0  
   0    0  357    0    0    0    0  401    0    0  427    0  362  338    0  
   0    0    0    0  448  442  418    0  365    0  426    0    0    0    0  
   0    0    0  427    0  365  357    0  346    0    0    0    0    0  431  
   0    0    0    0  461  430    0  461  452    0    0    0    0  418    0  
   0  421  372  397  460    0    0    0    0    0    0    0  400    0    0  
   0  459    0    0    0    0    0    0    0  345  373    0  423  386    0  
   0  459    0    0  394  476    0  369    0    0    0    0  459    0    0  
   0  491    0    0  484    0    0  423  425  476    0    0    0    0    0  
 400    0    0    0  436    0    0    0    0    0  472  429    0  379    0  
   0    0  453  482    0  385    0    0    0    0    0  498  433    0    0  
   0    0    0  424  488    0    0  503    0  453    0    0    0    0  455  
   0  373  458    0    0  447    0    0  417    0  460    0    0    0    0  
   0    0    0  431    0    0    0  509    0  398    0    0    0  463  368  
 429  470  420    0    0    0    0    0    0  485  443    0    0    0    0  
   0    0    0    0    0    0  451    0    0    0  416  494    0  383  492  
   0    0    0    0  481    0    0    0    0    0  423    0  379  482  447  
   0  399    0  515    0  406    0    0    0    0  386    0  390    0    0  
   0    0  436  392    0    0    0    0    0  480    0    0  436  396    0  
   0  464    0    0  530  406    0    0    0    0    0    0    0  483  487  
 534    0    0    0    0    0    0  461    0    0    0  483  484  512    0  
   0    0  447    0  389    0  506    0    0    0  521  437    0    0    0  
   0  513  504    0    0    0    0    0  401    0    0    0  454  451    0  
   0  510    0  520    0    0    0    0  542    0  521    0    0  509    0  
 398  413  501  428    0    0  436    0    0    0    0    0    0    0    0  
 455    0    0    0    0    0    0  408    0  407    0  502    0  413    0  
 484    0    0  456    0    0    0  534    0  497    0  478    0    0    0  
   0    0    0    0  513    0  534  495    0    0  418    0  431    0    0  
 430    0    0    0    0    0    0    0  550  444  534    0    0  426    0  
   0    0  406    0  411    0    0  406    0    0  501    0  491    0    0  
 519  417    0    0    0    0  560    0  491  436    0    0    0    0    0  ] 
 ] 
