K : 100
I : 10
C : 20
INSTANCE : 4
PREFERENCES : [    0    0    0    5    0    4    2    0    3    1  
   0    0    2    5    3    1    4    0    0    0  
   3    0    0    0    1    4    5    2    0    0  
   0    3    4    1    0    0    0    0    2    5  
   0    1    4    0    0    0    0    5    3    2  
   2    5    0    0    3    1    4    0    0    0  
   0    4    0    3    5    2    0    0    1    0  
   1    5    0    0    2    4    0    0    3    0  
   4    2    5    0    0    1    0    0    0    3  
   0    4    0    5    0    0    0    3    2    1  
   0    4    3    5    2    0    0    1    0    0  
   5    3    0    0    2    0    0    1    0    4  
   2    4    5    0    1    0    3    0    0    0  
   3    0    2    1    0    5    4    0    0    0  
   1    5    2    0    0    0    3    0    4    0  
   0    0    1    2    5    3    4    0    0    0  
   0    4    0    0    0    0    3    2    5    1  
   0    1    0    0    3    2    5    0    0    4  
   0    1    2    4    0    5    0    0    0    3  
   3    0    5    0    4    0    0    2    0    1  
   0    2    0    0    4    5    3    0    1    0  
   0    4    0    5    0    0    0    3    2    1  
   0    5    2    3    4    0    0    0    1    0  
   0    4    3    0    0    1    2    5    0    0  
   1    0    4    0    3    5    2    0    0    0  
   1    3    0    4    0    0    0    5    0    2  
   0    4    1    0    0    3    0    5    2    0  
   0    5    0    2    0    0    3    4    1    0  
   0    2    3    0    0    0    5    4    0    1  
   0    1    5    0    4    0    0    2    0    3  
   0    3    1    4    2    0    0    0    5    0  
   2    4    5    0    0    3    0    0    1    0  
   2    0    0    4    0    3    0    1    5    0  
   0    0    0    0    5    1    3    2    0    4  
   0    0    0    3    0    0    2    1    5    4  
   2    5    4    0    0    1    0    3    0    0  
   0    0    0    3    0    4    1    0    5    2  
   3    5    0    4    0    0    2    0    0    1  
   0    0    5    0    3    2    0    4    1    0  
   0    0    4    3    0    0    1    2    0    5  
   3    0    0    1    5    0    2    0    0    4  
   0    0    4    0    3    5    0    1    2    0  
   2    4    0    0    3    0    0    0    1    5  
   2    0    0    3    0    1    0    0    4    5  
   0    1    4    5    2    0    0    0    0    3  
   1    0    5    3    0    0    0    4    2    0  
   0    0    1    0    4    0    2    5    3    0  
   0    4    0    3    5    0    0    0    1    2  
   0    1    5    0    4    0    0    2    3    0  
   5    0    4    0    2    0    0    0    3    1  
   0    4    0    1    3    0    0    2    0    5  
   0    5    1    0    0    0    4    2    0    3  
   0    0    1    3    4    5    2    0    0    0  
   0    1    0    3    2    0    5    0    4    0  
   2    0    5    3    1    0    0    0    0    4  
   5    0    2    1    4    0    0    0    3    0  
   0    0    5    3    0    4    0    0    2    1  
   0    0    5    3    1    0    0    2    4    0  
   0    4    1    2    0    3    0    0    5    0  
   2    0    0    1    3    0    0    4    0    5  
   0    0    0    5    2    4    1    3    0    0  
   0    1    2    5    0    4    0    3    0    0  
   0    1    3    0    0    0    5    4    2    0  
   0    0    5    2    1    3    0    4    0    0  
   0    2    0    0    1    5    4    3    0    0  
   2    1    0    0    0    0    0    4    5    3  
   0    1    4    3    2    0    0    0    5    0  
   0    0    0    2    5    4    3    1    0    0  
   0    0    0    5    0    2    1    4    0    3  
   0    5    0    1    3    2    4    0    0    0  
   0    0    5    3    0    4    1    0    0    2  
   5    4    0    0    0    3    0    0    1    2  
   0    2    5    0    3    1    0    4    0    0  
   1    3    0    2    5    0    0    0    4    0  
   3    2    0    1    4    0    0    0    0    5  
   0    0    4    3    0    2    5    0    0    1  
   0    4    1    5    3    0    2    0    0    0  
   4    5    2    0    0    0    3    0    0    1  
   0    4    0    1    0    2    0    0    3    5  
   0    0    0    5    4    3    1    2    0    0  
   0    3    1    0    0    0    0    5    2    4  
   0    0    5    4    1    2    3    0    0    0  
   3    0    0    1    4    0    0    0    2    5  
   0    3    1    0    0    4    2    5    0    0  
   0    5    0    2    0    1    4    0    0    3  
   0    5    2    0    1    0    0    4    0    3  
   3    0    1    0    0    2    0    5    4    0  
   4    0    5    0    3    0    0    2    1    0  
   1    0    2    0    3    0    4    5    0    0  
   0    3    0    1    5    0    4    2    0    0  
   2    0    3    1    0    5    0    0    0    4  
   5    2    3    4    0    0    1    0    0    0  
   0    2    0    5    3    0    4    1    0    0  
   0    5    2    0    3    0    4    0    1    0  
   0    0    0    5    2    3    0    0    1    4  
   5    0    3    0    4    0    0    2    1    0  
   0    0    4    1    2    3    0    0    5    0  
   3    5    2    0    4    0    0    1    0    0  
   0    0    5    2    1    0    4    0    3    0  
   3    0    5    2    0    4    1    0    0    0  ] 
RESERVATION PRICES : [    0    0    0    5    0    6    6    0    5    6  
   0    0   11   10   11   11   11    0    0    0  
  15    0    0    0   14   17   15   14    0    0  
   0   21   20   24    0    0    0    0   20   22  
   0   21   26    0    0    0    0   26   19   23  
  29   29    0    0   26   26   28    0    0    0  
   0   37    0   30   35   33    0    0   35    0  
  41   41    0    0   41   31    0    0   36    0  
  44   35   43    0    0   32    0    0    0   33  
   0   38    0   41    0    0    0   39   32   43  
   0   46   39   46   44    0    0   41    0    0  
  49   51    0    0   53    0    0   41    0   46  
  47   42   51    0   42    0   53    0    0    0  
  59    0   57   57    0   45   58    0    0    0  
  47   62   60    0    0    0   50    0   46    0  
   0    0   55   54   60   51   58    0    0    0  
   0   62    0    0    0    0   53   61   54   60  
   0   72    0    0   70   63   65    0    0   67  
   0   63   73   67    0   79    0    0    0   77  
  84    0   84    0   72    0    0   63    0   74  
   0   86    0    0   65   83   78    0   75    0  
   0   78    0   94    0    0    0   92   68   80  
   0   86   91   95   92    0    0    0   76    0  
   0  101   76    0    0   99   74   83    0    0  
  89    0   93    0   74  100   99    0    0    0  
  98   97    0   86    0    0    0   87    0   98  
   0   98  100    0    0   90    0   84  100    0  
   0   99    0  115    0    0  108   90   84    0  
   0  114  106    0    0    0   92  102    0  114  
   0   93  106    0  105    0    0   91    0   88  
   0   98   90   95   91    0    0    0  122    0  
 105  116  104    0    0  114    0    0  102    0  
 120    0    0  103    0  127    0  114   98    0  
   0    0    0    0  103  111  131  103    0  103  
   0    0    0  127    0    0  107  119  106  111  
 114  139  123    0    0  123    0  125    0    0  
   0    0    0  110    0  144  108    0  111  147  
 129  150    0  150    0    0  150    0    0  138  
   0    0  116    0  145  131    0  153  147    0  
   0    0  163  160    0    0  142  143    0  163  
 128    0    0  152  154    0  160    0    0  130  
   0    0  124    0  151  143    0  170  156    0  
 148  130    0    0  164    0    0    0  154  128  
 155    0    0  179    0  138    0    0  170  156  
   0  170  169  130  164    0    0    0    0  157  
 182    0  170  183    0    0    0  175  158    0  
   0    0  142    0  180    0  186  187  179    0  
   0  180    0  176  167    0    0    0  149  193  
   0  177  181    0  180    0    0  152  159    0  
 202    0  178    0  194    0    0    0  174  184  
   0  181    0  154  207    0    0  161    0  177  
   0  188  168    0    0    0  210  200    0  164  
   0    0  156  160  213  192  161    0    0    0  
   0  167    0  161  191    0  189    0  196    0  
 194    0  219  166  193    0    0    0    0  185  
 175    0  194  205  168    0    0    0  165    0  
   0    0  207  179    0  224    0    0  175  187  
   0    0  227  217  200    0    0  169  174    0  
   0  170  227  207    0  174    0    0  188    0  
 202    0    0  227  179    0    0  210    0  176  
   0    0    0  205  183  242  179  226    0    0  
   0  239  228  214    0  184    0  204    0    0  
   0  190  193    0    0    0  219  190  236    0  
   0    0  184  195  194  224    0  235    0    0  
   0  190    0    0  250  181  197  238    0    0  
 230  185    0    0    0    0    0  245  213  185  
   0  196  253  233  221    0    0    0  200    0  
   0    0    0  190  261  214  201  232    0    0  
   0    0    0  233    0  200  254  241    0  268  
   0  218    0  207  263  211  203    0    0    0  
   0    0  204  244    0  227  253    0    0  204  
 280  241    0    0    0  247    0    0  216  236  
   0  220  281    0  262  255    0  277    0    0  
 235  228    0  235  215    0    0    0  216    0  
 284  282    0  277  272    0    0    0    0  253  
   0    0  293  287    0  224  262    0    0  292  
   0  248  232  267  275    0  284    0    0    0  
 237  287  245    0    0    0  238    0    0  245  
   0  235    0  275    0  254    0    0  288  238  
   0    0    0  266  261  267  223  245    0    0  
   0  298  239    0    0    0    0  227  290  305  
   0    0  275  254  230  253  250    0    0    0  
 305    0    0  292  268    0    0    0  279  317  
   0  250  257    0    0  249  266  245    0    0  
   0  261    0  276    0  321  301    0    0  314  
   0  242  327    0  299    0    0  314    0  293  
 246    0  275    0    0  321    0  289  276    0  
 289    0  328    0  257    0    0  289  304    0  
 300    0  280    0  288    0  275  247    0    0  
   0  265    0  324  297    0  291  279    0    0  
 304    0  298  274    0  289    0    0    0  333  
 261  330  326  270    0    0  308    0    0    0  
   0  300    0  311  259    0  298  270    0    0  
   0  325  271    0  341    0  313    0  328    0  
   0    0    0  297  292  272    0    0  318  321  
 325    0  319    0  326    0    0  332  359    0  
   0    0  299  365  345  265    0    0  287    0  
 286  332  289    0  328    0    0  314    0    0  
   0    0  343  282  295    0  366    0  288    0  
 328    0  294  361    0  360  310    0    0    0  ] 
 ] 
