K : 100
I : 10
C : 10
INSTANCE : 1
PREFERENCES : [    1    4    0    3    5    0    0    0    2    0  
   0    0    0    5    4    1    2    0    3    0  
   0    0    0    3    1    5    2    4    0    0  
   3    0    2    0    5    4    0    0    1    0  
   0    1    0    0    5    2    0    0    4    3  
   2    4    0    5    0    0    3    1    0    0  
   4    0    0    5    2    0    0    0    1    3  
   1    0    2    0    3    5    0    4    0    0  
   3    5    0    0    0    1    2    0    4    0  
   0    0    0    0    1    5    2    4    3    0  
   0    1    0    2    5    3    0    0    0    4  
   4    0    3    0    0    0    2    0    5    1  
   0    5    2    1    0    4    0    3    0    0  
   0    4    5    2    0    0    0    3    1    0  
   3    5    0    4    0    0    1    0    0    2  
   0    3    1    0    5    4    2    0    0    0  
   0    4    0    1    0    3    0    0    5    2  
   0    0    5    2    0    4    1    0    3    0  
   4    0    3    2    0    0    1    0    5    0  
   0    0    4    2    0    3    0    1    5    0  
   0    0    0    1    2    0    5    3    0    4  
   1    3    5    0    0    2    0    0    0    4  
   0    3    4    1    0    5    0    0    2    0  
   0    0    5    4    0    0    1    3    2    0  
   0    0    1    0    4    2    0    0    5    3  
   0    0    4    0    2    3    0    5    0    1  
   0    5    2    0    1    4    3    0    0    0  
   0    0    1    2    0    3    4    0    0    5  
   0    0    4    2    3    5    1    0    0    0  
   0    1    4    5    0    2    3    0    0    0  
   0    0    3    5    0    2    0    1    4    0  
   0    2    0    3    1    0    0    5    0    4  
   5    4    0    0    0    2    0    1    0    3  
   0    4    1    5    3    0    0    0    0    2  
   2    0    0    0    1    0    3    5    4    0  
   3    0    0    2    5    0    0    1    0    4  
   0    0    2    0    5    0    3    4    1    0  
   1    3    0    0    0    0    4    2    5    0  
   0    4    0    1    0    0    5    3    0    2  
   0    5    0    2    1    4    3    0    0    0  
   4    3    5    1    0    0    0    0    2    0  
   0    3    0    1    0    5    2    0    0    4  
   0    3    2    0    0    1    0    0    5    4  
   0    0    4    5    0    2    3    1    0    0  
   0    2    0    3    0    5    4    0    1    0  
   4    0    0    5    3    0    0    1    0    2  
   0    0    0    3    0    1    4    2    5    0  
   0    0    0    2    1    0    4    0    3    5  
   3    5    2    1    0    0    0    0    4    0  
   2    0    4    1    0    3    0    5    0    0  
   2    1    0    0    0    3    0    4    5    0  
   2    1    0    4    0    0    0    5    3    0  
   0    2    1    4    0    0    5    0    3    0  
   0    0    2    0    3    1    0    4    0    5  
   0    0    1    4    5    0    0    3    2    0  
   0    5    0    0    1    3    0    0    4    2  
   1    0    5    0    0    2    3    0    0    4  
   4    5    0    3    0    1    0    0    2    0  
   1    3    0    0    2    0    4    5    0    0  
   0    5    1    3    0    0    0    2    0    4  
   0    0    0    5    0    1    0    2    4    3  
   0    0    0    0    1    0    4    2    5    3  
   2    0    1    0    5    0    0    3    4    0  
   1    5    0    0    4    0    0    0    2    3  
   0    5    4    0    2    0    1    0    3    0  
   5    0    1    0    0    0    4    0    2    3  
   4    0    1    0    3    0    0    5    2    0  
   0    4    1    5    0    2    0    0    3    0  
   4    0    3    1    2    5    0    0    0    0  
   0    1    0    4    0    3    0    0    5    2  
   0    2    0    1    0    4    5    0    3    0  
   0    3    2    5    1    0    0    0    0    4  
   3    5    2    4    0    0    0    1    0    0  
   5    4    3    0    0    2    0    0    0    1  
   0    5    0    1    2    0    3    0    0    4  
   0    3    0    4    0    0    2    0    5    1  
   0    0    4    5    0    0    0    1    2    3  
   1    0    0    0    3    2    0    0    5    4  
   0    5    0    4    0    0    2    1    0    3  
   0    0    4    0    3    0    2    5    0    1  
   5    2    0    0    3    0    4    0    1    0  
   0    3    0    1    0    0    4    5    0    2  
   5    0    4    2    1    0    3    0    0    0  
   0    0    5    3    4    0    2    1    0    0  
   0    0    3    4    0    5    1    2    0    0  
   0    0    1    4    0    3    5    2    0    0  
   2    0    1    4    0    5    3    0    0    0  
   1    2    4    0    0    0    0    5    0    3  
   0    0    1    3    4    0    0    5    0    2  
   5    0    3    0    1    0    0    0    2    4  
   4    0    5    2    0    1    0    0    3    0  
   0    0    2    0    3    4    5    1    0    0  
   0    0    4    0    0    0    3    5    1    2  
   2    3    5    0    4    0    0    0    0    1  
   4    0    3    1    0    5    0    0    0    2  
   0    4    0    0    0    1    3    5    0    2  
   0    5    1    0    0    3    0    0    2    4  
   0    1    2    0    0    5    3    0    4    0  
   0    1    3    4    2    0    0    0    5    0  
   0    0    2    4    1    5    0    3    0    0  ] 
RESERVATION PRICES : [    5    5    0    6    6    0    0    0    5    0  
   0    0    0   13   13   11   13    0   11    0  
   0    0    0   14   14   15   14   15    0    0  
  14    0   14    0   14   12    0    0   16    0  
   0   20    0    0   17   23    0    0   19   17  
  23   20    0   20    0    0   23   19    0    0  
  27    0    0   28   27    0    0    0   26   30  
  31    0   36    0   34   38    0   33    0    0  
  35   32    0    0    0   37   36    0   40    0  
   0    0    0    0   45   39   42   36   40    0  
   0   45    0   40   42   44    0    0    0   40  
  48    0   40    0    0    0   48    0   54   45  
   0   48   51   53    0   58    0   51    0    0  
   0   46   53   60    0    0    0   58   58    0  
  66   51    0   57    0    0   60    0    0   52  
   0   67   59    0   69   70   54    0    0    0  
   0   72    0   65    0   73    0    0   57   70  
   0    0   72   61    0   60   76    0   58    0  
  64    0   71   74    0    0   75    0   62    0  
   0    0   64   75    0   81    0   87   75    0  
   0    0    0   71   79    0   81   69    0   78  
  68   71   86    0    0   70    0    0    0   74  
   0   93   72   77    0   76    0    0   80    0  
   0    0   98   91    0    0   82   83   97    0  
   0    0   88    0  100   86    0    0   79  102  
   0    0   95    0  103  100    0   85    0   76  
   0   96   80    0   97   94   94    0    0    0  
   0    0  103   96    0  109  100    0    0   93  
   0    0  101   96   88  102  103    0    0    0  
   0  120  118  122    0   97   89    0    0    0  
   0    0  109  131    0  125    0  122  126    0  
   0  112    0  123  109    0    0  101    0  105  
 109  114    0    0    0  137    0  114    0  140  
   0  140  132  128  107    0    0    0    0  114  
 123    0    0    0  139    0  127  123  137    0  
 151    0    0  121  119    0    0  136    0  143  
   0    0  120    0  139    0  132  114  125    0  
 127  127    0    0    0    0  145  138  131    0  
   0  167    0  144    0    0  150  135    0  130  
   0  126    0  148  145  124  125    0    0    0  
 161  127  139  127    0    0    0    0  171    0  
   0  149    0  148    0  141  162    0    0  144  
   0  169  165    0    0  140    0    0  151  167  
   0    0  149  185    0  158  144  182    0    0  
   0  155    0  181    0  182  162    0  145    0  
 196    0    0  141  166    0    0  150    0  172  
   0    0    0  146    0  193  199  173  185    0  
   0    0    0  154  160    0  181    0  163  182  
 158  189  203  160    0    0    0    0  191    0  
 174    0  173  186    0  178    0  189    0    0  
 167  180    0    0    0  182    0  173  202    0  
 205  155    0  163    0    0    0  189  170    0  
   0  167  167  174    0    0  167    0  198    0  
   0    0  198    0  197  175    0  197    0  191  
   0    0  193  183  226    0    0  194  202    0  
   0  163    0    0  223  215    0    0  194  199  
 225    0  170    0    0  215  210    0    0  203  
 197  221    0  190    0  180    0    0  229    0  
 202  177    0    0  211    0  225  167    0    0  
   0  215  229  225    0    0    0  196    0  200  
   0    0    0  207    0  209    0  224  196  229  
   0    0    0    0  195    0  223  174  213  207  
 191    0  219    0  229    0    0  210  212    0  
 219  217    0    0  224    0    0    0  200  189  
   0  198  240    0  238    0  236    0  194    0  
 251    0  191    0    0    0  190    0  217  211  
 199    0  185    0  237    0    0  202  255    0  
   0  257  220  255    0  253    0    0  187    0  
 225    0  195  214  216  232    0    0    0    0  
   0  235    0  198    0  253    0    0  216  246  
   0  226    0  207    0  238  200    0  231    0  
   0  275  250  207  231    0    0    0    0  228  
 275  217  252  251    0    0    0  260    0    0  
 252  246  257    0    0  232    0    0    0  260  
   0  246    0  270  233    0  244    0    0  221  
   0  217    0  215    0    0  241    0  241  245  
   0    0  285  254    0    0    0  218  275  291  
 269    0    0    0  233  241    0    0  278  274  
   0  285    0  251    0    0  220  297    0  274  
   0    0  242    0  289    0  281  235    0  252  
 284  278    0    0  242    0  242    0  256    0  
   0  302    0  253    0    0  272  234    0  234  
 232    0  232  270  296    0  297    0    0    0  
   0    0  264  269  239    0  263  237    0    0  
   0    0  312  280    0  249  319  266    0    0  
   0    0  320  243    0  297  275  303    0    0  
 294    0  285  265    0  237  270    0    0    0  
 262  327  259    0    0    0    0  283    0  281  
   0    0  295  246  255    0    0  302    0  314  
 318    0  329    0  334    0    0    0  338  322  
 331    0  248  293    0  266    0    0  273    0  
   0    0  299    0  285  264  323  322    0    0  
   0    0  260    0    0    0  322  300  271  264  
 319  272  317    0  348    0    0    0    0  259  
 331    0  308  319    0  354    0    0    0  294  
   0  330    0    0    0  349  294  305    0  328  
   0  291  297    0    0  329    0    0  362  261  
   0  277  284    0    0  357  299    0  306    0  
   0  327  359  341  362    0    0    0  271    0  
   0    0  308  299  274  333    0  310    0    0  ] 
 ] 
