K : 50
I : 5
C : 2
INSTANCE : 4
PREFERENCES : [    3    1    0    0    2  
   0    2    3    0    1  
   3    1    0    0    2  
   2    0    1    3    0  
   2    0    0    1    3  
   0    2    1    3    0  
   3    1    0    2    0  
   0    2    1    3    0  
   0    1    3    0    2  
   0    0    1    2    3  
   3    0    2    1    0  
   0    1    3    2    0  
   0    1    0    3    2  
   0    2    0    1    3  
   2    1    0    0    3  
   1    2    0    0    3  
   0    3    1    0    2  
   1    0    0    3    2  
   2    1    0    3    0  
   0    0    3    2    1  
   0    2    3    1    0  
   0    2    1    3    0  
   3    1    2    0    0  
   2    0    3    0    1  
   0    0    3    2    1  
   1    0    2    3    0  
   0    1    2    3    0  
   2    3    0    1    0  
   0    0    1    3    2  
   2    0    0    1    3  
   3    1    0    0    2  
   3    0    0    1    2  
   1    2    0    3    0  
   0    0    2    3    1  
   1    0    2    0    3  
   3    1    0    2    0  
   0    0    2    1    3  
   0    3    2    1    0  
   0    2    0    3    1  
   0    0    3    1    2  
   3    0    2    0    1  
   2    3    0    0    1  
   2    0    3    0    1  
   3    0    1    0    2  
   3    0    2    1    0  
   0    0    2    3    1  
   0    1    2    0    3  
   0    1    2    0    3  
   0    3    0    2    1  
   0    0    2    1    3  ] 
RESERVATION PRICES : [    6    7    0    0    6  
   0   10   11    0   10  
  16   12    0    0   13  
  13    0   15   15    0  
  16    0    0   16   15  
   0   19   25   22    0  
  26   25    0   22    0  
   0   28   25   29    0  
   0   35   30    0   32  
   0    0   42   44   39  
  47    0   40   45    0  
   0   51   51   50    0  
   0   53    0   50   41  
   0   50    0   50   43  
  61   49    0    0   50  
  66   68    0    0   61  
   0   70   56    0   63  
  80    0    0   66   67  
  80   66    0   67    0  
   0    0   73   77   86  
   0   75   77   70    0  
   0   84   70   90    0  
  72   84   74    0    0  
  84    0   95    0   77  
   0    0   76   89   83  
  85    0   74   93    0  
   0   93  106  101    0  
  93   84    0  107    0  
   0    0   85   95  115  
 101    0    0   95  117  
  94   87    0    0  117  
 104    0    0  100   98  
 105  104    0  116    0  
   0    0  127  115  106  
 130    0  128    0  121  
 117  118    0  110    0  
   0    0  128  134  119  
   0  133  108  120    0  
   0  128    0  121  117  
   0    0  155  137  113  
 153    0  159    0  155  
 159  160    0    0  131  
 143    0  149    0  124  
 144    0  128    0  147  
 162    0  141  131    0  
   0    0  140  171  131  
   0  161  181    0  146  
   0  148  157    0  133  
   0  134    0  133  137  
   0    0  173  189  176  ] 
 ] 
