K : 125
I : 15
C : 5
INSTANCE : 4
PREFERENCES : [    0    4    3    0    0    1    0    0    0    0    0    0    2    5    0  
   5    0    2    0    0    1    0    0    0    0    4    0    0    3    0  
   0    0    0    0    0    0    0    0    1    2    0    5    0    3    4  
   5    0    0    4    0    2    0    0    0    0    0    1    0    3    0  
   4    0    0    5    2    0    0    0    0    0    3    0    0    0    1  
   0    5    0    2    0    0    0    0    0    0    4    3    0    1    0  
   0    0    0    5    0    0    0    4    1    3    0    0    0    0    2  
   0    0    1    3    0    0    5    4    2    0    0    0    0    0    0  
   0    5    0    4    0    2    0    0    1    0    0    0    3    0    0  
   0    0    0    0    3    0    0    0    0    0    5    4    1    2    0  
   0    4    3    0    5    0    0    0    0    1    2    0    0    0    0  
   0    0    0    0    4    2    0    5    3    0    0    0    0    0    1  
   0    0    0    0    0    2    0    5    1    0    0    4    0    3    0  
   0    0    0    1    0    5    0    2    0    3    0    0    0    0    4  
   0    0    0    0    1    0    0    2    0    0    0    5    4    3    0  
   0    2    0    0    0    0    0    5    4    0    1    0    0    3    0  
   0    0    0    1    2    4    0    5    0    0    0    3    0    0    0  
   0    3    0    0    1    0    2    5    4    0    0    0    0    0    0  
   3    0    0    0    0    1    0    0    0    0    2    0    5    4    0  
   5    0    0    0    0    3    0    1    0    0    2    0    0    0    4  
   0    2    0    0    0    0    0    5    0    0    4    1    0    3    0  
   0    4    0    1    0    0    0    5    0    0    0    0    0    2    3  
   0    0    0    3    0    0    5    0    0    0    0    0    1    4    2  
   0    0    0    3    0    0    0    0    0    5    0    0    1    2    4  
   0    0    4    0    1    0    0    0    3    0    2    0    0    5    0  
   4    0    2    0    0    0    0    1    0    0    0    5    0    3    0  
   0    3    0    0    0    4    0    2    0    0    1    0    5    0    0  
   0    1    0    0    0    0    0    0    5    0    0    4    0    3    2  
   0    4    0    1    0    3    0    0    0    0    5    0    0    0    2  
   2    4    0    0    0    5    0    3    0    0    0    0    0    0    1  
   0    0    0    0    3    5    0    0    0    0    2    1    0    0    4  
   0    0    2    0    4    0    0    3    1    0    0    0    0    0    5  
   5    0    0    0    0    4    0    0    0    3    0    2    1    0    0  
   3    0    0    0    0    0    5    2    0    0    4    1    0    0    0  
   0    0    0    0    0    0    0    4    3    0    0    0    2    5    1  
   5    0    2    0    4    0    0    3    0    0    1    0    0    0    0  
   5    0    0    4    1    2    0    0    3    0    0    0    0    0    0  
   2    4    0    0    0    0    3    0    0    0    0    0    0    5    1  
   3    0    0    0    0    1    0    0    5    0    0    0    4    2    0  
   0    0    0    2    0    1    0    4    5    0    0    0    0    0    3  
   0    0    0    4    2    0    0    1    0    3    5    0    0    0    0  
   2    0    1    0    3    0    0    4    0    5    0    0    0    0    0  
   0    0    4    3    0    0    0    0    0    0    1    0    2    0    5  
   0    0    0    0    0    0    3    0    0    4    1    0    0    5    2  
   0    3    0    1    0    2    5    0    0    0    0    0    4    0    0  
   0    0    0    5    3    0    0    0    0    0    1    2    0    0    4  
   0    3    0    5    0    4    1    0    0    0    2    0    0    0    0  
   2    0    0    0    0    5    0    3    1    0    4    0    0    0    0  
   0    0    0    0    2    0    0    0    0    4    0    3    1    0    5  
   5    0    0    0    2    4    1    0    0    0    0    0    3    0    0  
   0    2    0    4    0    0    0    0    0    0    0    1    5    3    0  
   4    2    1    3    0    0    0    0    0    0    0    5    0    0    0  
   0    0    2    0    0    0    0    0    3    4    1    0    0    0    5  
   3    0    0    0    0    0    0    1    5    4    0    0    2    0    0  
   5    0    0    0    1    0    0    0    0    0    0    2    4    0    3  
   3    0    1    0    0    0    0    0    4    0    0    5    0    0    2  
   0    0    3    4    1    0    0    0    0    0    0    2    0    5    0  
   0    2    0    0    0    0    3    0    0    0    4    5    0    1    0  
   0    2    0    3    0    0    1    0    0    0    0    5    0    0    4  
   1    4    2    5    0    0    3    0    0    0    0    0    0    0    0  
   0    0    0    0    0    0    4    0    0    3    5    0    2    1    0  
   5    1    0    0    0    0    0    0    2    0    0    0    3    4    0  
   5    0    0    0    0    0    0    4    0    1    0    0    0    2    3  
   0    0    3    0    0    0    0    4    0    0    5    0    0    2    1  
   0    5    0    3    0    0    2    0    0    4    0    0    0    0    1  
   0    0    0    5    0    0    0    0    1    2    3    4    0    0    0  
   0    0    3    0    0    1    5    0    2    0    0    0    0    4    0  
   4    5    2    0    0    0    0    0    0    0    0    0    0    3    1  
   5    2    0    0    0    0    0    0    0    3    1    0    4    0    0  
   2    0    0    3    0    0    4    0    0    0    0    5    1    0    0  
   0    4    0    0    3    2    0    5    0    0    0    1    0    0    0  
   0    4    2    0    1    0    0    0    0    0    3    0    0    5    0  
   1    0    0    4    0    5    3    0    2    0    0    0    0    0    0  
   4    0    1    2    5    0    3    0    0    0    0    0    0    0    0  
   5    0    0    4    1    0    0    0    3    0    0    0    0    2    0  
   0    0    0    0    0    4    2    5    0    1    0    0    0    0    3  
   2    0    0    0    0    0    0    4    0    0    3    0    0    5    1  
   0    5    3    0    0    0    0    0    4    2    0    0    1    0    0  
   0    4    0    0    0    5    0    1    0    0    0    3    0    0    2  
   0    0    1    0    5    0    0    0    4    3    0    0    0    2    0  
   0    0    0    2    3    0    4    5    0    0    0    0    1    0    0  
   0    0    0    0    2    3    0    0    0    1    0    0    0    4    5  
   0    5    2    0    0    4    0    0    0    0    3    1    0    0    0  
   0    0    0    2    0    1    0    3    0    0    5    0    0    0    4  
   0    4    5    0    0    0    2    3    0    0    0    0    0    0    1  
   2    5    0    3    0    0    0    0    0    1    0    4    0    0    0  
   0    0    0    0    0    2    0    1    0    3    4    0    0    0    5  
   0    0    0    4    0    0    0    1    0    2    0    0    3    5    0  
   0    0    0    3    0    2    0    0    0    0    0    5    0    4    1  
   4    3    0    0    0    2    0    5    1    0    0    0    0    0    0  
   0    3    4    0    0    0    0    0    0    0    0    5    2    1    0  
   0    5    0    0    3    0    0    0    0    0    0    1    2    0    4  
   3    1    0    2    5    0    0    0    0    0    0    4    0    0    0  
   0    0    0    1    0    0    0    2    3    0    0    5    4    0    0  
   3    0    4    0    0    0    2    0    0    0    0    0    0    1    5  
   5    3    0    0    0    0    0    0    0    0    4    0    2    1    0  
   0    0    3    0    0    0    4    0    0    0    0    1    5    2    0  
   5    0    0    0    0    0    2    0    0    0    1    0    3    4    0  
   2    4    0    0    0    0    5    0    0    3    0    0    1    0    0  
   0    2    3    0    0    0    1    4    0    0    0    0    5    0    0  
   0    0    1    3    4    0    0    5    0    0    0    0    0    0    2  
   0    3    2    0    0    4    0    1    0    0    0    0    0    5    0  
   0    0    3    0    4    0    0    0    0    5    0    2    0    1    0  
   0    0    0    0    5    0    0    0    2    3    0    0    0    4    1  
   0    0    0    3    0    5    1    0    2    0    0    0    0    4    0  
   5    2    0    0    0    0    0    0    4    0    3    0    0    0    1  
   0    2    0    4    5    0    1    3    0    0    0    0    0    0    0  
   0    2    3    0    5    0    4    0    0    0    0    0    0    0    1  
   4    0    0    0    3    0    5    0    0    0    1    2    0    0    0  
   0    1    0    5    3    2    0    4    0    0    0    0    0    0    0  
   3    0    2    0    0    1    0    0    4    5    0    0    0    0    0  
   0    0    0    3    0    5    4    2    0    0    0    0    0    0    1  
   5    0    0    3    0    0    0    0    0    0    0    4    2    1    0  
   0    0    2    0    0    3    0    0    4    0    0    0    0    1    5  
   0    5    3    0    0    4    2    0    0    0    0    0    0    0    1  
   0    0    0    0    0    1    5    4    0    0    0    0    3    0    2  
   0    0    0    5    0    0    1    3    4    0    0    0    0    0    2  
   0    5    2    0    1    0    0    0    0    0    3    0    0    0    4  
   0    0    0    0    0    4    5    0    3    0    1    0    0    0    2  
   5    0    2    0    1    3    0    0    0    0    0    0    0    4    0  
   0    0    4    5    0    2    0    1    0    0    0    0    3    0    0  
   3    0    0    0    0    0    0    2    0    1    0    0    0    5    4  
   3    0    0    0    1    0    5    0    4    0    0    0    2    0    0  
   5    2    4    0    0    0    1    0    0    0    0    0    0    3    0  
   0    0    0    0    5    0    0    0    2    4    0    1    0    3    0  ] 
RESERVATION PRICES : [    0    7    7    0    0    9    0    0    0    0    0    0    9    9    0  
  14    0   13    0    0   11    0    0    0    0   13    0    0   11    0  
   0    0    0    0    0    0    0    0   18   15    0   15    0   15   18  
  19    0    0   17    0   19    0    0    0    0    0   16    0   20    0  
  16    0    0   15   17    0    0    0    0    0   18    0    0    0   17  
   0   27    0   23    0    0    0    0    0    0   22   23    0   27    0  
   0    0    0   26    0    0    0   26   24   27    0    0    0    0   27  
   0    0   29   29    0    0   35   38   28    0    0    0    0    0    0  
   0   38    0   38    0   40    0    0   35    0    0    0   31    0    0  
   0    0    0    0   44    0    0    0    0    0   39   36   43   46    0  
   0   46   35    0   43    0    0    0    0   42   41    0    0    0    0  
   0    0    0    0   42   47    0   45   38    0    0    0    0    0   46  
   0    0    0    0    0   40    0   46   53    0    0   39    0   48    0  
   0    0    0   49    0   51    0   51    0   50    0    0    0    0   42  
   0    0    0    0   58    0    0   53    0    0    0   51   49   60    0  
   0   53    0    0    0    0    0   65   59    0   52    0    0   68    0  
   0    0    0   62   71   70    0   61    0    0    0   67    0    0    0  
   0   64    0    0   55    0   73   70   63    0    0    0    0    0    0  
  66    0    0    0    0   59    0    0    0    0   69    0   76   62    0  
  71    0    0    0    0   66    0   72    0    0   69    0    0    0   65  
   0   74    0    0    0    0    0   80    0    0   61   73    0   62    0  
   0   83    0   79    0    0    0   83    0    0    0    0    0   85   75  
   0    0    0   82    0    0   81    0    0    0    0    0   77   76   70  
   0    0    0   78    0    0    0    0    0   81    0    0   90   94   85  
   0    0   80    0   74    0    0    0   81    0   92    0    0   84    0  
  92    0   80    0    0    0    0   82    0    0    0   76    0   81    0  
   0   82    0    0    0   87    0   76    0    0   74    0   88    0    0  
   0   89    0    0    0    0    0    0   91    0    0   79    0  103   82  
   0   83    0   86    0   86    0    0    0    0  102    0    0    0  110  
  85   95    0    0    0  102    0  108    0    0    0    0    0    0   89  
   0    0    0    0  115   86    0    0    0    0  109  106    0    0   95  
   0    0  107    0  116    0    0  113  114    0    0    0    0    0  118  
  89    0    0    0    0  118    0    0    0  105    0  104  101    0    0  
  97    0    0    0    0    0  114  112    0    0  104  123    0    0    0  
   0    0    0    0    0    0    0  121  100    0    0    0  125   98  123  
  96    0   97    0   96    0    0  127    0    0   95    0    0    0    0  
 136    0    0  114  124  133    0    0  128    0    0    0    0    0    0  
 108  140    0    0    0    0  119    0    0    0    0    0    0  135  113  
 106    0    0    0    0  102    0    0  132    0    0    0  108  105    0  
   0    0    0  149    0  112    0  125  121    0    0    0    0    0  119  
   0    0    0  127  136    0    0  144    0  131  145    0    0    0    0  
 123    0  114    0  125    0    0  149    0  152    0    0    0    0    0  
   0    0  124  156    0    0    0    0    0    0  123    0  135    0  148  
   0    0    0    0    0    0  142    0    0  159  159    0    0  134  120  
   0  133    0  152    0  159  163    0    0    0    0    0  141    0    0  
   0    0    0  128  141    0    0    0    0    0  171  124    0    0  166  
   0  157    0  172    0  152  166    0    0    0  167    0    0    0    0  
 150    0    0    0    0  159    0  172  161    0  139    0    0    0    0  
   0    0    0    0  158    0    0    0    0  168    0  148  144    0  148  
 137    0    0    0  173  139  136    0    0    0    0    0  145    0    0  
   0  173    0  141    0    0    0    0    0    0    0  162  163  173    0  
 149  154  189  146    0    0    0    0    0    0    0  184    0    0    0  
   0    0  154    0    0    0    0    0  174  148  170    0    0    0  189  
 162    0    0    0    0    0    0  184  201  167    0    0  176    0    0  
 204    0    0    0  195    0    0    0    0    0    0  210  164    0  200  
 197    0  153    0    0    0    0    0  182    0    0  187    0    0  176  
   0    0  177  188  188    0    0    0    0    0    0  212    0  161    0  
   0  165    0    0    0    0  197    0    0    0  178  214    0  158    0  
   0  212    0  174    0    0  188    0    0    0    0  210    0    0  220  
 169  198  219  186    0    0  200    0    0    0    0    0    0    0    0  
   0    0    0    0    0    0  171    0    0  180  186    0  207  201    0  
 166  207    0    0    0    0    0    0  213    0    0    0  223  205    0  
 178    0    0    0    0    0    0  182    0  222    0    0    0  224  170  
   0    0  172    0    0    0    0  209    0    0  201    0    0  223  174  
   0  203    0  222    0    0  228    0    0  236    0    0    0    0  211  
   0    0    0  216    0    0    0    0  241  228  234  193    0    0    0  
   0    0  242    0    0  185  208    0  221    0    0    0    0  224    0  
 249  202  250    0    0    0    0    0    0    0    0    0    0  237  251  
 221  248    0    0    0    0    0    0    0  205  204    0  261    0    0  
 226    0    0  233    0    0  236    0    0    0    0  241  200    0    0  
   0  189    0    0  221  213    0  249    0    0    0  213    0    0    0  
   0  207  256    0  256    0    0    0    0    0  195    0    0  250    0  
 196    0    0  259    0  235  257    0  246    0    0    0    0    0    0  
 210    0  225  252  226    0  219    0    0    0    0    0    0    0    0  
 222    0    0  206  251    0    0    0  253    0    0    0    0  275    0  
   0    0    0    0    0  243  214  249    0  243    0    0    0    0  216  
 232    0    0    0    0    0    0  215    0    0  230    0    0  260  213  
   0  286  284    0    0    0    0    0  253  239    0    0  279    0    0  
   0  252    0    0    0  236    0  245    0    0    0  264    0    0  290  
   0    0  284    0  258    0    0    0  242  246    0    0    0  218    0  
   0    0    0  270  259    0  283  245    0    0    0    0  268    0    0  
   0    0    0    0  255  269    0    0    0  270    0    0    0  304  253  
   0  301  252    0    0  256    0    0    0    0  249  305    0    0    0  
   0    0    0  292    0  251    0  270    0    0  237    0    0    0  311  
   0  295  234    0    0    0  279  312    0    0    0    0    0    0  294  
 254  253    0  249    0    0    0    0    0  254    0  307    0    0    0  
   0    0    0    0    0  290    0  239    0  275  306    0    0    0  265  
   0    0    0  317    0    0    0  333    0  310    0    0  267  298    0  
   0    0    0  334    0  244    0    0    0    0    0  253    0  260  245  
 287  261    0    0    0  272    0  274  333    0    0    0    0    0    0  
   0  285  271    0    0    0    0    0    0    0    0  277  264  293    0  
   0  294    0    0  289    0    0    0    0    0    0  309  274    0  253  
 312  283    0  347  295    0    0    0    0    0    0  343    0    0    0  
   0    0    0  263    0    0    0  275  257    0    0  300  301    0    0  
 279    0  311    0    0    0  263    0    0    0    0    0    0  259  282  
 316  294    0    0    0    0    0    0    0    0  269    0  343  316    0  
   0    0  348    0    0    0  337    0    0    0    0  313  277  261    0  
 341    0    0    0    0    0  333    0    0    0  323    0  283  296    0  
 265  326    0    0    0    0  301    0    0  264    0    0  299    0    0  
   0  373  269    0    0    0  270  360    0    0    0    0  278    0    0  
   0    0  273  307  372    0    0  299    0    0    0    0    0    0  377  
   0  372  311    0    0  287    0  312    0    0    0    0    0  331    0  
   0    0  356    0  345    0    0    0    0  365    0  341    0  342    0  
   0    0    0    0  307    0    0    0  371  353    0    0    0  376  302  
   0    0    0  322    0  355  365    0  307    0    0    0    0  326    0  
 334  310    0    0    0    0    0    0  336    0  366    0    0    0  336  
   0  329    0  384  388    0  302  362    0    0    0    0    0    0    0  
   0  352  326    0  372    0  336    0    0    0    0    0    0    0  336  
 374    0    0    0  348    0  389    0    0    0  312  294    0    0    0  
   0  342    0  384  318  404    0  398    0    0    0    0    0    0    0  
 303    0  321    0    0  340    0    0  373  335    0    0    0    0    0  
   0    0    0  418    0  333  386  355    0    0    0    0    0    0  343  
 331    0    0  407    0    0    0    0    0    0    0  305  350  367    0  
   0    0  418    0    0  413    0    0  413    0    0    0    0  408  372  
   0  312  382    0    0  400  389    0    0    0    0    0    0    0  345  
   0    0    0    0    0  345  341  335    0    0    0    0  437    0  426  
   0    0    0  369    0    0  324  362  330    0    0    0    0    0  408  
   0  447  339    0  375    0    0    0    0    0  434    0    0    0  416  
   0    0    0    0    0  373  431    0  383    0  408    0    0    0  384  
 377    0  334    0  348  394    0    0    0    0    0    0    0  443    0  
   0    0  433  399    0  374    0  418    0    0    0    0  392    0    0  
 345    0    0    0    0    0    0  447    0  458    0    0    0  366  456  
 446    0    0    0  439    0  341    0  436    0    0    0  372    0    0  
 439  334  432    0    0    0  446    0    0    0    0    0    0  415    0  
   0    0    0    0  457    0    0    0  378  387    0  430    0  403    0  ] 
 ] 
