K : 75
I : 15
C : 3
INSTANCE : 4
PREFERENCES : [    0    0    0    1    0    3    0    2    0    0    5    0    4    0    0  
   3    0    0    0    1    0    0    0    0    2    0    5    4    0    0  
   0    3    5    0    0    0    0    2    0    0    4    0    0    1    0  
   0    0    2    4    0    0    0    0    0    1    0    0    3    0    5  
   0    0    3    0    0    1    0    0    5    0    2    4    0    0    0  
   0    1    0    0    2    5    3    0    0    0    0    0    0    0    4  
   5    0    0    3    0    2    0    0    0    4    1    0    0    0    0  
   0    0    0    0    0    0    1    0    0    5    3    4    0    2    0  
   0    0    0    1    5    0    0    4    0    0    0    3    2    0    0  
   0    2    0    1    0    0    0    0    3    0    0    0    4    5    0  
   0    0    2    1    5    4    0    0    0    0    0    0    0    3    0  
   0    0    0    0    0    1    4    2    0    3    0    5    0    0    0  
   2    5    0    4    0    3    0    0    0    0    0    0    1    0    0  
   0    4    0    1    0    0    5    0    0    0    0    0    0    3    2  
   0    0    2    3    0    0    0    0    0    0    4    1    0    0    5  
   0    0    0    1    0    0    0    5    0    0    4    0    3    0    2  
   0    0    0    4    1    0    0    0    3    2    0    5    0    0    0  
   0    0    0    0    1    0    0    0    3    5    0    2    0    0    4  
   0    2    4    0    3    0    0    1    0    5    0    0    0    0    0  
   5    0    0    0    4    0    0    3    0    0    0    0    1    0    2  
   0    3    4    0    0    0    2    0    0    0    0    1    0    5    0  
   0    1    0    0    0    3    0    4    0    0    5    0    0    2    0  
   0    0    1    0    5    0    0    0    0    0    0    3    4    2    0  
   0    0    5    0    1    4    0    3    0    0    0    2    0    0    0  
   5    0    0    0    0    0    3    2    0    0    4    0    0    0    1  
   0    1    0    0    0    4    0    2    3    0    0    0    5    0    0  
   3    0    0    2    0    0    4    0    0    0    5    0    1    0    0  
   3    0    0    0    4    0    5    0    0    0    0    0    1    0    2  
   3    0    0    0    0    1    0    2    0    0    4    0    5    0    0  
   0    0    3    0    2    1    4    0    0    0    0    0    0    0    5  
   0    0    0    5    0    0    0    2    1    0    0    4    0    0    3  
   3    0    0    0    0    0    2    5    0    4    0    0    0    1    0  
   0    0    1    4    0    0    2    5    3    0    0    0    0    0    0  
   0    1    0    0    4    0    0    0    0    0    2    3    0    5    0  
   0    2    3    4    0    0    1    0    0    5    0    0    0    0    0  
   0    3    4    5    0    0    0    2    0    0    0    0    0    0    1  
   0    0    0    0    0    5    0    4    1    0    3    2    0    0    0  
   0    0    1    3    0    4    0    5    2    0    0    0    0    0    0  
   0    0    0    0    2    0    1    5    3    4    0    0    0    0    0  
   3    0    0    5    2    0    0    0    0    0    0    0    4    0    1  
   0    0    0    0    0    0    0    4    0    0    3    5    2    0    1  
   0    5    0    0    0    0    0    0    1    4    0    0    3    0    2  
   0    3    0    0    0    0    0    1    0    0    2    0    0    5    4  
   4    5    2    1    0    0    0    0    0    0    0    0    0    3    0  
   0    0    3    0    0    1    0    2    0    0    0    0    4    0    5  
   0    5    0    0    0    0    2    1    0    0    0    4    0    0    3  
   0    0    0    0    0    0    0    0    0    0    3    5    2    1    4  
   2    0    0    3    5    0    0    0    0    1    0    0    4    0    0  
   0    0    0    2    0    5    3    0    0    0    1    0    0    4    0  
   2    0    0    0    0    0    4    3    0    0    0    0    0    1    5  
   5    0    0    0    0    4    3    0    0    0    0    2    1    0    0  
   2    0    0    0    0    5    1    0    0    0    4    0    3    0    0  
   0    5    4    0    0    0    2    0    0    0    1    0    0    0    3  
   0    0    2    3    0    5    0    4    0    0    1    0    0    0    0  
   0    0    0    0    1    4    0    3    0    0    0    0    2    5    0  
   0    0    0    2    0    0    5    0    4    1    0    3    0    0    0  
   2    0    0    0    0    0    0    3    0    0    0    1    4    5    0  
   0    4    0    0    1    0    0    0    0    2    0    3    0    5    0  
   0    0    0    2    5    0    0    4    0    1    0    0    0    0    3  
   0    4    3    0    1    0    0    0    2    0    0    0    0    5    0  
   0    0    3    2    1    4    0    0    0    0    5    0    0    0    0  
   0    1    0    4    0    0    2    5    3    0    0    0    0    0    0  
   0    4    0    0    0    2    0    3    0    0    1    0    5    0    0  
   0    0    0    0    0    4    0    0    3    0    1    0    5    2    0  
   4    0    0    0    1    0    0    0    0    2    0    0    5    0    3  
   5    2    4    1    0    0    0    0    0    0    0    0    0    0    3  
   4    0    0    2    3    0    0    0    0    0    0    1    0    5    0  
   0    0    0    1    0    0    2    0    0    3    4    0    5    0    0  
   5    3    4    0    0    0    2    0    0    0    1    0    0    0    0  
   3    0    0    0    0    0    0    0    0    0    1    4    5    2    0  
   0    0    0    0    0    0    0    4    3    5    0    1    2    0    0  
   5    0    0    0    0    0    0    3    0    0    0    0    2    1    4  
   0    2    0    0    0    0    4    0    3    0    0    0    5    0    1  
   0    0    0    2    0    0    0    0    1    3    0    4    0    0    5  
   3    0    0    1    4    0    0    2    0    0    0    0    5    0    0  ] 
RESERVATION PRICES : [    0    0    0    5    0    6    0    6    0    0    6    0    5    0    0  
  11    0    0    0   12    0    0    0    0   11    0   13   13    0    0  
   0   13   14    0    0    0    0   13    0    0   16    0    0   14    0  
   0    0   20   20    0    0    0    0    0   16    0    0   18    0   21  
   0    0   22    0    0   25    0    0   21    0   21   26    0    0    0  
   0   30    0    0   27   22   25    0    0    0    0    0    0    0   26  
  38    0    0   38    0   31    0    0    0   32   28    0    0    0    0  
   0    0    0    0    0    0   29    0    0   31   38   37    0   32    0  
   0    0    0   36   33    0    0   39    0    0    0   35   37    0    0  
   0   48    0   47    0    0    0    0   42    0    0    0   44   39    0  
   0    0   50   49   44   55    0    0    0    0    0    0    0   43    0  
   0    0    0    0    0   49   58   42    0   56    0   45    0    0    0  
  49   47    0   50    0   62    0    0    0    0    0    0   60    0    0  
   0   57    0   66    0    0   66    0    0    0    0    0    0   60   66  
   0    0   65   62    0    0    0    0    0    0   73   59    0    0   72  
   0    0    0   71    0    0    0   56    0    0   67    0   69    0   67  
   0    0    0   74   64    0    0    0   67   66    0   59    0    0    0  
   0    0    0    0   75    0    0    0   79   62    0   72    0    0   81  
   0   87   71    0   77    0    0   80    0   86    0    0    0    0    0  
  86    0    0    0   86    0    0   77    0    0    0    0   89    0   77  
   0   97   91    0    0    0   88    0    0    0    0   89    0   76    0  
   0   92    0    0    0   91    0   98    0    0   87    0    0   96    0  
   0    0   75    0   92    0    0    0    0    0    0   74   83   94    0  
   0    0   84    0  102  100    0   75    0    0    0   98    0    0    0  
 102    0    0    0    0    0   79   85    0    0   89    0    0    0   99  
   0  103    0    0    0  104    0   86  111    0    0    0   94    0    0  
 119    0    0   99    0    0   88    0    0    0   93    0  109    0    0  
  96    0    0    0  115    0  116    0    0    0    0    0   89    0  119  
 111    0    0    0    0  105    0  101    0    0  105    0  106    0    0  
   0    0  119    0  121   96  125    0    0    0    0    0    0    0  106  
   0    0    0   95    0    0    0  118  122    0    0  122    0    0   95  
  95    0    0    0    0    0   96   97    0   97    0    0    0  111    0  
   0    0  123  126    0    0  120  127  112    0    0    0    0    0    0  
   0  135    0    0  107    0    0    0    0    0  118  126    0  127    0  
   0  119  131  105    0    0  140    0    0  119    0    0    0    0    0  
   0  110  142  136    0    0    0  133    0    0    0    0    0    0  108  
   0    0    0    0    0  112    0  125  115    0  146  147    0    0    0  
   0    0  115  121    0  127    0  134  144    0    0    0    0    0    0  
   0    0    0    0  122    0  116  115  126  155    0    0    0    0    0  
 123    0    0  126  116    0    0    0    0    0    0    0  150    0  132  
   0    0    0    0    0    0    0  119    0    0  135  126  129    0  135  
   0  125    0    0    0    0    0    0  163  130    0    0  158    0  125  
   0  161    0    0    0    0    0  155    0    0  149    0    0  123  146  
 161  149  148  162    0    0    0    0    0    0    0    0    0  146    0  
   0    0  141    0    0  137    0  148    0    0    0    0  163    0  148  
   0  167    0    0    0    0  151  173    0    0    0  168    0    0  149  
   0    0    0    0    0    0    0    0    0    0  146  176  184  174  144  
 163    0    0  172  182    0    0    0    0  175    0    0  156    0    0  
   0    0    0  185    0  162  145    0    0    0  175    0    0  186    0  
 147    0    0    0    0    0  192  162    0    0    0    0    0  164  184  
 166    0    0    0    0  174  148    0    0    0    0  198  151    0    0  
 162    0    0    0    0  177  164    0    0    0  172    0  200    0    0  
   0  185  181    0    0    0  204    0    0    0  153    0    0    0  152  
   0    0  200  184    0  160    0  162    0    0  186    0    0    0    0  
   0    0    0    0  182  174    0  193    0    0    0    0  179  208    0  
   0    0    0  186    0    0  207    0  188  174    0  185    0    0    0  
 191    0    0    0    0    0    0  199    0    0    0  216  161  220    0  
   0  215    0    0  214    0    0    0    0  191    0  180    0  169    0  
   0    0    0  218  174    0    0  200    0  180    0    0    0    0  188  
   0  172  227    0  178    0    0    0  171    0    0    0    0  217    0  
   0    0  200  181  202  234    0    0    0    0  172    0    0    0    0  
   0  185    0  200    0    0  199  208  229    0    0    0    0    0    0  
   0  195    0    0    0  231    0  236    0    0  233    0  181    0    0  
   0    0    0    0    0  210    0    0  185    0  203    0  232  217    0  
 231    0    0    0  239    0    0    0    0  201    0    0  217    0  190  
 217  226  220  180    0    0    0    0    0    0    0    0    0    0  197  
 194    0    0  207  222    0    0    0    0    0    0  237    0  182    0  
   0    0    0  222    0    0  225    0    0  242  199    0  231    0    0  
 220  210  205    0    0    0  216    0    0    0  259    0    0    0    0  
 195    0    0    0    0    0    0    0    0    0  222  257  216  253    0  
   0    0    0    0    0    0    0  241  255  222    0  249  224    0    0  
 221    0    0    0    0    0    0  270    0    0    0    0  247  221  224  
   0  251    0    0    0    0  259    0  235    0    0    0  249    0  213  
   0    0    0  256    0    0    0    0  285  276    0  239    0    0  281  
 220    0    0  220  228    0    0  205    0    0    0    0  237    0    0  ] 
 ] 
