K : 50
I : 15
C : 5
INSTANCE : 4
PREFERENCES : [    0    0    0    0    3    1    2    0    0    0    4    5    0    0    0  
   0    4    3    0    0    0    0    1    0    5    0    0    0    0    2  
   0    0    0    2    1    0    4    0    0    5    0    0    0    3    0  
   0    0    3    0    0    0    2    5    0    0    0    0    4    0    1  
   0    0    4    2    0    0    0    0    0    1    3    0    0    0    5  
   5    0    0    0    0    1    0    3    0    2    0    0    4    0    0  
   0    3    5    2    1    0    0    4    0    0    0    0    0    0    0  
   0    5    0    3    0    0    1    4    0    0    0    0    0    2    0  
   5    3    1    0    0    2    0    0    0    4    0    0    0    0    0  
   0    0    0    0    1    0    0    4    5    0    3    0    2    0    0  
   0    0    0    0    0    4    2    0    0    0    0    3    0    5    1  
   0    0    0    0    2    0    0    1    3    0    0    4    0    5    0  
   0    3    4    0    0    0    5    0    0    2    1    0    0    0    0  
   0    3    1    0    4    0    0    0    0    5    0    0    0    2    0  
   0    0    0    0    0    5    0    0    0    4    0    1    2    3    0  
   0    0    0    4    0    1    0    0    3    0    5    0    0    2    0  
   0    1    0    2    5    0    3    0    4    0    0    0    0    0    0  
   0    0    0    0    0    3    5    2    0    0    0    0    1    0    4  
   5    0    0    1    0    0    4    0    3    2    0    0    0    0    0  
   0    2    0    0    0    5    0    0    0    0    1    4    3    0    0  
   0    0    0    4    0    0    1    0    0    2    3    5    0    0    0  
   3    5    0    0    2    0    1    4    0    0    0    0    0    0    0  
   0    0    0    2    3    0    1    0    0    5    4    0    0    0    0  
   0    0    3    2    0    0    0    0    0    4    5    0    0    1    0  
   0    0    0    0    2    0    0    3    1    0    5    0    0    4    0  
   0    1    0    0    0    0    3    0    0    0    4    0    2    5    0  
   5    0    0    2    0    0    3    0    0    0    1    0    4    0    0  
   0    0    0    3    4    5    0    0    0    2    0    1    0    0    0  
   0    0    0    0    1    0    0    5    0    0    2    4    3    0    0  
   0    0    0    0    0    0    0    1    0    0    5    2    0    4    3  
   3    0    0    4    2    0    0    0    0    5    0    0    1    0    0  
   0    2    4    5    0    0    0    0    3    0    1    0    0    0    0  
   0    0    0    2    4    0    0    0    0    1    3    0    0    0    5  
   2    0    0    0    1    0    0    4    0    5    0    0    0    0    3  
   0    0    0    0    0    4    3    0    0    0    0    5    0    1    2  
   0    5    0    0    1    3    0    2    0    4    0    0    0    0    0  
   0    3    2    0    0    5    0    0    0    0    0    4    0    0    1  
   4    0    5    0    0    1    0    0    0    0    3    2    0    0    0  
   4    0    0    0    0    2    1    0    0    0    0    3    5    0    0  
   4    0    0    3    0    0    2    0    0    5    1    0    0    0    0  
   5    1    0    0    0    4    2    0    3    0    0    0    0    0    0  
   0    0    0    0    4    0    0    1    0    3    2    0    0    5    0  
   0    0    0    0    0    0    0    1    0    5    3    2    4    0    0  
   0    0    0    2    0    0    0    5    0    0    1    0    0    4    3  
   0    1    0    0    0    2    0    0    0    0    4    3    5    0    0  
   0    3    1    0    4    0    0    0    0    0    0    0    5    2    0  
   4    0    0    0    0    3    0    0    0    0    2    5    1    0    0  
   0    0    0    0    2    5    0    0    0    0    0    0    3    1    4  
   0    3    0    0    0    1    5    0    0    0    4    0    0    0    2  
   0    2    0    3    0    0    4    0    0    0    0    0    1    5    0  ] 
RESERVATION PRICES : [    0    0    0    0    5    5    6    0    0    0    5    6    0    0    0  
   0   11    9    0    0    0    0    9    0   10    0    0    0    0   10  
   0    0    0   14   18    0   14    0    0   18    0    0    0   17    0  
   0    0   19    0    0    0   18   16    0    0    0    0   17    0   20  
   0    0   20   27    0    0    0    0    0   26   25    0    0    0   21  
  24    0    0    0    0   32    0   29    0   33    0    0   29    0    0  
   0   30   26   28   27    0    0   32    0    0    0    0    0    0    0  
   0   25    0   26    0    0   32   31    0    0    0    0    0   28    0  
  39   41   33    0    0   37    0    0    0   38    0    0    0    0    0  
   0    0    0    0   37    0    0   44   43    0   39    0   38    0    0  
   0    0    0    0    0   46   46    0    0    0    0   48    0   39   50  
   0    0    0    0   50    0    0   41   46    0    0   48    0   53    0  
   0   60   49    0    0    0   60    0    0   59   52    0    0    0    0  
   0   59   47    0   51    0    0    0    0   52    0    0    0   56    0  
   0    0    0    0    0   58    0    0    0   50    0   56   63   63    0  
   0    0    0   53    0   59    0    0   58    0   64    0    0   54    0  
   0   63    0   61   65    0   54    0   55    0    0    0    0    0    0  
   0    0    0    0    0   73   69   68    0    0    0    0   72    0   61  
  75    0    0   65    0    0   78    0   74   59    0    0    0    0    0  
   0   77    0    0    0   77    0    0    0    0   82   67   75    0    0  
   0    0    0   87    0    0   85    0    0   79   80   87    0    0    0  
  66   86    0    0   69    0   84   66    0    0    0    0    0    0    0  
   0    0    0   76   90    0   68    0    0   69   78    0    0    0    0  
   0    0   74   94    0    0    0    0    0   85   92    0    0   95    0  
   0    0    0    0   96    0    0   99   76    0  100    0    0   97    0  
   0  107    0    0    0    0   95    0    0    0  103    0  104   83    0  
  97    0    0   89    0    0   91    0    0    0  106    0  106    0    0  
   0    0    0   89   86   98    0    0    0   98    0   95    0    0    0  
   0    0    0    0  104    0    0   90    0    0   90   91  108    0    0  
   0    0    0    0    0    0    0  103    0    0  107   94    0   88   98  
 122    0    0   94  106    0    0    0    0   97    0    0   89    0    0  
   0  104   94  109    0    0    0    0   91    0  110    0    0    0    0  
   0    0    0  117   99    0    0    0    0   94  122    0    0    0  120  
 120    0    0    0  125    0    0  130    0  116    0    0    0    0  119  
   0    0    0    0    0  139  120    0    0    0    0  119    0  110  136  
   0  126    0    0  109  120    0  126    0  141    0    0    0    0    0  
   0  143  132    0    0  125    0    0    0    0    0  118    0    0  108  
 139    0  109    0    0  130    0    0    0    0  120  114    0    0    0  
 147    0    0    0    0  144  151    0    0    0    0  145  118    0    0  
 142    0    0  144    0    0  141    0    0  128  155    0    0    0    0  
 125  118    0    0    0  156  145    0  131    0    0    0    0    0    0  
   0    0    0    0  131    0    0  125    0  160  144    0    0  160    0  
   0    0    0    0    0    0    0  167    0  137  153  146  138    0    0  
   0    0    0  130    0    0    0  143    0    0  134    0    0  159  166  
   0  166    0    0    0  160    0    0    0    0  175  153  164    0    0  
   0  159  154    0  177    0    0    0    0    0    0    0  175  131    0  
 173    0    0    0    0  173    0    0    0    0  170  168  162    0    0  
   0    0    0    0  161  136    0    0    0    0    0    0  143  134  152  
   0  133    0    0    0  136  177    0    0    0  169    0    0    0  174  
   0  148    0  159    0    0  178    0    0    0    0    0  156  184    0  ] 
 ] 
