K : 100
I : 10
C : 20
INSTANCE : 3
PREFERENCES : [    0    0    4    0    2    0    5    3    0    1  
   4    0    0    1    5    0    3    0    2    0  
   0    0    3    4    5    1    0    0    0    2  
   4    2    0    0    0    5    1    0    0    3  
   0    4    0    0    0    5    3    1    2    0  
   5    4    0    0    2    0    0    3    0    1  
   1    3    0    5    0    0    2    0    0    4  
   0    5    1    0    2    3    0    0    0    4  
   0    3    0    1    2    4    5    0    0    0  
   4    5    0    0    0    0    3    0    1    2  
   2    0    0    5    0    3    0    1    0    4  
   0    0    4    0    0    5    1    3    0    2  
   0    2    0    5    0    3    0    1    4    0  
   0    4    2    0    0    3    5    0    1    0  
   5    0    3    0    0    0    2    4    1    0  
   2    0    0    3    0    1    4    0    0    5  
   0    0    3    0    0    2    1    4    0    5  
   1    3    0    4    0    5    0    2    0    0  
   0    0    5    2    0    0    0    1    4    3  
   2    0    3    4    0    0    0    5    0    1  
   4    1    5    0    0    0    0    3    0    2  
   3    0    0    5    4    0    1    0    0    2  
   5    2    0    0    0    3    1    0    4    0  
   1    5    0    0    0    0    3    0    2    4  
   0    0    1    4    0    2    0    3    0    5  
   0    1    2    5    3    0    0    4    0    0  
   0    4    5    1    3    0    2    0    0    0  
   2    1    0    4    0    3    0    0    5    0  
   0    5    2    0    3    4    0    0    0    1  
   1    5    0    0    0    2    0    3    0    4  
   0    0    2    0    0    5    4    3    0    1  
   0    5    0    1    0    0    4    3    0    2  
   0    5    0    4    3    1    0    0    0    2  
   5    0    2    3    0    0    1    4    0    0  
   2    5    1    3    0    0    0    0    4    0  
   1    2    5    0    0    4    0    3    0    0  
   4    5    3    0    1    0    2    0    0    0  
   0    5    3    0    1    0    4    2    0    0  
   5    0    0    4    0    3    0    1    0    2  
   3    0    0    0    4    5    0    1    2    0  
   0    0    2    1    5    3    0    0    0    4  
   1    0    0    5    3    4    0    0    0    2  
   5    0    4    0    0    1    2    0    3    0  
   0    1    3    0    0    5    4    0    0    2  
   2    5    1    0    3    0    0    0    4    0  
   1    0    0    0    0    3    0    2    5    4  
   5    1    0    0    0    4    3    2    0    0  
   3    0    0    1    4    2    0    0    0    5  
   4    5    2    1    0    0    3    0    0    0  
   0    1    0    0    0    5    4    0    2    3  
   0    0    0    0    2    1    5    4    3    0  
   2    5    0    4    0    0    3    0    0    1  
   2    0    0    3    5    0    0    0    1    4  
   0    0    5    4    1    0    2    0    3    0  
   2    0    0    3    5    1    0    4    0    0  
   4    3    0    5    0    2    0    1    0    0  
   3    2    0    0    5    0    1    0    0    4  
   2    3    0    5    0    0    1    4    0    0  
   3    4    0    5    0    0    2    0    1    0  
   5    1    4    3    0    0    0    0    0    2  
   2    0    5    1    0    0    0    3    4    0  
   1    0    0    4    0    3    5    0    0    2  
   0    5    0    3    0    4    2    1    0    0  
   0    4    3    5    1    2    0    0    0    0  
   0    0    3    2    0    5    4    0    1    0  
   1    0    2    0    0    3    4    5    0    0  
   0    0    0    0    4    1    5    0    3    2  
   4    0    0    0    0    0    2    5    3    1  
   3    1    4    0    0    5    0    0    2    0  
   0    5    3    0    0    2    1    4    0    0  
   4    0    0    0    1    5    2    0    0    3  
   4    3    0    0    2    0    5    0    1    0  
   4    5    0    0    1    2    3    0    0    0  
   3    0    0    5    4    0    0    2    1    0  
   2    0    0    5    3    0    0    0    1    4  
   0    0    0    5    1    0    3    4    0    2  
   1    0    5    0    3    4    0    0    2    0  
   4    0    1    0    0    3    5    2    0    0  
   1    4    0    0    3    2    0    5    0    0  
   1    0    3    2    0    0    5    0    0    4  
   2    0    5    1    4    0    0    0    0    3  
   0    0    0    0    4    3    5    1    0    2  
   0    1    2    0    3    4    0    0    0    5  
   3    0    1    0    5    2    0    4    0    0  
   0    1    0    5    0    3    4    0    0    2  
   0    0    0    4    0    3    0    2    5    1  
   0    0    5    0    1    0    4    2    3    0  
   4    5    1    0    3    0    2    0    0    0  
   4    1    5    0    0    0    3    0    0    2  
   0    1    0    3    5    0    4    0    0    2  
   0    5    0    1    4    0    0    2    3    0  
   0    1    0    0    2    4    3    0    5    0  
   3    2    1    5    0    0    4    0    0    0  
   0    0    3    0    5    4    0    0    2    1  
   5    4    0    0    0    3    1    0    2    0  
   2    0    0    1    3    0    5    0    4    0  
   3    4    0    5    0    0    0    0    2    1  
   0    0    0    1    4    0    2    5    0    3  
   0    0    5    2    0    0    4    3    0    1  
   0    5    0    4    0    3    0    1    2    0  ] 
RESERVATION PRICES : [    0    0    6    0    7    0    7    6    0    7  
  12    0    0   10   12    0   11    0   10    0  
   0    0   17   15   16   13    0    0    0   17  
  17   16    0    0    0   17   20    0    0   18  
   0   24    0    0    0   23   24   20   22    0  
  29   28    0    0   25    0    0   28    0   24  
  33   30    0   34    0    0   35    0    0   28  
   0   29   31    0   39   39    0    0    0   35  
   0   40    0   30   34   34   31    0    0    0  
  37   36    0    0    0    0   30    0   32   30  
  43    0    0   43    0   44    0   41    0   45  
   0    0   39    0    0   41   43   37    0   38  
   0   38    0   40    0   46    0   41   44    0  
   0   47   45    0    0   48   42    0   45    0  
  57    0   57    0    0    0   50   56   56    0  
  54    0    0   59    0   53   50    0    0   55  
   0    0   63    0    0   68   68   50    0   50  
  63   64    0   72    0   72    0   69    0    0  
   0    0   66   74    0    0    0   75   62   70  
  72    0   67   62    0    0    0   67    0   63  
  64   79   70    0    0    0    0   73    0   69  
  85    0    0   68   80    0   85    0    0   76  
  72   89    0    0    0   94   85    0   74    0  
  97   74    0    0    0    0   73    0   88   91  
   0    0   96   78    0   70    0   86    0   77  
   0   83   92  100   95    0    0  100    0    0  
   0   99   97   83  101    0   78    0    0    0  
  90  102    0   77    0   96    0    0   85    0  
   0  105   98    0   98  108    0    0    0   86  
  84  107    0    0    0   91    0  108    0   96  
   0    0   97    0    0   92  108   94    0   81  
   0   93    0  109    0    0   99  102    0  104  
   0  119    0   89  103  102    0    0    0  106  
 104    0  111  107    0    0  116  118    0    0  
 128  123   97  121    0    0    0    0  114    0  
 111   98  111    0    0  101    0  123    0    0  
 138  118  115    0  126    0  121    0    0    0  
   0  130  126    0  125    0  101  126    0    0  
 109    0    0  110    0  114    0  139    0  129  
 117    0    0    0  109  137    0  123  131    0  
   0    0  107  114  134  108    0    0    0  145  
 114    0    0  124  140  106    0    0    0  123  
 139    0  119    0    0  143  113    0  145    0  
   0  115  153    0    0  143  128    0    0  147  
 145  146  137    0  138    0    0    0  146    0  
 150    0    0    0    0  149    0  144  124  149  
 126  167    0    0    0  150  158  157    0    0  
 138    0    0  166  175  160    0    0    0  176  
 166  161  149  141    0    0  132    0    0    0  
   0  175    0    0    0  162  161    0  144  164  
   0    0    0    0  146  185  138  143  166    0  
 144  140    0  174    0    0  192    0    0  165  
 140    0    0  164  183    0    0    0  141  144  
   0    0  187  154  181    0  171    0  181    0  
 186    0    0  155  150  179    0  196    0    0  
 196  147    0  191    0  185    0  190    0    0  
 191  195    0    0  200    0  161    0    0  210  
 184  186    0  180    0    0  163  207    0    0  
 207  203    0  216    0    0  197    0  180    0  
 195  187  185  181    0    0    0    0    0  222  
 220    0  195  221    0    0    0  226  198    0  
 220    0    0  203    0  195  201    0    0  194  
   0  211    0  212    0  182  168  227    0    0  
   0  170  224  205  206  229    0    0    0    0  
   0    0  181  185    0  241  198    0  225    0  
 198    0  190    0    0  234  241  212    0    0  
   0    0    0    0  191  186  203    0  227  219  
 242    0    0    0    0    0  213  198  228  244  
 187  215  231    0    0  244    0    0  234    0  
   0  218  256    0    0  245  223  244    0    0  
 257    0    0    0  228  258  194    0    0  205  
 247  241    0    0  248    0  231    0  201    0  
 268  250    0    0  254  249  250    0    0    0  
 237    0    0  262  215    0    0  229  236    0  
 236    0    0  260  255    0    0    0  274  240  
   0    0    0  220  283    0  267  264    0  267  
 212    0  259    0  212  223    0    0  230    0  
 253    0  223    0    0  238  245  219    0    0  
 278  257    0    0  249  220    0  233    0    0  
 266    0  212  271    0    0  276    0    0  235  
 225    0  263  213  279    0    0    0    0  242  
   0    0    0    0  296  300  253  234    0  260  
   0  274  279    0  265  255    0    0    0  242  
 260    0  287    0  238  250    0  221    0    0  
   0  263    0  281    0  255  257    0    0  266  
   0    0    0  253    0  248    0  263  239  270  
   0    0  246    0  257    0  299  235  287    0  
 259  258  240    0  315    0  239    0    0    0  
 285  304  275    0    0    0  310    0    0  252  
   0  264    0  324  310    0  330    0    0  325  
   0  306    0  333  294    0    0  326  276    0  
   0  250    0    0  246  259  290    0  319    0  
 255  279  292  328    0    0  308    0    0    0  
   0    0  279    0  313  314    0    0  318  302  
 309  273    0    0    0  328  319    0  264    0  
 313    0    0  340  284    0  327    0  274    0  
 361  291    0  325    0    0    0    0  279  268  
   0    0    0  334  335    0  366  321    0  320  
   0    0  340  365    0    0  291  368    0  340  
   0  373    0  352    0  303    0  321  319    0  ] 
 ] 
