K : 150
I : 5
C : 24
INSTANCE : 2
PREFERENCES : [    0    0    3    1    2  
   0    3    0    1    2  
   2    0    3    1    0  
   0    3    1    0    2  
   0    0    2    3    1  
   0    1    0    3    2  
   0    2    1    0    3  
   1    0    0    3    2  
   0    3    2    1    0  
   1    2    0    0    3  
   1    2    3    0    0  
   3    0    0    1    2  
   2    3    0    1    0  
   0    2    3    0    1  
   0    3    1    0    2  
   1    0    2    0    3  
   1    0    2    3    0  
   3    1    0    2    0  
   0    1    3    0    2  
   3    0    2    0    1  
   2    1    3    0    0  
   1    0    2    3    0  
   0    1    3    2    0  
   3    1    2    0    0  
   0    1    3    0    2  
   3    1    0    2    0  
   0    3    1    2    0  
   2    0    3    0    1  
   0    0    1    3    2  
   1    3    2    0    0  
   2    3    1    0    0  
   0    2    3    1    0  
   1    0    3    0    2  
   0    1    0    2    3  
   3    0    1    0    2  
   1    2    0    3    0  
   3    1    0    2    0  
   1    0    2    3    0  
   2    0    3    0    1  
   0    1    0    2    3  
   0    1    2    0    3  
   2    0    0    1    3  
   3    1    0    0    2  
   0    3    1    2    0  
   2    1    0    3    0  
   3    2    1    0    0  
   2    3    0    1    0  
   1    0    2    3    0  
   0    1    0    2    3  
   3    0    0    2    1  
   1    0    0    3    2  
   0    0    1    2    3  
   3    0    1    0    2  
   2    0    1    0    3  
   2    0    0    3    1  
   1    2    3    0    0  
   2    0    1    0    3  
   3    0    0    2    1  
   0    2    0    3    1  
   1    2    0    3    0  
   0    0    1    2    3  
   1    2    0    0    3  
   1    0    2    3    0  
   0    0    2    3    1  
   1    0    2    3    0  
   3    0    0    2    1  
   1    0    3    2    0  
   3    0    1    2    0  
   0    0    2    3    1  
   0    1    2    3    0  
   0    1    3    0    2  
   0    1    3    2    0  
   1    2    0    3    0  
   3    2    1    0    0  
   0    0    2    3    1  
   0    1    0    3    2  
   3    2    0    0    1  
   2    0    1    0    3  
   2    0    0    1    3  
   0    1    2    3    0  
   0    1    3    2    0  
   0    2    0    1    3  
   2    0    1    3    0  
   1    2    3    0    0  
   2    1    3    0    0  
   2    0    0    3    1  
   3    2    0    1    0  
   0    3    2    1    0  
   3    0    0    1    2  
   0    3    2    1    0  
   3    0    2    1    0  
   2    1    0    0    3  
   2    3    0    1    0  
   2    0    3    0    1  
   1    0    2    0    3  
   1    0    0    2    3  
   0    0    2    1    3  
   1    0    3    2    0  
   3    1    0    0    2  
   2    1    3    0    0  
   3    2    1    0    0  
   3    2    0    1    0  
   1    2    3    0    0  
   0    2    1    3    0  
   0    0    2    1    3  
   3    0    2    0    1  
   1    0    3    2    0  
   0    1    3    2    0  
   0    2    0    1    3  
   3    1    0    0    2  
   0    0    1    2    3  
   0    2    0    1    3  
   1    3    0    2    0  
   1    0    2    0    3  
   0    2    0    3    1  
   0    3    2    1    0  
   0    3    1    0    2  
   0    1    3    0    2  
   3    0    1    2    0  
   3    0    0    1    2  
   0    3    1    2    0  
   0    1    2    0    3  
   0    0    3    2    1  
   3    0    2    1    0  
   1    2    3    0    0  
   0    2    0    3    1  
   2    0    0    3    1  
   0    1    3    2    0  
   2    3    1    0    0  
   0    1    2    0    3  
   1    3    0    2    0  
   0    1    2    0    3  
   3    1    0    2    0  
   3    0    2    1    0  
   2    0    1    3    0  
   1    2    0    0    3  
   2    1    3    0    0  
   3    2    0    1    0  
   3    2    1    0    0  
   1    2    3    0    0  
   1    0    2    3    0  
   0    0    2    1    3  
   1    0    0    3    2  
   0    2    3    1    0  
   1    0    0    3    2  
   3    2    0    1    0  
   3    2    1    0    0  
   1    0    0    3    2  
   2    0    3    1    0  
   0    1    3    0    2  ] 
RESERVATION PRICES : [    0    0    9    8    8  
   0   11    0   14   14  
  15    0   17   14    0  
   0   19   24    0   21  
   0    0   20   23   21  
   0   25    0   32   28  
   0   27   31    0   31  
  37    0    0   37   32  
   0   34   37   39    0  
  51   48    0    0   42  
  55   50   42    0    0  
  41    0    0   46   42  
  43   56    0   44    0  
   0   58   49    0   46  
   0   54   53    0   49  
  58    0   55    0   52  
  53    0   53   63    0  
  74   79    0   75    0  
   0   58   69    0   59  
  65    0   76    0   74  
  82   71   86    0    0  
  83    0   72   85    0  
   0   90   71   75    0  
  89   84   79    0    0  
   0   87   71    0   76  
  86   88    0   89    0  
   0   92   89   84    0  
 102    0   91    0   95  
   0    0   78   96   82  
  91   83  108    0    0  
  88  100   86    0    0  
   0   95  108   96    0  
 100    0  101    0   95  
   0   95    0   87  117  
 114    0  104    0  112  
 110   97    0  118    0  
 100  105    0   95    0  
 123    0  122  107    0  
 118    0  109    0  111  
   0  110    0  114  136  
   0  116  110    0  123  
 107    0    0  138  130  
 106  115    0    0  132  
   0  125  136  128    0  
 131  149    0  147    0  
 152  138  132    0    0  
 142  136    0  127    0  
 120    0  149  161    0  
   0  126    0  123  119  
 147    0    0  161  160  
 132    0    0  135  159  
   0    0  129  166  128  
 130    0  175    0  144  
 173    0  135    0  151  
 151    0    0  158  184  
 149  173  158    0    0  
 187    0  176    0  161  
 153    0    0  159  152  
   0  198    0  198  204  
 172  159    0  171    0  
   0    0  169  196  204  
 199  171    0    0  185  
 183    0  167  182    0  
   0    0  214  214  201  
 171    0  163  205    0  
 180    0    0  219  209  
 223    0  228  220    0  
 215    0  171  207    0  
   0    0  180  213  240  
   0  184  208  188    0  
   0  208  192    0  185  
   0  231  208  237    0  
 229  207    0  206    0  
 206  220  257    0    0  
   0    0  226  209  232  
   0  203    0  193  193  
 261  256    0    0  194  
 230    0  219    0  223  
 245    0    0  217  220  
   0  252  229  233    0  
   0  276  254  264    0  
   0  273    0  214  207  
 216    0  257  260    0  
 242  222  277    0    0  
 273  216  232    0    0  
 270    0    0  285  220  
 243  222    0  277    0  
   0  233  281  296    0  
 243    0    0  278  289  
   0  266  235  244    0  
 301    0  302  250    0  
 322  307    0    0  232  
 303  300    0  237    0  
 281    0  310    0  323  
 294    0  321    0  297  
 294    0    0  274  305  
   0    0  316  292  295  
 303    0  266  303    0  
 282  263    0    0  277  
 314  257  269    0    0  
 350  322  354    0    0  
 349  362    0  354    0  
 298  334  282    0    0  
   0  356  295  302    0  
   0    0  329  284  303  
 278    0  351    0  350  
 349    0  338  314    0  
   0  371  367  294    0  
   0  304    0  330  328  
 322  387    0    0  305  
   0    0  343  332  327  
   0  359    0  391  310  
 294  390    0  295    0  
 309    0  399    0  362  
   0  387    0  414  385  
   0  412  357  397    0  
   0  419  336    0  389  
   0  401  409    0  381  
 312    0  357  316    0  
 350    0    0  322  399  
   0  379  407  415    0  
   0  340  396    0  374  
   0    0  394  416  388  
 372    0  384  388    0  
 329  408  332    0    0  
   0  348    0  415  412  
 407    0    0  359  341  
   0  344  346  449    0  
 436  349  469    0    0  
   0  462  424    0  437  
 393  355    0  476    0  
   0  367  432    0  402  
 376  367    0  480    0  
 426    0  471  476    0  
 360    0  408  429    0  
 369  460    0    0  433  
 482  468  501    0    0  
 470  395    0  402    0  
 437  414  474    0    0  
 445  397  373    0    0  
 481    0  441  472    0  
   0    0  443  423  426  
 451    0    0  413  414  
   0  422  410  446    0  
 441    0    0  467  415  
 471  407    0  525    0  
 442  474  514    0    0  
 541    0    0  400  493  
 533    0  412  428    0  
   0  556  419    0  491  ] 
 ] 
