K : 75
I : 5
C : 12
INSTANCE : 5
PREFERENCES : [    1    3    0    2    0  
   2    1    0    0    3  
   1    0    3    2    0  
   1    2    3    0    0  
   1    0    3    2    0  
   0    3    1    2    0  
   1    2    3    0    0  
   0    3    1    2    0  
   1    3    0    0    2  
   1    0    3    0    2  
   2    1    3    0    0  
   3    1    2    0    0  
   0    1    2    0    3  
   3    0    0    1    2  
   0    3    0    2    1  
   1    3    0    0    2  
   1    0    3    2    0  
   0    2    0    1    3  
   0    3    2    1    0  
   2    1    0    3    0  
   0    0    1    3    2  
   3    0    2    1    0  
   0    0    3    1    2  
   0    0    3    2    1  
   0    0    1    2    3  
   0    3    2    0    1  
   3    1    0    0    2  
   0    3    1    2    0  
   2    0    3    0    1  
   0    0    1    2    3  
   3    0    2    1    0  
   1    3    2    0    0  
   0    0    1    2    3  
   0    3    0    1    2  
   0    3    1    2    0  
   3    1    0    2    0  
   1    3    2    0    0  
   1    3    2    0    0  
   1    2    0    3    0  
   0    3    2    1    0  
   3    2    0    1    0  
   0    0    3    2    1  
   3    0    1    0    2  
   3    0    1    0    2  
   1    2    0    3    0  
   3    2    1    0    0  
   1    2    0    3    0  
   0    2    3    0    1  
   3    0    2    1    0  
   1    0    0    3    2  
   0    2    0    1    3  
   1    2    3    0    0  
   1    0    2    0    3  
   3    0    1    2    0  
   0    3    2    1    0  
   0    3    1    0    2  
   0    3    0    2    1  
   1    0    3    0    2  
   0    3    1    0    2  
   3    1    2    0    0  
   1    0    3    0    2  
   2    0    1    3    0  
   2    3    1    0    0  
   3    0    2    1    0  
   0    1    3    2    0  
   0    1    2    3    0  
   0    1    2    3    0  
   0    2    3    1    0  
   1    2    3    0    0  
   1    3    0    0    2  
   0    3    1    2    0  
   3    2    0    1    0  
   3    0    0    2    1  
   1    3    0    2    0  
   1    0    0    2    3  ] 
RESERVATION PRICES : [    6    6    0    5    0  
  11   12    0    0   12  
  16    0   18   15    0  
  18   15   16    0    0  
  20    0   24   20    0  
   0   33   32   30    0  
  31   37   32    0    0  
   0   34   34   32    0  
  30   30    0    0   29  
  39    0   36    0   35  
  45   44   47    0    0  
  52   41   45    0    0  
   0   59   51    0   60  
  49    0    0   59   56  
   0   51    0   46   46  
  65   63    0    0   68  
  66    0   68   70    0  
   0   64    0   70   53  
   0   68   56   63    0  
  73   74    0   69    0  
   0    0   73   61   62  
  63    0   67   80    0  
   0    0   94   85   83  
   0    0   83   77   81  
   0    0   90   93   88  
   0   97   89    0   96  
  93   96    0    0  111  
   0   90   86  108    0  
 103    0   87    0  105  
   0    0  116  104  113  
 110    0  104   99    0  
 101  121  109    0    0  
   0    0  108  124  117  
   0  104    0  115  109  
   0  106  106  134    0  
 133  113    0  104    0  
 133  134  147    0    0  
 124  122  145    0    0  
 139  129    0  109    0  
   0  152  127  144    0  
 123  148    0  147    0  
   0    0  137  155  131  
 166    0  130    0  160  
 152    0  149    0  157  
 133  173    0  156    0  
 132  152  132    0    0  
 141  147    0  173    0  
   0  133  184    0  177  
 138    0  153  153    0  
 146    0    0  162  179  
   0  156    0  147  169  
 167  190  151    0    0  
 181    0  155    0  173  
 193    0  180  141    0  
   0  164  159  192    0  
   0  189  156    0  193  
   0  178    0  156  191  
 195    0  211    0  206  
   0  199  183    0  190  
 161  208  216    0    0  
 177    0  184    0  177  
 191    0  218  205    0  
 212  222  186    0    0  
 178    0  203  174    0  
   0  244  231  221    0  
   0  199  235  210    0  
   0  183  207  198    0  
   0  189  202  205    0  
 247  222  217    0    0  
 256  246    0    0  194  
   0  198  204  246    0  
 244  207    0  271    0  
 257    0    0  239  244  
 264  250    0  242    0  
 248    0    0  255  267  ] 
 ] 
