K : 100
I : 5
C : 4
INSTANCE : 4
PREFERENCES : [    1    3    0    2    0  
   1    0    0    2    3  
   0    0    3    1    2  
   0    0    1    3    2  
   1    2    3    0    0  
   0    2    3    1    0  
   1    0    2    3    0  
   0    3    1    0    2  
   0    1    0    3    2  
   0    1    0    2    3  
   1    0    3    0    2  
   3    0    2    1    0  
   0    3    0    1    2  
   0    1    0    2    3  
   0    3    1    2    0  
   0    1    3    2    0  
   3    0    2    0    1  
   3    0    0    1    2  
   2    3    0    0    1  
   3    0    0    1    2  
   0    1    2    3    0  
   0    1    2    0    3  
   2    1    3    0    0  
   2    0    3    0    1  
   2    0    3    1    0  
   0    3    0    1    2  
   0    3    0    2    1  
   3    0    0    1    2  
   0    0    1    2    3  
   3    0    2    0    1  
   1    0    3    0    2  
   3    1    2    0    0  
   0    0    2    3    1  
   2    0    1    3    0  
   0    1    2    3    0  
   1    2    0    0    3  
   0    3    1    0    2  
   2    1    0    0    3  
   3    1    0    0    2  
   0    1    0    2    3  
   2    3    0    1    0  
   3    2    0    1    0  
   2    1    0    0    3  
   0    0    2    3    1  
   1    0    0    3    2  
   2    0    1    3    0  
   1    2    0    3    0  
   0    2    1    0    3  
   3    0    0    2    1  
   0    3    0    1    2  
   2    0    0    1    3  
   0    2    0    1    3  
   0    1    3    2    0  
   0    1    0    3    2  
   1    3    0    0    2  
   0    1    3    2    0  
   0    3    0    2    1  
   3    0    1    2    0  
   0    2    1    3    0  
   3    2    0    1    0  
   0    0    1    3    2  
   3    1    0    2    0  
   0    0    3    1    2  
   2    3    0    0    1  
   0    0    2    1    3  
   0    3    0    1    2  
   0    1    3    2    0  
   2    0    3    0    1  
   1    3    2    0    0  
   2    0    0    1    3  
   0    2    1    0    3  
   0    2    0    1    3  
   2    3    0    0    1  
   2    0    1    3    0  
   1    2    3    0    0  
   0    1    0    3    2  
   3    0    2    1    0  
   1    0    2    3    0  
   0    1    0    2    3  
   0    3    1    0    2  
   3    0    1    2    0  
   2    0    3    1    0  
   1    0    3    2    0  
   2    1    3    0    0  
   1    0    2    3    0  
   0    0    1    3    2  
   3    2    0    0    1  
   0    0    3    1    2  
   0    3    2    1    0  
   0    0    2    3    1  
   1    0    0    3    2  
   2    0    3    1    0  
   0    2    0    1    3  
   0    2    0    1    3  
   2    1    0    3    0  
   1    3    0    0    2  
   2    3    1    0    0  
   0    3    0    2    1  
   1    2    3    0    0  
   2    1    0    3    0  ] 
RESERVATION PRICES : [    7    6    0    6    0  
   6    0    0    6    6  
   0    0   13   11   11  
   0    0   18   17   14  
  20   22   23    0    0  
   0   24   21   20    0  
  28    0   26   24    0  
   0   27   35    0   32  
   0   33    0   32   42  
   0   44    0   43   40  
  40    0   48    0   47  
  46    0   41   48    0  
   0   56    0   60   45  
   0   56    0   50   61  
   0   67   56   55    0  
   0   51   61   68    0  
  72    0   71    0   58  
  64    0    0   67   76  
  70   66    0    0   70  
  76    0    0   77   81  
   0   80   64   85    0  
   0   77   85    0   93  
  84   73   78    0    0  
  96    0   96    0   73  
  81    0   90  101    0  
   0  105    0   81  107  
   0   84    0  101   95  
  94    0    0   94   92  
   0    0   90  111  107  
 113    0  116    0  114  
 116    0   95    0  115  
 103  114  113    0    0  
   0    0  121  128  119  
 134    0  126  137    0  
   0  139  128  110    0  
 115  131    0    0  139  
   0  113  145    0  125  
 152  131    0    0  146  
 121  121    0    0  141  
   0  162    0  164  133  
 138  134    0  145    0  
 125  161    0  151    0  
 134  162    0    0  159  
   0    0  166  155  130  
 174    0    0  154  139  
 161    0  176  155    0  
 163  139    0  145    0  
   0  185  153    0  147  
 199    0    0  168  193  
   0  194    0  194  189  
 176    0    0  149  193  
   0  162    0  188  204  
   0  188  186  173    0  
   0  211    0  206  167  
 209  167    0    0  160  
   0  171  202  165    0  
   0  195    0  184  202  
 188    0  224  220    0  
   0  224  183  202    0  
 221  206    0  227    0  
   0    0  189  226  194  
 192  241    0  222    0  
   0    0  206  209  235  
 191  210    0    0  244  
   0    0  229  246  247  
   0  210    0  213  243  
   0  250  196  187    0  
 254    0  235    0  250  
 222  216  246    0    0  
 253    0    0  195  248  
   0  205  231    0  249  
   0  216    0  237  255  
 253  220    0    0  226  
 256    0  239  203    0  
 253  241  214    0    0  
   0  222    0  282  270  
 215    0  256  232    0  
 238    0  253  288    0  
   0  238    0  237  227  
   0  296  282    0  262  
 277    0  299  224    0  
 257    0  269  263    0  
 234    0  250  280    0  
 289  287  300    0    0  
 256    0  306  276    0  
   0    0  314  301  244  
 285  324    0    0  320  
   0    0  244  285  327  
   0  284  322  320    0  
   0    0  270  288  276  
 265    0    0  346  251  
 291    0  309  334    0  
   0  311    0  319  281  
   0  321    0  289  283  
 299  314    0  326    0  
 313  308    0    0  280  
 319  304  353    0    0  
   0  354    0  309  363  
 273  285  270    0    0  
 299  276    0  330    0  ] 
 ] 
