K : 100
I : 15
C : 4
INSTANCE : 3
PREFERENCES : [    0    5    4    1    0    0    3    0    2    0    0    0    0    0    0  
   0    0    5    0    4    0    0    3    0    0    0    0    0    1    2  
   0    0    2    0    1    3    0    0    0    0    4    0    5    0    0  
   0    3    4    5    0    0    0    0    0    0    0    0    2    0    1  
   0    4    0    0    0    3    0    1    2    0    0    5    0    0    0  
   0    0    4    5    0    0    3    0    0    0    0    0    2    0    1  
   0    0    4    0    5    0    0    0    0    1    0    0    3    0    2  
   1    3    0    0    0    0    0    5    0    2    0    0    0    4    0  
   0    0    0    0    2    4    3    0    5    0    1    0    0    0    0  
   5    2    0    0    0    0    0    0    3    0    0    0    0    1    4  
   0    0    1    0    2    0    0    0    0    4    0    0    3    0    5  
   1    0    0    0    5    0    2    3    4    0    0    0    0    0    0  
   0    0    0    4    0    2    5    0    1    0    3    0    0    0    0  
   1    0    0    0    0    0    0    4    0    0    0    0    3    2    5  
   4    0    0    0    2    3    0    0    0    1    0    0    5    0    0  
   1    0    4    0    0    0    0    5    0    0    2    0    0    0    3  
   0    0    0    0    0    0    0    4    0    0    0    2    5    1    3  
   0    5    0    1    4    0    2    0    0    0    0    0    3    0    0  
   0    2    5    0    0    0    0    0    3    4    0    1    0    0    0  
   0    0    0    4    5    0    0    0    1    0    0    2    3    0    0  
   0    0    5    2    1    0    3    0    0    0    0    4    0    0    0  
   0    0    0    0    0    0    0    5    1    4    0    0    0    2    3  
   0    0    0    2    0    4    1    0    0    0    3    5    0    0    0  
   4    0    5    0    3    0    0    0    1    0    0    2    0    0    0  
   0    0    0    0    4    1    0    0    0    0    3    0    5    2    0  
   0    1    0    4    0    0    0    3    5    0    2    0    0    0    0  
   0    2    1    0    0    0    5    0    0    0    0    0    3    0    4  
   0    0    5    0    0    0    0    0    0    2    0    3    4    0    1  
   0    2    0    0    4    0    0    0    0    0    1    0    5    0    3  
   5    0    0    0    0    0    2    1    3    0    0    4    0    0    0  
   0    0    1    0    0    0    5    0    0    0    0    4    0    3    2  
   3    0    0    0    0    0    0    0    0    0    5    2    0    4    1  
   1    0    0    2    5    0    0    4    0    0    0    0    3    0    0  
   0    0    4    0    0    0    0    1    5    0    0    0    0    3    2  
   0    0    0    0    0    0    0    4    5    1    0    3    0    2    0  
   0    3    0    0    0    0    4    5    0    0    1    2    0    0    0  
   3    0    2    0    1    0    0    0    0    0    0    4    0    5    0  
   2    0    0    4    0    0    0    5    0    0    3    1    0    0    0  
   0    0    0    5    4    0    0    2    3    1    0    0    0    0    0  
   0    3    0    2    0    0    4    5    0    0    0    1    0    0    0  
   0    0    0    0    0    0    0    1    3    5    0    4    2    0    0  
   0    0    0    5    0    3    0    0    4    0    1    0    2    0    0  
   0    3    0    1    5    4    0    0    0    2    0    0    0    0    0  
   0    1    0    0    0    4    0    0    0    2    0    0    0    5    3  
   3    0    0    4    0    2    0    0    0    1    0    0    0    0    5  
   0    4    0    3    1    2    0    0    0    5    0    0    0    0    0  
   3    0    0    2    4    0    0    0    0    0    0    1    5    0    0  
   0    5    0    2    0    4    3    0    0    0    1    0    0    0    0  
   4    0    0    0    0    2    0    1    3    0    0    0    0    5    0  
   1    0    0    2    0    5    0    0    0    0    0    3    0    4    0  
   4    2    0    0    0    5    1    0    3    0    0    0    0    0    0  
   1    0    0    0    0    0    0    0    3    0    4    5    2    0    0  
   1    5    2    0    0    0    4    3    0    0    0    0    0    0    0  
   0    0    4    0    1    0    0    2    0    0    3    5    0    0    0  
   2    0    0    0    0    3    0    0    0    1    4    0    5    0    0  
   5    1    2    0    0    0    0    0    0    0    3    0    0    0    4  
   0    3    0    0    0    0    0    0    1    0    4    0    5    0    2  
   0    0    1    3    0    0    0    4    0    0    2    0    0    5    0  
   0    1    3    0    0    0    0    5    2    0    0    0    0    4    0  
   0    0    1    0    4    0    0    3    0    0    0    2    5    0    0  
   0    0    0    0    0    0    0    0    2    3    0    4    0    1    5  
   0    0    4    0    0    0    0    2    3    0    0    0    1    0    5  
   4    0    0    0    0    2    5    0    3    1    0    0    0    0    0  
   2    1    0    4    0    3    0    0    0    0    0    0    0    0    5  
   0    1    0    4    0    0    2    0    0    0    0    0    0    5    3  
   0    0    0    0    2    5    3    0    4    0    0    1    0    0    0  
   0    1    2    5    4    0    0    0    0    3    0    0    0    0    0  
   0    0    0    4    1    3    2    0    0    0    0    5    0    0    0  
   3    0    5    0    0    0    0    1    4    0    0    0    0    2    0  
   0    0    0    0    0    0    4    0    1    0    0    5    3    0    2  
   0    0    2    0    0    1    3    0    5    0    0    4    0    0    0  
   0    1    4    0    0    0    0    2    0    0    0    5    0    3    0  
   0    0    3    0    1    2    0    5    0    0    0    4    0    0    0  
   0    0    4    0    5    1    0    2    0    0    0    0    0    3    0  
   0    0    0    0    0    1    0    0    0    0    2    5    3    4    0  
   5    3    0    0    0    2    1    0    0    0    0    0    4    0    0  
   4    0    0    2    0    5    0    3    0    0    0    0    1    0    0  
   0    1    0    0    2    0    0    0    4    0    0    0    3    5    0  
   0    5    2    0    0    0    0    0    1    0    0    3    0    4    0  
   0    0    0    1    0    3    0    0    0    2    4    0    0    5    0  
   4    0    5    0    3    0    1    2    0    0    0    0    0    0    0  
   0    1    0    0    0    0    0    0    2    0    4    0    0    3    5  
   0    0    4    3    1    5    0    0    0    0    0    0    0    0    2  
   0    0    2    0    4    3    0    0    0    1    5    0    0    0    0  
   0    3    0    0    1    0    5    0    0    0    4    0    0    0    2  
   0    2    0    4    0    0    0    3    0    1    0    0    0    0    5  
   0    0    3    0    0    0    0    5    4    0    2    1    0    0    0  
   5    0    1    0    0    0    0    0    0    0    4    0    0    2    3  
   2    0    1    0    3    0    0    0    0    0    0    4    5    0    0  
   5    0    0    4    0    3    0    0    0    1    0    0    0    0    2  
   0    5    0    0    1    2    0    0    0    0    3    0    0    0    4  
   0    0    5    0    3    0    2    1    4    0    0    0    0    0    0  
   0    0    4    1    0    0    0    0    0    5    3    0    0    0    2  
   2    1    0    0    0    0    0    0    0    5    0    3    0    4    0  
   0    0    0    0    3    0    5    4    0    2    1    0    0    0    0  
   4    3    0    2    0    0    0    0    0    5    1    0    0    0    0  
   5    0    4    0    1    0    0    0    0    2    0    0    3    0    0  
   0    0    5    0    0    1    0    0    2    0    0    3    4    0    0  
   1    0    4    0    0    3    5    0    0    0    0    0    0    0    2  
   0    2    0    0    0    0    0    4    0    1    5    0    3    0    0  ] 
RESERVATION PRICES : [    0    6    6    5    0    0    5    0    5    0    0    0    0    0    0  
   0    0    9    0   12    0    0   12    0    0    0    0    0   10    9  
   0    0   14    0   15   15    0    0    0    0   15    0   15    0    0  
   0   19   23   17    0    0    0    0    0    0    0    0   23    0   17  
   0   23    0    0    0   19    0   25   23    0    0   21    0    0    0  
   0    0   19   19    0    0   25    0    0    0    0    0   19    0   26  
   0    0   29    0   24    0    0    0    0   27    0    0   22    0   30  
  28   38    0    0    0    0    0   32    0   28    0    0    0   29    0  
   0    0    0    0   39   40   35    0   40    0   40    0    0    0    0  
  32   36    0    0    0    0    0    0   36    0    0    0    0   35   39  
   0    0   43    0   33    0    0    0    0   39    0    0   41    0   37  
  43    0    0    0   41    0   46   35   43    0    0    0    0    0    0  
   0    0    0   47    0   47   48    0   42    0   39    0    0    0    0  
  45    0    0    0    0    0    0   57    0    0    0    0   54   51   49  
  63    0    0    0   55   49    0    0    0   48    0    0   49    0    0  
  60    0   61    0    0    0    0   57    0    0   53    0    0    0   64  
   0    0    0    0    0    0    0   55    0    0    0   73   60   72   62  
   0   76    0   73   74    0   69    0    0    0    0    0   62    0    0  
   0   74   63    0    0    0    0    0   80   60    0   69    0    0    0  
   0    0    0   68   83    0    0    0   75    0    0   75   78    0    0  
   0    0   67   83   64    0   77    0    0    0    0   84    0    0    0  
   0    0    0    0    0    0    0   85   83   82    0    0    0   85   68  
   0    0    0   86    0   95   89    0    0    0   93   73    0    0    0  
  87    0   70    0   89    0    0    0   71    0    0   74    0    0    0  
   0    0    0    0   97   96    0    0    0    0   85    0   78   81    0  
   0   75    0   93    0    0    0   96   97    0   92    0    0    0    0  
   0   89   91    0    0    0   77    0    0    0    0    0   83    0   94  
   0    0   81    0    0    0    0    0    0   94    0  105   83    0   83  
   0   96    0    0   88    0    0    0    0    0  114    0   86    0   94  
 110    0    0    0    0    0   99   96  106    0    0   97    0    0    0  
   0    0  115    0    0    0  104    0    0    0    0  106    0  122  112  
 124    0    0    0    0    0    0    0    0    0  108   96    0  111  106  
 114    0    0  130   95    0    0  116    0    0    0    0  120    0    0  
   0    0   99    0    0    0    0  109  113    0    0    0    0   95  116  
   0    0    0    0    0    0    0   97  113  114    0   98    0  116    0  
   0  118    0    0    0    0  115  132    0    0  133  121    0    0    0  
  99    0  120    0  113    0    0    0    0    0    0  136    0  124    0  
 133    0    0  124    0    0    0  136    0    0  130  115    0    0    0  
   0    0    0  109  132    0    0  126  138  105    0    0    0    0    0  
   0  142    0  146    0    0  108  143    0    0    0  119    0    0    0  
   0    0    0    0    0    0    0  114  138  124    0  114  149    0    0  
   0    0    0  134    0  143    0    0  137    0  120    0  115    0    0  
   0  133    0  154  141  141    0    0    0  138    0    0    0    0    0  
   0  129    0    0    0  152    0    0    0  132    0    0    0  125  135  
 161    0    0  158    0  144    0    0    0  131    0    0    0    0  151  
   0  151    0  152  175  170    0    0    0  150    0    0    0    0    0  
 149    0    0  157  173    0    0    0    0    0    0  161  160    0    0  
   0  133    0  158    0  141  142    0    0    0  178    0    0    0    0  
 179    0    0    0    0  182    0  180  158    0    0    0    0  175    0  
 165    0    0  184    0  150    0    0    0    0    0  152    0  168    0  
 172  192    0    0    0  155  168    0  187    0    0    0    0    0    0  
 201    0    0    0    0    0    0    0  147    0  180  157  172    0    0  
 188  183  179    0    0    0  172  194    0    0    0    0    0    0    0  
   0    0  191    0  163    0    0  168    0    0  160  178    0    0    0  
 203    0    0    0    0  197    0    0    0  179  160    0  170    0    0  
 181  180  180    0    0    0    0    0    0    0  194    0    0    0  213  
   0  163    0    0    0    0    0    0  195    0  181    0  206    0  216  
   0    0  167  179    0    0    0  205    0    0  205    0    0  175    0  
   0  170  199    0    0    0    0  166  208    0    0    0    0  194    0  
   0    0  229    0  189    0    0  189    0    0    0  168  190    0    0  
   0    0    0    0    0    0    0    0  188  168    0  205    0  226  183  
   0    0  184    0    0    0    0  185  187    0    0    0  189    0  198  
 214    0    0    0    0  177  195    0  202  226    0    0    0    0    0  
 197  194    0  215    0  213    0    0    0    0    0    0    0    0  235  
   0  226    0  191    0    0  220    0    0    0    0    0    0  219  229  
   0    0    0    0  205  226  241    0  220    0    0  227    0    0    0  
   0  228  236  237  213    0    0    0    0  235    0    0    0    0    0  
   0    0    0  215  197  239  199    0    0    0    0  196    0    0    0  
 238    0  244    0    0    0    0  255  199    0    0    0    0  202    0  
   0    0    0    0    0    0  195    0  233    0    0  216  256    0  240  
   0    0  260    0    0  211  228    0  250    0    0  258    0    0    0  
   0  239  209    0    0    0    0  218    0    0    0  197    0  247    0  
   0    0  257    0  230  199    0  216    0    0    0  269    0    0    0  
   0    0  219    0  260  249    0  256    0    0    0    0    0  208    0  
   0    0    0    0    0  218    0    0    0    0  223  220  239  247    0  
 221  205    0    0    0  265  243    0    0    0    0    0  199    0    0  
 208    0    0  273    0  223    0  267    0    0    0    0  231    0    0  
   0  273    0    0  287    0    0    0  248    0    0    0  274  288    0  
   0  272  244    0    0    0    0    0  224    0    0  227    0  238    0  
   0    0    0  271    0  220    0    0    0  227  224    0    0  228    0  
 280    0  247    0  242    0  216  238    0    0    0    0    0    0    0  
   0  287    0    0    0    0    0    0  281    0  286    0    0  230  265  
   0    0  285  223  261  251    0    0    0    0    0    0    0    0  250  
   0    0  287    0  271  274    0    0    0  241  238    0    0    0    0  
   0  267    0    0  261    0  300    0    0    0  255    0    0    0  267  
   0  307    0  243    0    0    0  282    0  273    0    0    0    0  261  
   0    0  311    0    0    0    0  233  276    0  290  254    0    0    0  
 244    0  303    0    0    0    0    0    0    0  289    0    0  311  272  
 293    0  261    0  252    0    0    0    0    0    0  310  241    0    0  
 327    0    0  316    0  260    0    0    0  332    0    0    0    0  297  
   0  306    0    0  288  245    0    0    0    0  278    0    0    0  264  
   0    0  311    0  323    0  293  265  274    0    0    0    0    0    0  
   0    0  282  293    0    0    0    0    0  263  254    0    0    0  263  
 287  304    0    0    0    0    0    0    0  348    0  325    0  317    0  
   0    0    0    0  268    0  332  346    0  278  273    0    0    0    0  
 304  280    0  257    0    0    0    0    0  331  333    0    0    0    0  
 315    0  311    0  288    0    0    0    0  343    0    0  340    0    0  
   0    0  269    0    0  333    0    0  315    0    0  296  331    0    0  
 349    0  350    0    0  297  288    0    0    0    0    0    0    0  362  
   0  345    0    0    0    0    0  317    0  301  313    0  314    0    0  ] 
 ] 
