K : 100
I : 10
C : 10
INSTANCE : 4
PREFERENCES : [    2    5    0    3    4    0    0    0    1    0  
   0    4    0    0    2    0    3    5    0    1  
   0    4    0    1    0    3    5    2    0    0  
   0    0    4    3    0    0    1    0    5    2  
   1    3    0    2    0    5    0    4    0    0  
   2    3    0    0    0    0    5    4    1    0  
   5    4    0    0    0    3    2    0    0    1  
   0    0    4    0    0    3    2    0    5    1  
   0    0    0    0    2    0    1    5    4    3  
   0    3    0    0    2    0    4    5    1    0  
   2    0    3    0    1    0    5    0    0    4  
   3    0    5    0    0    4    2    1    0    0  
   4    1    0    0    0    2    0    0    5    3  
   0    1    0    4    2    0    5    0    0    3  
   0    0    1    0    5    2    0    3    4    0  
   1    0    5    0    4    0    0    0    2    3  
   5    2    0    0    0    3    1    0    0    4  
   0    0    4    0    2    0    5    1    3    0  
   0    1    0    0    0    4    5    3    0    2  
   4    1    0    0    0    0    0    5    3    2  
   0    1    5    0    0    0    0    4    2    3  
   0    1    0    5    3    0    0    4    0    2  
   2    0    4    5    3    1    0    0    0    0  
   5    2    4    3    0    0    0    0    0    1  
   0    0    5    2    3    4    0    1    0    0  
   5    1    0    3    0    2    4    0    0    0  
   0    4    0    1    0    5    0    3    0    2  
   0    5    0    2    3    4    0    1    0    0  
   3    0    1    0    0    2    4    5    0    0  
   0    1    2    0    0    0    4    5    0    3  
   0    1    0    0    4    0    5    2    0    3  
   5    0    0    4    1    3    0    2    0    0  
   0    5    0    0    2    1    0    3    0    4  
   2    3    5    1    0    0    0    0    4    0  
   0    1    5    4    0    0    2    0    3    0  
   5    1    0    0    0    0    3    4    0    2  
   4    5    2    0    3    1    0    0    0    0  
   2    5    3    4    0    0    0    0    0    1  
   0    0    0    5    0    1    0    4    2    3  
   4    0    5    0    2    0    1    3    0    0  
   4    0    5    0    0    1    3    0    2    0  
   0    0    4    0    0    3    5    2    1    0  
   3    1    0    0    0    0    0    2    5    4  
   1    0    5    0    4    2    0    0    3    0  
   0    3    2    0    1    0    5    4    0    0  
   3    1    5    0    0    0    2    0    0    4  
   0    0    0    1    4    0    3    2    5    0  
   0    3    5    2    0    0    1    0    4    0  
   0    3    2    5    0    0    1    0    0    4  
   1    3    2    0    0    4    0    0    0    5  
   0    0    1    0    3    5    0    2    4    0  
   0    4    0    0    0    0    3    1    5    2  
   0    0    1    5    0    4    0    3    0    2  
   0    0    2    0    4    0    0    1    3    5  
   3    5    0    0    0    2    0    1    4    0  
   0    4    0    3    1    0    2    0    0    5  
   0    4    2    0    0    3    0    0    5    1  
   0    3    0    5    2    0    4    1    0    0  
   1    5    0    0    2    0    0    0    4    3  
   1    0    0    5    0    0    0    2    4    3  
   0    3    0    0    5    0    0    1    2    4  
   0    3    2    5    0    4    0    0    1    0  
   4    3    2    0    0    0    1    0    0    5  
   0    5    3    1    4    2    0    0    0    0  
   3    0    0    0    1    0    0    2    4    5  
   1    3    0    2    0    0    0    4    5    0  
   4    0    0    1    0    0    3    0    2    5  
   0    0    5    3    1    2    0    0    0    4  
   2    1    5    0    0    0    4    0    0    3  
   0    3    4    0    0    0    0    5    2    1  
   0    0    4    1    2    0    3    0    0    5  
   5    0    0    1    3    4    2    0    0    0  
   3    0    5    1    0    0    2    4    0    0  
   0    4    5    0    0    2    0    1    0    3  
   4    0    2    0    0    5    3    1    0    0  
   0    0    0    0    5    0    1    2    4    3  
   0    0    1    3    4    0    2    0    0    5  
   0    0    3    0    4    5    1    0    0    2  
   0    1    0    2    5    0    4    0    0    3  
   0    0    0    0    1    4    0    2    5    3  
   0    5    3    2    4    0    0    1    0    0  
   3    5    4    2    0    0    0    0    1    0  
   1    0    5    3    0    0    0    4    0    2  
   5    2    0    0    4    0    1    0    0    3  
   0    5    3    0    0    2    0    1    4    0  
   2    3    1    5    0    0    0    4    0    0  
   0    0    5    0    4    0    2    1    3    0  
   0    5    4    2    1    0    0    3    0    0  
   3    2    4    5    1    0    0    0    0    0  
   3    2    4    5    0    0    1    0    0    0  
   0    0    3    0    4    2    5    0    0    1  
   0    4    2    0    3    5    0    0    1    0  
   5    4    2    0    0    0    0    3    0    1  
   2    4    0    0    0    1    5    0    0    3  
   4    5    2    0    0    3    0    0    0    1  
   1    0    0    4    2    0    3    0    5    0  
   0    4    5    0    1    0    0    2    3    0  
   1    0    0    4    0    3    0    2    0    5  
   0    0    3    0    2    5    0    0    1    4  
   2    3    0    0    0    4    0    0    5    1  ] 
RESERVATION PRICES : [    7    7    0    9    9    0    0    0    8    0  
   0   11    0    0    9    0    9   11    0    9  
   0   16    0   17    0   15   16   16    0    0  
   0    0   21   18    0    0   23    0   19   20  
  27   20    0   22    0   27    0   23    0    0  
  24   22    0    0    0    0   23   25   26    0  
  23   21    0    0    0   24   23    0    0   20  
   0    0   29    0    0   30   28    0   31   31  
   0    0    0    0   34    0   34   32   33   27  
   0   30    0    0   33    0   35   31   35    0  
  37    0   44    0   39    0   40    0    0   42  
  51    0   47    0    0   38   49   47    0    0  
  46   54    0    0    0   52    0    0   41   43  
   0   53    0   53   56    0   57    0    0   43  
   0    0   46    0   60   59    0   56   53    0  
  59    0   53    0   62    0    0    0   62   53  
  64   52    0    0    0   50   68    0    0   56  
   0    0   63    0   61    0   54   72   64    0  
   0   65    0    0    0   68   71   68    0   76  
  75   83    0    0    0    0    0   73   76   67  
   0   65   78    0    0    0    0   85   73   75  
   0   68    0   72   67    0    0   93    0   90  
  84    0   90   82   82   69    0    0    0    0  
  76   93   84   87    0    0    0    0    0   69  
   0    0   84   93   74   81    0   75    0    0  
  89   97    0   93    0   90  101    0    0    0  
   0   91    0   87    0   82    0  105    0   86  
   0   93    0   86  105   88    0   94    0    0  
 116    0  113    0    0  113  100  116    0    0  
   0  109  109    0    0    0  106  103    0  119  
   0   94    0    0  118    0  100  118    0  116  
 116    0    0  127  129  132    0   97    0    0  
   0  112    0    0  111  130    0  102    0  129  
 133  122  140  115    0    0    0    0  117    0  
   0  132  128  140    0    0  117    0  120    0  
 143  123    0    0    0    0  114  112    0  136  
 154  111  147    0  133  111    0    0    0    0  
 119  149  125  146    0    0    0    0    0  155  
   0    0    0  154    0  148    0  159  156  131  
 126    0  156    0  134    0  149  130    0    0  
 141    0  150    0    0  131  144    0  123    0  
   0    0  150    0    0  133  139  123  165    0  
 157  147    0    0    0    0    0  138  142  126  
 131    0  158    0  141  166    0    0  133    0  
   0  131  174    0  167    0  143  132    0    0  
 161  146  179    0    0    0  167    0    0  135  
   0    0    0  161  133    0  133  182  174    0  
   0  168  163  136    0    0  149    0  146    0  
   0  174  178  191    0    0  141    0    0  151  
 181  194  141    0    0  182    0    0    0  163  
   0    0  157    0  162  186    0  174  183    0  
   0  193    0    0    0    0  189  162  144  160  
   0    0  203  159    0  191    0  151    0  195  
   0    0  167    0  174    0    0  176  181  163  
 187  163    0    0    0  202    0  157  174    0  
   0  213    0  206  193    0  195    0    0  160  
   0  175  200    0    0  199    0    0  209  178  
   0  179    0  195  178    0  201  189    0    0  
 232  186    0    0  183    0    0    0  170  190  
 209    0    0  216    0    0    0  225  186  172  
   0  237    0    0  180    0    0  227  192  208  
   0  231  193  220    0  226    0    0  172    0  
 218  197  184    0    0    0  193    0    0  225  
   0  191  244  221  216  208    0    0    0    0  
 233    0    0    0  183    0    0  244  236  206  
 208  203    0  240    0    0    0  234  209    0  
 255    0    0  255    0    0  201    0  228  233  
   0    0  208  222  211  245    0    0    0  248  
 225  216  243    0    0    0  257    0    0  229  
   0  253  198    0    0    0    0  213  217  261  
   0    0  223  218  239    0  235    0    0  197  
 254    0    0  269  264  231  254    0    0    0  
 266    0  218  218    0    0  241  246    0    0  
   0  275  271    0    0  268    0  277    0  232  
 208    0  243    0    0  210  284  234    0    0  
   0    0    0    0  277    0  242  290  235  284  
   0    0  226  211  213    0  229    0    0  257  
   0    0  261    0  268  296  228    0    0  275  
   0  229    0  257  224    0  265    0    0  261  
   0    0    0    0  248  248    0  213  288  280  
   0  275  224  222  241    0    0  236    0    0  
 275  258  250  231    0    0    0    0  272    0  
 222    0  233  285    0    0    0  277    0  281  
 246  253    0    0  231    0  283    0    0  247  
   0  249  225    0    0  252    0  311  238    0  
 317  317  303  241    0    0    0  301    0    0  
   0    0  237    0  280    0  317  314  290    0  
   0  289  316  253  263    0    0  268    0    0  
 253  330  255  274  263    0    0    0    0    0  
 249  307  266  287    0    0  292    0    0    0  
   0    0  338    0  314  254  312    0    0  333  
   0  318  314    0  300  321    0    0  326    0  
 325  340  254    0    0    0    0  278    0  274  
 308  295    0    0    0  292  339    0    0  331  
 263  282  335    0    0  348    0    0    0  349  
 295    0    0  345  261    0  356    0  292    0  
   0  360  337    0  367    0    0  314  273    0  
 273    0    0  330    0  343    0  353    0  297  
   0    0  346    0  355  328    0    0  318  341  
 276  321    0    0    0  364    0    0  320  312  ] 
 ] 
