K : 50
I : 5
C : 5
INSTANCE : 3
PREFERENCES : [    0    3    0    1    2  
   0    3    1    2    0  
   3    1    2    0    0  
   0    2    3    1    0  
   3    0    2    1    0  
   0    3    0    2    1  
   2    0    3    1    0  
   2    0    0    1    3  
   0    0    3    2    1  
   0    1    0    2    3  
   0    3    2    0    1  
   0    2    0    3    1  
   2    0    1    0    3  
   2    1    0    0    3  
   0    0    3    2    1  
   0    1    2    0    3  
   0    2    0    3    1  
   0    0    3    1    2  
   0    0    2    3    1  
   3    1    0    2    0  
   3    2    1    0    0  
   0    0    2    3    1  
   2    1    3    0    0  
   0    2    3    1    0  
   2    0    1    3    0  
   0    2    1    0    3  
   1    3    0    0    2  
   1    0    2    3    0  
   1    0    0    2    3  
   1    3    0    0    2  
   1    2    0    0    3  
   0    0    3    1    2  
   0    0    2    1    3  
   3    2    0    1    0  
   1    0    0    2    3  
   0    0    2    3    1  
   1    0    3    0    2  
   2    0    3    0    1  
   0    3    1    0    2  
   3    0    0    1    2  
   0    1    3    0    2  
   0    3    2    1    0  
   2    3    0    0    1  
   1    3    2    0    0  
   0    1    2    0    3  
   0    3    2    1    0  
   3    2    1    0    0  
   1    0    2    3    0  
   3    2    0    1    0  
   3    0    0    1    2  ] 
RESERVATION PRICES : [    0    7    0    7    6  
   0   11   11    9    0  
  18   18   17    0    0  
   0   22   19   22    0  
  26    0   22   21    0  
   0   28    0   22   29  
  28    0   37   27    0  
  36    0    0   33   30  
   0    0   32   42   44  
   0   33    0   41   44  
   0   39   42    0   40  
   0   45    0   48   45  
  44    0   47    0   51  
  57   49    0    0   50  
   0    0   47   64   57  
   0   62   56    0   67  
   0   65    0   65   64  
   0    0   59   66   64  
   0    0   68   65   59  
  72   67    0   63    0  
  79   78   66    0    0  
   0    0   81   71   86  
  76   77   84    0    0  
   0   91   83   96    0  
  79    0  108  100    0  
   0  100   93    0   84  
  94   99    0    0   88  
 103    0   85   82    0  
  90    0    0   90   96  
 110  110    0    0  101  
 107   94    0    0  103  
   0    0  108   97   89  
   0    0   93  122  108  
 105  130    0  125    0  
  95    0    0  123   97  
   0    0  129  114  124  
 107    0  117    0  122  
  99    0  106    0  113  
   0  123  118    0  121  
 132    0    0  135  136  
   0  112  145    0  137  
   0  153  142  151    0  
 156  155    0    0  119  
 122  159  139    0    0  
   0  120  155    0  119  
   0  142  135  140    0  
 146  134  168    0    0  
 143    0  144  172    0  
 139  146    0  148    0  
 154    0    0  139  143  ] 
 ] 
