K : 125
I : 10
C : 13
INSTANCE : 1
PREFERENCES : [    5    3    1    4    0    0    2    0    0    0  
   5    0    0    0    0    2    1    3    4    0  
   0    2    1    5    0    3    0    0    4    0  
   0    4    5    1    0    0    3    0    2    0  
   0    4    0    1    5    2    0    0    3    0  
   2    0    5    0    1    0    3    0    0    4  
   1    0    3    4    0    0    0    2    0    5  
   4    0    0    0    5    0    1    2    3    0  
   3    0    4    1    0    2    0    0    5    0  
   0    3    0    0    0    1    0    4    5    2  
   0    0    0    3    0    1    0    5    2    4  
   5    1    0    0    4    0    0    0    2    3  
   0    5    0    0    4    2    3    1    0    0  
   3    2    0    1    4    0    0    5    0    0  
   4    0    3    1    0    2    0    5    0    0  
   0    0    0    1    4    0    2    0    5    3  
   0    0    2    1    0    0    5    4    0    3  
   2    0    0    4    0    5    3    0    1    0  
   0    4    0    3    0    0    0    2    1    5  
   1    3    5    4    0    0    0    0    2    0  
   3    2    0    1    0    0    5    4    0    0  
   0    0    0    0    3    5    1    0    4    2  
   4    1    0    2    3    0    0    0    0    5  
   4    0    1    0    3    0    5    0    2    0  
   0    2    0    0    1    0    5    0    4    3  
   0    4    5    3    0    1    0    0    0    2  
   0    4    5    0    2    3    0    1    0    0  
   3    0    2    0    1    5    0    0    4    0  
   0    5    4    0    1    0    0    3    0    2  
   3    0    0    0    4    2    1    5    0    0  
   3    1    0    0    4    5    2    0    0    0  
   0    3    5    0    0    0    0    4    1    2  
   4    0    5    0    0    1    2    0    3    0  
   1    2    3    0    0    0    0    5    4    0  
   0    0    4    0    1    0    3    2    0    5  
   0    0    4    0    0    1    3    2    0    5  
   5    0    3    0    0    2    0    0    1    4  
   0    5    0    3    4    0    1    2    0    0  
   0    0    4    1    0    2    3    0    0    5  
   4    0    3    1    0    0    2    5    0    0  
   4    0    2    0    1    0    3    0    0    5  
   4    0    0    0    0    1    0    2    5    3  
   0    0    0    2    4    0    5    0    1    3  
   1    0    0    0    3    5    2    4    0    0  
   0    3    0    0    2    5    1    0    0    4  
   3    0    1    0    2    0    4    0    5    0  
   0    5    4    0    0    2    0    1    3    0  
   3    1    0    0    0    4    2    0    0    5  
   0    3    5    0    2    0    0    0    1    4  
   1    0    0    5    4    0    3    0    0    2  
   0    0    4    1    3    0    5    2    0    0  
   0    4    0    3    5    1    2    0    0    0  
   5    0    0    1    0    2    3    4    0    0  
   0    0    3    0    4    5    0    1    0    2  
   0    1    2    0    0    3    4    0    5    0  
   0    1    2    0    0    4    0    3    5    0  
   2    0    1    3    0    0    4    5    0    0  
   0    2    4    5    0    0    0    3    1    0  
   4    0    0    0    0    3    1    0    5    2  
   0    5    0    3    0    4    2    1    0    0  
   5    3    0    1    0    0    0    2    0    4  
   3    5    0    0    0    2    4    0    1    0  
   0    3    2    0    5    0    0    1    0    4  
   5    4    0    0    0    1    0    3    0    2  
   5    0    1    0    0    4    0    0    3    2  
   0    2    4    5    1    0    3    0    0    0  
   5    0    0    0    0    0    4    2    1    3  
   0    5    0    0    3    2    0    4    1    0  
   0    0    0    5    3    2    0    4    0    1  
   0    0    3    0    2    5    1    0    4    0  
   0    2    4    0    0    5    0    1    3    0  
   0    0    0    5    0    3    4    2    0    1  
   0    5    2    4    0    0    3    1    0    0  
   0    0    2    0    0    0    5    4    3    1  
   0    5    4    0    2    3    0    0    0    1  
   3    0    2    0    5    4    1    0    0    0  
   0    0    3    1    4    2    0    5    0    0  
   5    4    0    2    3    1    0    0    0    0  
   2    0    5    0    0    0    1    3    4    0  
   3    0    0    1    5    2    0    0    4    0  
   0    0    0    1    0    0    2    4    5    3  
   1    0    3    0    0    0    4    2    0    5  
   0    5    1    2    0    4    0    3    0    0  
   3    0    0    1    2    0    5    0    0    4  
   0    2    0    0    0    3    0    1    4    5  
   0    2    4    0    0    0    0    1    3    5  
   4    0    0    2    1    0    0    5    3    0  
   1    0    3    0    5    0    2    0    4    0  
   2    0    0    4    0    3    0    5    0    1  
   0    5    3    4    2    0    0    1    0    0  
   4    3    0    1    2    0    0    0    0    5  
   0    0    0    0    5    2    0    3    4    1  
   0    0    0    1    3    2    0    5    4    0  
   2    0    3    0    0    4    1    5    0    0  
   0    3    0    2    0    1    0    4    5    0  
   0    2    0    3    0    0    5    4    0    1  
   0    3    0    2    4    1    0    0    5    0  
   4    0    5    0    1    0    0    0    3    2  
   0    1    3    5    2    4    0    0    0    0  
   0    2    3    1    0    0    5    0    4    0  
   1    4    0    0    0    5    0    0    2    3  
   4    5    3    0    0    1    0    0    0    2  
   0    2    4    5    0    0    0    0    3    1  
   0    1    3    4    2    0    0    0    5    0  
   0    5    0    0    2    1    0    0    3    4  
   0    3    2    0    4    1    0    5    0    0  
   0    0    0    4    0    1    0    5    3    2  
   0    4    0    1    2    5    3    0    0    0  
   0    0    4    0    2    5    1    0    0    3  
   0    0    2    3    1    0    5    0    0    4  
   4    0    0    3    0    1    2    5    0    0  
   5    0    0    0    0    0    4    1    2    3  
   3    0    0    1    2    5    4    0    0    0  
   0    0    2    4    1    3    5    0    0    0  
   0    4    1    0    3    0    5    0    2    0  
   5    0    4    1    0    0    0    3    0    2  
   0    1    4    0    0    3    0    2    5    0  
   4    0    0    3    2    5    0    1    0    0  
   5    2    0    0    0    0    0    3    1    4  
   5    1    0    0    4    0    0    3    2    0  
   0    1    4    0    0    5    0    2    0    3  
   0    2    0    0    1    4    5    0    3    0  
   4    0    0    0    3    1    2    0    0    5  
   0    0    5    3    4    2    1    0    0    0  
   0    0    0    4    0    3    0    5    1    2  ] 
RESERVATION PRICES : [    7    9    9    8    0    0    8    0    0    0  
  11    0    0    0    0   12   12   11   13    0  
   0   14   15   15    0   16    0    0   12    0  
   0   18   18   16    0    0   20    0   16    0  
   0   17    0   20   21   21    0    0   17    0  
  18    0   20    0   20    0   19    0    0   20  
  19    0   19   16    0    0    0   20    0   17  
  21    0    0    0   19    0   20   21   20    0  
  26    0   28   31    0   27    0    0   29    0  
   0   33    0    0    0   34    0   35   28   37  
   0    0    0   42    0   39    0   33   33   31  
  37   41    0    0   47    0    0    0   47   38  
   0   37    0    0   51   42   47   45    0    0  
  45   51    0   48   40    0    0   50    0    0  
  48    0   52   42    0   42    0   52    0    0  
   0    0    0   45   45    0   45    0   51   45  
   0    0   58   53    0    0   52   47    0   47  
  66    0    0   51    0   54   56    0   63    0  
   0   55    0   65    0    0    0   67   66   51  
  56   62   54   61    0    0    0    0   68    0  
  66   70    0   60    0    0   73   57    0    0  
   0    0    0    0   79   74   79    0   78   79  
  69   71    0   65   88    0    0    0    0   87  
  90    0   69    0   65    0   82    0   75    0  
   0   87    0    0   94    0   71    0   74   70  
   0   84   97   92    0   97    0    0    0   76  
   0  101   82    0   87   87    0   93    0    0  
  95    0   92    0   80   95    0    0   85    0  
   0   99   97    0   92    0    0   90    0   87  
 103    0    0    0   98  104  102  110    0    0  
  93  101    0    0   96   87   91    0    0    0  
   0  108   88    0    0    0    0   97   92   92  
  89    0   86    0    0  119  103    0   93    0  
 114  114  100    0    0    0    0  100   96    0  
   0    0  123    0  114    0   95  131    0  101  
   0    0  100    0    0  123  133  124    0  125  
 118    0  131    0    0  112    0    0  133  126  
   0  116    0  138  139    0  114  128    0    0  
   0    0  109  107    0  138  120    0    0  109  
 120    0  122  145    0    0  145  150    0    0  
 140    0  148    0  126    0  128    0    0  157  
 134    0    0    0    0  117    0  142  146  114  
   0    0    0  123  139    0  124    0  129  114  
 159    0    0    0  141  150  128  128    0    0  
   0  121    0    0  144  124  159    0    0  126  
 142    0  159    0  152    0  141    0  135    0  
   0  142  152    0    0  163    0  123  159    0  
 158  133    0    0    0  141  171    0    0  161  
   0  164  145    0  172    0    0    0  161  167  
 134    0    0  174  181    0  162    0    0  173  
   0    0  137  147  176    0  178  158    0    0  
   0  147    0  146  144  147  146    0    0    0  
 159    0    0  166    0  169  173  160    0    0  
   0    0  179    0  198  153    0  158    0  156  
   0  181  173    0    0  194  144    0  152    0  
   0  176  170    0    0  195    0  177  174    0  
 175    0  164  190    0    0  183  183    0    0  
   0  184  208  172    0    0    0  214  204    0  
 189    0    0    0    0  173  216    0  185  176  
   0  171    0  213    0  185  196  214    0    0  
 163  222    0  163    0    0    0  191    0  213  
 219  189    0    0    0  163  193    0  225    0  
   0  201  199    0  220    0    0  214    0  217  
 169  202    0    0    0  213    0  209    0  225  
 227    0  179    0    0  221    0    0  215  180  
   0  182  190  226  228    0  237    0    0    0  
 191    0    0    0    0    0  210  216  203  180  
   0  178    0    0  206  193    0  220  190    0  
   0    0    0  209  219  182    0  235    0  185  
   0    0  228    0  214  234  216    0  210    0  
   0  191  195    0    0  189    0  220  209    0  
   0    0    0  249    0  256  259  255    0  195  
   0  228  190  228    0    0  253  224    0    0  
   0    0  229    0    0    0  238  241  251  267  
   0  262  208    0  223  227    0    0    0  198  
 274    0  211    0  204  238  253    0    0    0  
   0    0  229  228  234  278    0  219    0    0  
 284  227    0  284  225  265    0    0    0    0  
 241    0  214    0    0    0  228  231  249    0  
 216    0    0  289  236  272    0    0  217    0  
   0    0    0  250    0    0  233  289  276  239  
 253    0  268    0    0    0  236  235    0  238  
   0  289  252  248    0  296    0  291    0    0  
 244    0    0  285  300    0  243    0    0  232  
   0  303    0    0    0  255    0  245  249  258  
   0  294  281    0    0    0    0  242  318  265  
 319    0    0  285  313    0    0  260  294    0  
 253    0  262    0  310    0  254    0  278    0  
 316    0    0  281    0  284    0  309    0  246  
   0  259  274  244  255    0    0  280    0    0  
 307  243    0  294  303    0    0    0    0  315  
   0    0    0    0  243  248    0  285  302  335  
   0    0    0  271  288  340    0  251  321    0  
 344    0  274    0    0  325  264  309    0    0  
   0  272    0  255    0  273    0  328  309    0  
   0  314    0  323    0    0  278  298    0  347  
   0  346    0  332  324  280    0    0  266    0  
 322    0  277    0  280    0    0    0  300  266  
   0  265  312  311  277  286    0    0    0    0  
   0  308  353  356    0    0  352    0  297    0  
 301  357    0    0    0  362    0    0  375  333  
 347  338  296    0    0  373    0    0    0  307  
   0  294  313  371    0    0    0    0  340  283  
   0  314  383  289  296    0    0    0  380    0  
   0  368    0    0  362  352    0    0  343  369  
   0  285  300    0  291  346    0  381    0    0  
   0    0    0  372    0  288    0  297  332  330  
   0  305    0  400  383  331  357    0    0    0  
   0    0  407    0  314  310  326    0    0  346  
   0    0  332  413  395    0  330    0    0  333  
 312    0    0  371    0  318  318  375    0    0  
 311    0    0    0    0    0  416  328  307  330  
 329    0    0  308  370  322  427    0    0    0  
   0    0  315  328  307  378  345    0    0    0  
   0  338  383    0  318    0  343    0  429    0  
 418    0  416  365    0    0    0  394    0  336  
   0  335  386    0    0  439    0  427  399    0  
 388    0    0  328  420  382    0  390    0    0  
 419  442    0    0    0    0    0  425  349  432  
 428  381    0    0  349    0    0  384  392    0  
   0  342  429    0    0  402    0  330    0  405  
   0  341    0    0  420  444  346    0  332    0  
 355    0    0    0  365  415  418    0    0  396  
   0    0  341  346  340  437  460    0    0    0  
   0    0    0  401    0  351    0  449  358  336  ] 
 ] 
