K : 150
I : 5
C : 30
INSTANCE : 4
PREFERENCES : [    1    3    0    0    2  
   3    1    0    2    0  
   1    0    3    0    2  
   0    3    0    1    2  
   0    0    1    3    2  
   2    1    0    3    0  
   0    3    0    1    2  
   1    0    3    0    2  
   0    3    1    2    0  
   2    0    1    3    0  
   2    0    0    3    1  
   2    0    1    0    3  
   1    0    3    2    0  
   1    3    0    0    2  
   0    3    1    0    2  
   0    2    3    1    0  
   0    0    3    1    2  
   3    0    2    0    1  
   0    1    2    0    3  
   3    0    1    2    0  
   2    1    0    3    0  
   3    0    0    1    2  
   3    1    0    2    0  
   0    0    1    3    2  
   0    0    3    1    2  
   0    2    3    0    1  
   0    1    0    2    3  
   1    3    0    0    2  
   0    0    1    2    3  
   1    3    2    0    0  
   2    0    1    0    3  
   2    0    1    0    3  
   0    0    2    1    3  
   0    3    0    2    1  
   0    2    1    3    0  
   0    3    0    2    1  
   3    1    2    0    0  
   2    0    0    1    3  
   0    2    1    3    0  
   1    0    3    2    0  
   2    0    1    0    3  
   1    3    2    0    0  
   1    0    3    2    0  
   3    0    0    1    2  
   1    0    3    0    2  
   0    0    2    3    1  
   1    3    0    2    0  
   0    1    0    3    2  
   1    2    3    0    0  
   2    0    0    3    1  
   0    0    3    1    2  
   1    3    0    2    0  
   2    1    0    0    3  
   3    0    2    1    0  
   3    2    0    1    0  
   1    2    0    0    3  
   0    2    3    1    0  
   0    2    1    3    0  
   2    0    3    1    0  
   1    3    0    0    2  
   3    0    0    1    2  
   1    0    2    0    3  
   1    0    3    0    2  
   0    1    2    3    0  
   1    0    2    3    0  
   0    0    2    1    3  
   1    0    2    3    0  
   3    1    0    0    2  
   3    2    0    1    0  
   3    2    0    1    0  
   0    0    1    3    2  
   1    2    0    0    3  
   0    3    2    0    1  
   2    0    1    0    3  
   0    0    3    2    1  
   2    3    0    0    1  
   0    0    2    1    3  
   0    3    0    1    2  
   3    2    1    0    0  
   1    3    2    0    0  
   2    3    0    0    1  
   2    0    1    3    0  
   0    3    2    1    0  
   0    3    2    1    0  
   1    2    3    0    0  
   0    0    3    1    2  
   0    1    3    2    0  
   3    0    1    2    0  
   1    2    0    0    3  
   1    2    0    3    0  
   0    0    1    2    3  
   2    0    1    3    0  
   0    2    3    0    1  
   0    1    2    0    3  
   0    1    3    2    0  
   0    2    0    3    1  
   2    0    3    0    1  
   0    0    1    2    3  
   0    1    3    0    2  
   0    0    1    2    3  
   1    0    0    2    3  
   0    1    0    2    3  
   1    0    3    2    0  
   3    0    0    2    1  
   0    2    0    1    3  
   1    0    0    3    2  
   2    3    1    0    0  
   0    1    3    2    0  
   0    0    2    3    1  
   3    0    0    1    2  
   0    2    0    3    1  
   0    3    2    1    0  
   2    0    1    0    3  
   0    3    2    1    0  
   0    2    3    0    1  
   3    0    2    0    1  
   0    0    1    3    2  
   0    0    3    2    1  
   0    0    1    2    3  
   0    1    0    3    2  
   1    2    3    0    0  
   1    2    0    3    0  
   2    0    3    1    0  
   2    0    0    1    3  
   0    3    1    2    0  
   0    2    1    3    0  
   0    3    1    2    0  
   0    0    2    3    1  
   2    0    1    0    3  
   0    2    1    3    0  
   0    2    1    0    3  
   1    3    0    2    0  
   2    0    0    3    1  
   1    3    2    0    0  
   1    0    2    0    3  
   1    0    2    3    0  
   0    2    1    3    0  
   0    0    2    1    3  
   3    2    0    0    1  
   0    3    0    2    1  
   3    2    0    0    1  
   1    0    2    0    3  
   3    1    0    0    2  
   1    0    2    0    3  
   2    3    0    1    0  
   3    1    2    0    0  
   0    0    3    1    2  
   0    3    0    1    2  
   0    3    0    1    2  
   3    1    0    0    2  ] 
RESERVATION PRICES : [    6    7    0    0    6  
  14   13    0   11    0  
  14    0   15    0   14  
   0   16    0   14   14  
   0    0   23   24   18  
  23   24    0   22    0  
   0   25    0   22   25  
  25    0   27    0   34  
   0   36   30   36    0  
  41    0   41   45    0  
  44    0    0   44   35  
  45    0   51    0   42  
  43    0   52   42    0  
  43   48    0    0   43  
   0   45   49    0   48  
   0   49   58   52    0  
   0    0   54   50   55  
  57    0   55    0   62  
   0   64   53    0   60  
  67    0   57   70    0  
  59   61    0   60    0  
  58    0    0   60   73  
  64   72    0   62    0  
   0    0   83   72   73  
   0    0   77   84   70  
   0   87   84    0   78  
   0   78    0   74   84  
 100   78    0    0   98  
   0    0   93   94  107  
 102   83   86    0    0  
  89    0   90    0  109  
 116    0   98    0   98  
   0    0  125  114  120  
   0   95    0  104  115  
   0  123   99  120    0  
   0  125    0  122  127  
 110  106  120    0    0  
 141    0    0  119  114  
   0  137  106  117    0  
 142    0  124  111    0  
 151    0  138    0  132  
 125  155  158    0    0  
 124    0  164  129    0  
 159    0    0  124  160  
 134    0  129    0  121  
   0    0  151  148  162  
 127  131    0  154    0  
   0  173    0  163  158  
 140  184  138    0    0  
 136    0    0  175  157  
   0    0  165  162  175  
 145  159    0  178    0  
 177  157    0    0  172  
 174    0  190  186    0  
 174  199    0  203    0  
 203  180    0    0  193  
   0  178  200  180    0  
   0  189  181  210    0  
 204    0  181  201    0  
 202  220    0    0  199  
 227    0    0  198  173  
 195    0  206    0  181  
 218    0  186    0  225  
   0  182  205  173    0  
 184    0  190  176    0  
   0    0  202  231  247  
 190    0  233  220    0  
 235  248    0    0  250  
 187  223    0  229    0  
 244  245    0  233    0  
   0    0  259  231  223  
 220  264    0    0  208  
   0  241  266    0  220  
 222    0  252    0  257  
   0    0  238  263  265  
 264  213    0    0  250  
   0    0  253  287  284  
   0  261    0  265  210  
 267  287  234    0    0  
 278  261  293    0    0  
 252  232    0    0  235  
 246    0  306  243    0  
   0  271  253  247    0  
   0  292  284  267    0  
 301  275  320    0    0  
   0    0  289  278  321  
   0  260  296  292    0  
 288    0  303  260    0  
 258  257    0    0  298  
 255  295    0  247    0  
   0    0  318  295  280  
 257    0  305  331    0  
   0  290  268    0  270  
   0  261  352    0  284  
   0  342  284  291    0  
   0  264    0  365  336  
 313    0  315    0  271  
   0    0  342  319  348  
   0  293  351    0  290  
   0    0  283  347  313  
 313    0    0  283  368  
   0  352    0  336  325  
 299    0  379  334    0  
 320    0    0  307  353  
   0  362    0  330  372  
 306    0    0  318  331  
 345  369  365    0    0  
   0  364  377  397    0  
   0    0  371  395  405  
 300    0    0  384  326  
   0  300    0  320  416  
   0  395  306  308    0  
 370    0  305    0  379  
   0  405  328  356    0  
   0  368  391    0  318  
 356    0  332    0  319  
   0    0  420  353  408  
   0    0  414  351  426  
   0    0  344  382  341  
   0  441    0  428  362  
 408  442  324    0    0  
 425  410    0  393    0  
 375    0  431  458    0  
 407    0    0  419  414  
   0  381  393  388    0  
   0  341  405  343    0  
   0  410  481  476    0  
   0    0  375  440  408  
 468    0  451    0  355  
   0  409  429  410    0  
   0  476  399    0  359  
 455  460    0  453    0  
 415    0    0  464  388  
 389  370  364    0    0  
 430    0  457    0  502  
 378    0  434  482    0  
   0  407  504  453    0  
   0    0  406  512  441  
 513  376    0    0  499  
   0  450    0  384  472  
 530  525    0    0  532  
 411    0  508    0  401  
 430  433    0    0  536  
 438    0  463    0  407  
 514  495    0  462    0  
 450  521  394    0    0  
   0    0  496  400  531  
   0  406    0  397  414  
   0  402    0  417  487  
 436  467    0    0  559  ] 
 ] 
