K : 100
I : 10
C : 10
INSTANCE : 2
PREFERENCES : [    4    5    0    0    0    2    3    1    0    0  
   0    0    3    4    2    0    1    5    0    0  
   0    5    2    0    1    0    0    0    3    4  
   0    3    4    0    0    0    2    1    5    0  
   3    2    0    5    4    0    0    1    0    0  
   0    0    5    0    1    0    2    4    0    3  
   0    2    0    0    0    3    1    0    4    5  
   0    3    1    0    0    5    0    2    4    0  
   3    0    5    4    1    0    0    0    2    0  
   0    5    1    4    0    2    0    0    0    3  
   4    5    2    0    3    1    0    0    0    0  
   3    0    2    5    0    0    0    4    0    1  
   0    0    4    0    3    1    0    2    5    0  
   0    0    5    1    2    0    0    4    0    3  
   4    0    3    5    2    0    0    1    0    0  
   2    0    0    0    5    1    4    3    0    0  
   5    0    0    0    3    0    1    2    4    0  
   0    2    3    0    4    0    1    0    5    0  
   0    0    4    2    1    0    5    0    0    3  
   0    3    0    0    1    0    4    2    0    5  
   0    2    0    0    4    3    5    0    0    1  
   0    0    2    0    0    4    1    3    0    5  
   0    3    2    4    0    5    0    0    0    1  
   0    5    3    1    0    0    0    4    0    2  
   0    0    3    2    0    5    0    1    4    0  
   2    0    3    0    0    5    0    4    1    0  
   0    0    0    0    1    2    4    0    5    3  
   4    3    0    2    0    5    0    1    0    0  
   0    5    4    0    0    3    1    0    2    0  
   0    0    0    0    0    4    5    1    3    2  
   5    4    0    0    0    0    0    2    1    3  
   0    2    3    0    4    0    1    0    0    5  
   0    0    0    4    1    2    0    0    3    5  
   0    0    2    0    1    4    3    0    0    5  
   5    0    0    4    2    0    0    1    0    3  
   0    5    1    0    2    0    3    4    0    0  
   5    4    2    0    0    0    1    0    3    0  
   2    3    4    0    1    5    0    0    0    0  
   3    0    0    0    4    0    2    1    0    5  
   0    3    0    0    0    4    1    5    0    2  
   0    4    0    2    0    0    1    5    0    3  
   2    1    0    0    0    3    5    4    0    0  
   5    2    0    0    3    0    0    0    1    4  
   0    0    0    3    1    0    5    4    2    0  
   0    3    0    2    0    0    0    5    1    4  
   2    0    3    5    1    0    0    0    4    0  
   0    4    3    1    0    0    0    0    2    5  
   0    2    5    0    0    3    4    0    0    1  
   4    0    5    3    0    2    0    0    1    0  
   0    4    3    0    0    2    5    0    1    0  
   4    5    0    0    0    0    0    3    2    1  
   5    0    2    0    0    1    3    4    0    0  
   0    0    3    0    0    1    0    2    4    5  
   5    0    4    2    3    0    0    0    0    1  
   2    0    0    3    4    0    5    0    1    0  
   3    0    0    2    1    0    4    5    0    0  
   0    5    0    2    0    0    4    1    0    3  
   0    3    4    0    0    5    0    2    1    0  
   0    4    0    3    0    0    0    2    1    5  
   0    3    4    0    2    0    0    0    1    5  
   4    0    0    1    3    0    2    0    0    5  
   5    0    3    0    2    4    0    1    0    0  
   1    0    3    0    0    5    0    0    4    2  
   0    1    2    3    0    0    0    0    5    4  
   4    0    5    3    0    0    0    2    1    0  
   0    0    1    2    0    0    3    5    0    4  
   0    0    2    5    4    3    1    0    0    0  
   3    0    0    0    4    2    0    1    0    5  
   0    2    0    4    3    0    0    0    5    1  
   0    5    0    1    0    0    0    3    2    4  
   0    0    2    0    0    5    0    1    3    4  
   5    0    0    0    0    3    4    2    1    0  
   1    0    0    0    2    5    0    3    4    0  
   5    0    3    0    0    4    1    0    2    0  
   0    0    0    3    5    1    0    0    2    4  
   2    3    1    5    0    4    0    0    0    0  
   5    0    3    0    4    1    2    0    0    0  
   0    0    1    3    2    4    5    0    0    0  
   0    0    2    4    5    0    0    1    3    0  
   3    0    0    0    0    2    4    0    1    5  
   0    0    0    5    0    4    1    0    2    3  
   0    2    0    1    0    0    4    5    0    3  
   2    1    0    5    0    4    0    0    0    3  
   0    0    1    0    4    0    3    0    5    2  
   5    1    0    2    0    4    0    3    0    0  
   2    0    5    4    3    0    0    0    1    0  
   1    2    4    5    3    0    0    0    0    0  
   0    0    5    0    0    2    3    0    4    1  
   3    1    0    0    0    0    2    5    0    4  
   0    5    0    0    4    2    1    0    0    3  
   0    5    2    0    1    4    0    0    0    3  
   0    0    1    4    0    2    0    3    0    5  
   0    0    5    1    0    0    2    3    4    0  
   0    0    4    0    2    5    0    1    0    3  
   1    0    4    0    3    0    5    0    2    0  
   4    3    0    0    0    2    0    0    5    1  
   0    4    0    0    2    0    1    3    5    0  
   1    0    0    5    0    0    4    2    3    0  
   0    0    5    2    0    1    0    0    4    3  
   1    0    5    0    3    2    0    0    0    4  ] 
RESERVATION PRICES : [    6    7    0    0    0    6    6    6    0    0  
   0    0   10   10   11    0   10   10    0    0  
   0   17   15    0   15    0    0    0   16   15  
   0   24   21    0    0    0   23   23   23    0  
  21   21    0   24   19    0    0   22    0    0  
   0    0   28    0   30    0   28   29    0   27  
   0   26    0    0    0   31   35    0   34   30  
   0   34   42    0    0   33    0   42   40    0  
  44    0   39   40   46    0    0    0   44    0  
   0   39   46   37    0   37    0    0    0   47  
  45   41   42    0   46   44    0    0    0    0  
  47    0   49   46    0    0    0   51    0   54  
   0    0   42    0   49   55    0   52   51    0  
   0    0   48   61   51    0    0   49    0   58  
  59    0   66   59   52    0    0   67    0    0  
  60    0    0    0   61   68   55   70    0    0  
  58    0    0    0   61    0   61   55   68    0  
   0   63   68    0   65    0   67    0   67    0  
   0    0   69   58   57    0   68    0    0   61  
   0   66    0    0   60    0   67   62    0   70  
   0   70    0    0   74   74   57    0    0   60  
   0    0   61    0    0   81   73   70    0   79  
   0   71   73   68    0   71    0    0    0   70  
   0   82   67   85    0    0    0   75    0   79  
   0    0   76   85    0   85    0   79   88    0  
  79    0   98    0    0   88    0   90   92    0  
   0    0    0    0   99   87  103    0   77   81  
  83   89    0   88    0   89    0   84    0    0  
   0  105  107    0    0   95   94    0  114    0  
   0    0    0    0    0  104  105   94  121   91  
 100  104    0    0    0    0    0  100  105  105  
   0  105  116    0  118    0  122    0    0  129  
   0    0    0  130  104  103    0    0  128  133  
   0    0  127    0  133  137  110    0    0  139  
 131    0    0  128  125    0    0  108    0  142  
   0  115  144    0  111    0  136  114    0    0  
 126  132  126    0    0    0  115    0  120    0  
 124  116  149    0  115  129    0    0    0    0  
 149    0    0    0  116    0  132  130    0  147  
   0  150    0    0    0  149  160  126    0  127  
   0  161    0  148    0    0  151  153    0  142  
 130  169    0    0    0  153  127  137    0    0  
 133  163    0    0  151    0    0    0  175  175  
   0    0    0  138  164    0  158  168  162    0  
   0  172    0  130    0    0    0  173  153  160  
 155    0  160  159  178    0    0    0  175    0  
   0  179  159  189    0    0    0    0  145  160  
   0  191  178    0    0  164  189    0    0  171  
 154    0  149  146    0  154    0    0  177    0  
   0  149  201    0    0  203  200    0  185    0  
 185  187    0    0    0    0    0  180  204  178  
 169    0  159    0    0  166  169  152    0    0  
   0    0  215    0    0  196    0  189  214  197  
 210    0  216  170  201    0    0    0    0  203  
 161    0    0  191  174    0  184    0  197    0  
 178    0    0  209  198    0  202  193    0    0  
   0  171    0  170    0    0  197  214    0  189  
   0  220  218    0    0  202    0  186  225    0  
   0  211    0  183    0    0    0  169  214  211  
   0  228  207    0  198    0    0    0  170  176  
 174    0    0  235  182    0  181    0    0  187  
 180    0  187    0  192  218    0  206    0    0  
 242    0  224    0    0  230    0    0  223  177  
   0  246  221  203    0    0    0    0  224  226  
 207    0  237  230    0    0    0  192  200    0  
   0    0  186  219    0    0  240  206    0  257  
   0    0  208  186  227  224  241    0    0    0  
 189    0    0    0  191  204    0  200    0  211  
   0  251    0  264  240    0    0    0  264  222  
   0  201    0  219    0    0    0  242  204  195  
   0    0  263    0    0  218    0  235  260  202  
 239    0    0    0    0  238  247  244  278    0  
 217    0    0    0  206  252    0  238  246    0  
 237    0  258    0    0  266  265    0  259    0  
   0    0    0  277  271  213    0    0  273  213  
 267  241  257  275    0  267    0    0    0    0  
 212    0  268    0  247  254  236    0    0    0  
   0    0  276  247  246  242  263    0    0    0  
   0    0  217  292  219    0    0  271  250    0  
 280    0    0    0    0  221  254    0  246  301  
   0    0    0  230    0  262  237    0  263  248  
   0  296    0  265    0    0  281  300    0  277  
 245  304    0  305    0  256    0    0    0  267  
   0    0  276    0  236    0  231    0  276  296  
 295  304    0  263    0  304    0  321    0    0  
 246    0  305  260  235    0    0    0  310    0  
 321  252  276  238  310    0    0    0    0    0  
   0    0  309    0    0  258  324    0  262  303  
 295  336    0    0    0    0  243  309    0  308  
   0  306    0    0  302  337  246    0    0  267  
   0  338  310    0  267  328    0    0    0  252  
   0    0  254  312    0  346    0  299    0  256  
   0    0  288  276    0    0  331  320  260    0  
   0    0  261    0  280  298    0  288    0  350  
 320    0  281    0  258    0  327    0  267    0  
 281  341    0    0    0  331    0    0  291  302  
   0  283    0    0  310    0  363  356  286    0  
 296    0    0  341    0    0  272  263  339    0  
   0    0  298  367    0  289    0    0  310  333  
 280    0  334    0  326  296    0    0    0  315  ] 
 ] 
