K : 125
I : 5
C : 13
INSTANCE : 1
PREFERENCES : [    0    2    1    3    0  
   0    2    0    3    1  
   2    0    3    0    1  
   3    0    1    0    2  
   3    1    0    0    2  
   3    0    1    0    2  
   3    0    2    1    0  
   3    2    0    1    0  
   2    0    3    1    0  
   0    3    0    1    2  
   3    0    2    1    0  
   1    0    2    0    3  
   2    0    3    1    0  
   2    0    1    3    0  
   2    1    0    3    0  
   2    3    1    0    0  
   3    1    2    0    0  
   0    3    0    1    2  
   1    0    3    2    0  
   3    0    1    2    0  
   0    0    1    3    2  
   0    0    1    2    3  
   0    3    0    2    1  
   1    0    2    0    3  
   0    0    3    1    2  
   3    0    2    0    1  
   3    1    0    2    0  
   1    2    0    3    0  
   2    0    0    3    1  
   0    3    2    0    1  
   1    3    2    0    0  
   3    1    0    2    0  
   2    0    3    1    0  
   1    0    2    0    3  
   1    0    0    3    2  
   0    3    1    2    0  
   3    0    0    1    2  
   1    0    0    2    3  
   0    3    1    2    0  
   0    1    0    2    3  
   0    3    1    0    2  
   1    0    2    3    0  
   0    0    2    1    3  
   0    3    0    2    1  
   0    1    0    2    3  
   0    1    0    2    3  
   0    1    2    0    3  
   2    3    1    0    0  
   0    3    2    1    0  
   1    2    3    0    0  
   2    0    0    1    3  
   0    0    1    3    2  
   2    0    0    3    1  
   0    0    2    1    3  
   0    0    3    1    2  
   2    0    1    3    0  
   3    2    0    1    0  
   3    1    0    2    0  
   0    3    0    2    1  
   0    0    3    2    1  
   3    0    1    0    2  
   3    2    0    1    0  
   0    1    2    3    0  
   3    2    0    1    0  
   1    2    3    0    0  
   2    0    3    0    1  
   0    0    3    1    2  
   0    0    3    1    2  
   0    2    3    0    1  
   2    3    0    0    1  
   0    3    2    0    1  
   0    2    0    1    3  
   2    0    1    3    0  
   3    1    0    0    2  
   1    2    0    0    3  
   2    0    1    3    0  
   0    1    3    2    0  
   3    1    0    0    2  
   2    0    3    0    1  
   2    3    0    1    0  
   0    1    2    0    3  
   0    2    0    3    1  
   2    0    0    1    3  
   3    2    0    0    1  
   3    0    1    0    2  
   2    0    0    1    3  
   2    0    3    1    0  
   1    0    3    2    0  
   3    0    2    1    0  
   1    0    0    3    2  
   0    2    0    3    1  
   3    2    0    1    0  
   0    2    0    1    3  
   3    2    1    0    0  
   1    2    0    0    3  
   2    3    0    0    1  
   0    2    3    1    0  
   1    0    0    3    2  
   0    1    3    0    2  
   0    2    3    1    0  
   0    2    0    1    3  
   0    1    2    3    0  
   0    1    0    3    2  
   0    3    1    0    2  
   2    3    1    0    0  
   2    3    1    0    0  
   1    0    2    0    3  
   1    0    3    0    2  
   1    2    3    0    0  
   0    2    0    3    1  
   2    0    1    3    0  
   3    0    0    2    1  
   0    0    2    1    3  
   1    0    2    0    3  
   1    3    2    0    0  
   3    0    0    2    1  
   0    3    2    1    0  
   0    3    0    1    2  
   2    0    0    3    1  
   0    3    2    1    0  
   2    3    0    1    0  
   2    0    0    1    3  
   0    3    0    2    1  
   1    0    3    2    0  
   3    2    1    0    0  ] 
RESERVATION PRICES : [    0    8    8    8    0  
   0   11    0   11   11  
  18    0   15    0   16  
  21    0   19    0   23  
  20   17    0    0   22  
  20    0   24    0   19  
  22    0   27   24    0  
  28   31    0   30    0  
  35    0   37   33    0  
   0   41    0   39   44  
  37    0   40   33    0  
  36    0   35    0   33  
  47    0   48   48    0  
  41    0   53   49    0  
  56   51    0   60    0  
  47   49   57    0    0  
  62   60   49    0    0  
   0   63    0   57   53  
  53    0   70   64    0  
  69    0   57   69    0  
   0    0   60   70   78  
   0    0   80   69   75  
   0   73    0   66   84  
  93    0   78    0   79  
   0    0   67   79   92  
  93    0   82    0   90  
  83   77    0   76    0  
  84   94    0   81    0  
 101    0    0   97   80  
   0   86  100    0   97  
 108   96   97    0    0  
 115  114    0   88    0  
 110    0  103  120    0  
 112    0  127    0  112  
 124    0    0  104  114  
   0  116  134  130    0  
 128    0    0  126  140  
 133    0    0  116  120  
   0  134  131  137    0  
   0  155    0  145  137  
   0  159  160    0  122  
 163    0  144  163    0  
   0    0  155  142  154  
   0  124    0  139  150  
   0  173    0  152  176  
   0  176    0  166  133  
   0  169  138    0  157  
 180  131  155    0    0  
   0  178  160  164    0  
 155  188  186    0    0  
 152    0    0  188  143  
   0    0  150  154  172  
 187    0    0  165  155  
   0    0  161  185  153  
   0    0  165  174  162  
 200    0  185  183    0  
 182  207    0  172    0  
 202  201    0  200    0  
   0  191    0  181  219  
   0    0  168  188  183  
 209    0  177    0  198  
 207  234    0  229    0  
   0  198  212  175    0  
 224  177    0  198    0  
 235  177  239    0    0  
 218    0  243    0  212  
   0    0  226  239  212  
   0    0  231  240  204  
   0  255  205    0  255  
 220  252    0    0  213  
   0  222  235    0  197  
   0  273    0  233  201  
 203    0  225  238    0  
 215  270    0    0  282  
 270  257    0    0  274  
 267    0  208  235    0  
   0  218  254  219    0  
 285  239    0    0  272  
 217    0  293    0  291  
 269  278    0  301    0  
   0  282  277    0  284  
   0  271    0  296  227  
 293    0    0  278  256  
 320  242    0    0  307  
 233    0  310    0  265  
 275    0    0  248  308  
 288    0  268  305    0  
 245    0  272  329    0  
 300    0  313  332    0  
 247    0    0  269  321  
   0  326    0  256  313  
 280  253    0  337    0  
   0  293    0  310  293  
 335  288  261    0    0  
 353  301    0    0  261  
 356  316    0    0  333  
   0  367  368  291    0  
 348    0    0  368  361  
   0  267  296    0  355  
   0  316  320  318    0  
   0  297    0  339  361  
   0  315  286  324    0  
   0  336    0  335  347  
   0  320  337    0  382  
 351  376  365    0    0  
 342  350  317    0    0  
 351    0  315    0  325  
 288    0  321    0  367  
 335  353  300    0    0  
   0  390    0  310  397  
 331    0  390  410    0  
 362    0    0  412  383  
   0    0  383  341  311  
 312    0  363    0  326  
 424  376  414    0    0  
 347    0    0  423  413  
   0  369  351  410    0  
   0  331    0  400  357  
 434    0    0  407  343  
   0  366  389  440    0  
 404  365    0  446    0  
 406    0    0  426  373  
   0  381    0  341  370  
 401    0  460  441    0  
 466  452  451    0    0  ] 
 ] 
