K : 150
I : 10
C : 24
INSTANCE : 2
PREFERENCES : [    1    0    3    0    4    2    0    5    0    0  
   0    0    0    2    3    5    0    0    1    4  
   3    2    1    0    0    5    0    4    0    0  
   0    0    2    0    0    0    4    1    3    5  
   0    0    4    5    1    0    3    0    2    0  
   3    0    1    2    0    5    0    0    0    4  
   1    0    0    2    5    0    0    0    4    3  
   0    1    2    0    0    0    5    0    3    4  
   2    1    4    5    0    0    0    0    3    0  
   0    4    0    1    3    0    0    0    2    5  
   3    0    0    1    2    5    0    0    0    4  
   1    0    2    5    0    0    0    4    0    3  
   0    3    4    0    0    0    2    0    1    5  
   0    0    5    3    2    0    4    1    0    0  
   2    0    3    5    0    4    0    1    0    0  
   3    0    0    0    2    5    1    4    0    0  
   5    4    1    2    0    3    0    0    0    0  
   0    1    2    0    0    3    5    4    0    0  
   0    1    3    5    0    0    0    2    0    4  
   1    0    4    3    0    0    0    0    2    5  
   0    5    0    0    0    3    1    0    4    2  
   2    5    0    0    0    0    0    4    1    3  
   5    3    0    1    0    2    0    4    0    0  
   2    0    0    0    0    4    3    1    5    0  
   0    1    4    0    0    0    0    2    5    3  
   0    0    1    2    0    0    5    4    0    3  
   5    0    2    0    0    4    1    3    0    0  
   0    3    0    2    5    4    0    1    0    0  
   2    3    5    0    0    0    1    0    4    0  
   5    1    0    0    0    4    3    0    2    0  
   5    4    0    0    2    0    3    0    1    0  
   0    2    1    0    0    0    0    3    5    4  
   5    0    2    0    1    4    0    0    3    0  
   0    4    0    0    3    2    0    5    0    1  
   5    3    0    0    0    2    4    0    1    0  
   2    0    0    5    0    4    0    0    1    3  
   0    0    2    1    3    0    0    0    4    5  
   0    0    4    3    0    2    1    0    0    5  
   0    3    0    0    4    1    2    0    0    5  
   0    2    0    0    1    0    4    3    5    0  
   0    1    2    3    4    0    0    0    5    0  
   0    1    0    0    2    5    4    0    0    3  
   2    4    1    0    0    5    3    0    0    0  
   5    0    0    1    3    0    4    0    0    2  
   0    1    4    0    0    2    0    0    5    3  
   3    0    5    1    0    2    0    0    4    0  
   0    5    1    0    0    0    2    3    0    4  
   5    0    0    2    0    0    1    0    3    4  
   3    4    0    0    0    2    0    1    0    5  
   3    0    4    0    0    0    2    1    0    5  
   3    0    1    5    0    2    0    0    4    0  
   0    0    1    5    0    2    0    3    4    0  
   4    0    0    0    3    5    1    2    0    0  
   0    2    0    3    0    5    0    1    4    0  
   0    0    2    1    0    3    5    0    0    4  
   3    0    2    4    0    0    0    5    1    0  
   0    1    4    0    2    5    3    0    0    0  
   2    0    0    1    0    0    3    0    4    5  
   3    0    0    1    5    4    0    0    2    0  
   4    0    0    3    5    1    0    0    0    2  
   4    0    0    5    0    0    1    3    2    0  
   2    1    4    0    3    0    0    0    0    5  
   0    2    5    0    0    4    1    3    0    0  
   2    5    0    0    0    0    4    3    0    1  
   5    0    2    0    0    1    4    0    3    0  
   0    5    0    2    0    3    0    0    1    4  
   1    2    0    4    5    0    0    0    3    0  
   3    0    0    0    2    0    4    1    0    5  
   2    3    0    0    5    0    1    4    0    0  
   3    0    5    0    2    4    0    0    1    0  
   2    3    0    4    1    0    0    0    0    5  
   0    0    5    0    1    2    3    4    0    0  
   5    2    0    4    0    0    3    0    0    1  
   3    0    4    1    0    0    0    0    2    5  
   0    0    0    0    1    0    3    4    5    2  
   3    0    5    0    0    0    0    4    2    1  
   1    0    0    3    5    0    2    0    4    0  
   0    3    4    0    2    0    0    1    5    0  
   0    3    0    4    2    0    5    0    0    1  
   2    4    0    0    0    1    3    0    0    5  
   2    3    0    0    4    0    0    5    0    1  
   0    4    1    0    0    3    2    0    5    0  
   2    3    5    0    0    0    0    4    0    1  
   0    5    0    0    2    0    0    1    4    3  
   2    0    5    4    3    1    0    0    0    0  
   3    0    0    4    5    1    2    0    0    0  
   0    2    0    3    4    1    5    0    0    0  
   0    0    0    0    4    3    5    1    2    0  
   2    0    0    4    0    3    0    5    0    1  
   0    0    1    5    0    4    3    2    0    0  
   0    3    5    0    0    2    0    0    1    4  
   0    1    4    0    0    5    0    0    3    2  
   2    4    1    0    0    0    5    3    0    0  
   3    2    0    0    5    4    0    0    1    0  
   0    2    0    5    0    0    4    0    1    3  
   0    2    0    0    4    5    1    3    0    0  
   0    0    5    2    0    4    1    0    0    3  
   0    4    0    3    0    1    5    0    0    2  
   0    0    2    1    5    0    4    0    0    3  
   0    0    3    5    4    1    0    0    0    2  
   0    0    5    0    1    0    3    0    4    2  
   4    0    5    2    0    0    0    3    0    1  
   1    4    0    0    0    3    5    0    2    0  
   0    0    1    5    0    2    3    4    0    0  
   0    1    0    0    3    5    4    0    2    0  
   5    4    0    0    2    0    0    3    1    0  
   0    0    2    4    0    5    0    3    0    1  
   4    0    5    2    0    3    0    0    0    1  
   1    0    3    0    0    2    0    0    4    5  
   4    0    0    0    0    0    5    1    2    3  
   4    0    0    0    3    0    0    1    5    2  
   0    2    5    0    0    1    3    0    4    0  
   5    3    0    0    0    0    2    4    0    1  
   0    0    3    2    1    4    5    0    0    0  
   0    2    3    0    0    4    5    0    0    1  
   0    5    3    0    4    2    0    1    0    0  
   1    3    0    0    0    5    4    0    2    0  
   4    3    0    0    5    1    0    0    0    2  
   0    0    4    5    0    0    0    2    3    1  
   5    2    4    0    0    0    0    0    1    3  
   3    2    0    1    4    0    0    5    0    0  
   0    0    5    1    0    4    3    2    0    0  
   0    1    0    0    0    2    5    0    4    3  
   3    2    5    0    4    0    0    1    0    0  
   3    4    0    0    0    0    5    2    0    1  
   3    2    0    0    0    0    1    4    0    5  
   3    0    2    0    0    5    4    0    0    1  
   0    5    0    3    4    0    2    0    0    1  
   0    0    5    3    0    4    2    0    0    1  
   5    2    4    0    0    0    3    0    1    0  
   0    5    3    0    2    0    0    0    4    1  
   3    5    0    0    1    2    0    4    0    0  
   0    0    1    0    0    2    3    0    5    4  
   0    0    0    5    0    3    4    2    0    1  
   0    0    5    3    2    1    0    0    4    0  
   1    0    5    0    3    0    4    0    2    0  
   0    5    0    0    4    0    2    0    3    1  
   1    0    0    3    5    0    4    2    0    0  
   0    0    2    0    0    0    1    5    3    4  
   4    0    5    0    0    1    0    0    3    2  
   0    0    0    4    1    3    0    5    2    0  
   2    1    3    5    0    4    0    0    0    0  
   1    0    0    3    4    0    0    2    0    5  
   0    1    0    5    3    4    0    0    2    0  
   0    0    5    3    1    2    0    4    0    0  
   3    0    2    1    0    5    0    0    0    4  
   4    3    0    0    5    1    0    2    0    0  
   0    5    0    0    2    4    0    0    3    1  
   2    0    1    3    5    4    0    0    0    0  
   2    0    3    0    0    4    0    1    5    0  ] 
RESERVATION PRICES : [    9    0    9    0    9    7    0    7    0    0  
   0    0    0    7    7    7    0    0    7    8  
  11   11   10    0    0    9    0   11    0    0  
   0    0   18    0    0    0   16   14   18   17  
   0    0   18   19   17    0   15    0   17    0  
  24    0   20   25    0   23    0    0    0   23  
  25    0    0   26   29    0    0    0   24   28  
   0   31   36    0    0    0   37    0   27   36  
  30   34   28   32    0    0    0    0   37    0  
   0   27    0   30   32    0    0    0   28   37  
  29    0    0   29   31   29    0    0    0   34  
  38    0   33   32    0    0    0   36    0   35  
   0   40   33    0    0    0   43    0   36   33  
   0    0   43   38   42    0   43   48    0    0  
  48    0   49   53    0   46    0   48    0    0  
  47    0    0    0   44   41   53   47    0    0  
  52   55   61   45    0   53    0    0    0    0  
   0   49   62    0    0   61   56   46    0    0  
   0   55   59   45    0    0    0   49    0   58  
  53    0   51   59    0    0    0    0   64   51  
   0   65    0    0    0   58   61    0   56   60  
  58   78    0    0    0    0    0   58   66   60  
  81   67    0   63    0   61    0   77    0    0  
  75    0    0    0    0   76   73   65   64    0  
   0   68   81    0    0    0    0   77   74   86  
   0    0   86   74    0    0   75   71    0   90  
  94    0   85    0    0   75   94   74    0    0  
   0   93    0   90   88   92    0   85    0    0  
  91   83   77    0    0    0   94    0   74    0  
  84  101    0    0    0   91   92    0   80    0  
  83   81    0    0  100    0  105    0  101    0  
   0  110  101    0    0    0    0   97  117  113  
 110    0  120    0  119   89    0    0  112    0  
   0  121    0    0  101   95    0   98    0   97  
 122  116    0    0    0  104  116    0  128    0  
 111    0    0  124    0  105    0    0  128  110  
   0    0  121  120  121    0    0    0  122   99  
   0    0  112  127    0  113  110    0    0  112  
   0  138    0    0  139  119  123    0    0  141  
   0  117    0    0  122    0  136  114  114    0  
   0  134  129  120  126    0    0    0  121    0  
   0  110    0    0  126  120  112    0    0  125  
 130  144  137    0    0  144  136    0    0    0  
 141    0    0  132  139    0  150    0    0  132  
   0  160  137    0    0  159    0    0  120  115  
 127    0  164  141    0  128    0    0  128    0  
   0  142  169    0    0    0  143  168    0  156  
 178    0    0  156    0    0  133    0  148  133  
 162  153    0    0    0  143    0  135    0  178  
 172    0  156    0    0    0  173  157    0  132  
 153    0  182  177    0  142    0    0  156    0  
   0    0  155  176    0  188    0  156  149    0  
 158    0    0    0  149  156  196  142    0    0  
   0  181    0  194    0  188    0  163  195    0  
   0    0  167  190    0  149  148    0    0  159  
 177    0  173  159    0    0    0  173  147    0  
   0  180  188    0  189  166  207    0    0    0  
 157    0    0  163    0    0  160    0  183  169  
 179    0    0  196  164  218    0    0  203    0  
 167    0    0  159  179  185    0    0    0  199  
 203    0    0  213    0    0  204  223  192    0  
 226  224  172    0  181    0    0    0    0  222  
   0  208  232    0    0  195  208  199    0    0  
 199  175    0    0    0    0  180  185    0  182  
 195    0  199    0    0  191  191    0  226    0  
   0  245    0  204    0  222    0    0  238  197  
 186  185    0  217  185    0    0    0  250    0  
 237    0    0    0  199    0  206  229    0  223  
 204  244    0    0  210    0  251  200    0    0  
 202    0  235    0  226  259    0    0  190    0  
 224  203    0  228  260    0    0    0    0  230  
   0    0  264    0  228  241  207  268    0    0  
 202  252    0  243    0    0  253    0    0  259  
 234    0  246  215    0    0    0    0  261  215  
   0    0    0    0  221    0  219  278  204  261  
 253    0  213    0    0    0    0  244  276  223  
 211    0    0  263  231    0  284    0  245    0  
   0  270  253    0  216    0    0  286  214    0  
   0  223    0  286  234    0  287    0    0  218  
 236  284    0    0    0  259  225    0    0  251  
 283  255    0    0  286    0    0  290    0  244  
   0  244  236    0    0  227  241    0  268    0  
 224  232  264    0    0    0    0  252    0  248  
   0  285    0    0  281    0    0  227  299  229  
 263    0  296  261  289  305    0    0    0    0  
 286    0    0  239  258  253  294    0    0    0  
   0  246    0  259  288  246  288    0    0    0  
   0    0    0    0  265  307  305  254  244    0  
 307    0    0  315    0  297    0  245    0  303  
   0    0  266  251    0  324  272  278    0    0  
   0  256  297    0    0  268    0    0  275  324  
   0  290  323    0    0  305    0    0  265  277  
 329  321  262    0    0    0  251  290    0    0  
 350  317    0    0  261  297    0    0  304    0  
   0  333    0  275    0    0  345    0  291  333  
   0  314    0    0  346  347  334  313    0    0  
   0    0  272  308    0  274  327    0    0  277  
   0  347    0  286    0  312  266    0    0  319  
   0    0  308  353  304    0  305    0    0  345  
   0    0  349  311  342  287    0    0    0  346  
   0    0  310    0  357    0  299    0  317  299  
 287    0  374  278    0    0    0  342    0  339  
 372  308    0    0    0  347  358    0  374    0  
   0    0  340  344    0  317  367  368    0    0  
   0  331    0    0  386  313  347    0  375    0  
 392  305    0    0  359    0    0  356  355    0  
   0    0  383  300    0  297    0  372    0  380  
 331    0  352  345    0  366    0    0    0  308  
 418    0  409    0    0  305    0    0  412  360  
 347    0    0    0    0    0  356  382  324  415  
 355    0    0    0  368    0    0  308  385  346  
   0  410  349    0    0  364  424    0  352    0  
 410  406    0    0    0    0  428  340    0  362  
   0    0  348  384  413  322  336    0    0    0  
   0  368  443    0    0  412  401    0    0  375  
   0  421  406    0  419  386    0  387    0    0  
 334  405    0    0    0  425  339    0  396    0  
 348  430    0    0  451  376    0    0    0  333  
   0    0  428  380    0    0    0  329  337  341  
 376  450  402    0    0    0    0    0  356  353  
 400  428    0  459  395    0    0  353    0    0  
   0    0  361  447    0  379  464  392    0    0  
   0  358    0    0    0  351  398    0  379  417  
 396  375  471    0  434    0    0  411    0    0  
 398  478    0    0    0    0  406  389    0  390  
 484  395    0    0    0    0  379  384    0  348  
 379    0  434    0    0  368  408    0    0  418  
   0  446    0  475  472    0  470    0    0  387  
   0    0  417  430    0  463  426    0    0  429  
 476  454  450    0    0    0  427    0  470    0  
   0  377  501    0  389    0    0    0  502  377  
 427  500    0    0  450  378    0  367    0    0  
   0    0  506    0    0  441  501    0  367  496  
   0    0    0  409    0  477  428  512    0  442  
   0    0  426  479  385  385    0    0  506    0  
 440    0  412    0  411    0  504    0  462    0  
   0  407    0    0  455    0  477    0  458  508  
 475    0    0  436  504    0  433  464    0    0  
   0    0  453    0    0    0  373  467  423  447  
 460    0  455    0    0  458    0    0  495  379  
   0    0    0  512  512  414    0  459  423    0  
 521  438  407  461    0  436    0    0    0    0  
 416    0    0  445  504    0    0  527    0  502  
   0  472    0  541  411  462    0    0  472    0  
   0    0  528  497  545  432    0  537    0    0  
 509    0  455  549    0  457    0    0    0  458  
 469  548    0    0  535  477    0  432    0    0  
   0  545    0    0  408  487    0    0  492  418  
 544    0  479  498  447  415    0    0    0    0  
 523    0  437    0    0  494    0  438  478    0  ] 
 ] 
