K : 100
I : 10
C : 16
INSTANCE : 1
PREFERENCES : [    5    3    0    0    1    0    4    2    0    0  
   1    0    0    0    4    0    0    3    2    5  
   0    1    0    2    0    4    0    5    0    3  
   5    4    0    1    2    0    0    3    0    0  
   0    4    3    1    2    0    0    5    0    0  
   0    0    0    5    3    0    0    1    2    4  
   5    4    3    0    0    0    0    0    2    1  
   3    0    2    0    0    1    0    0    5    4  
   0    3    0    0    0    4    1    2    0    5  
   0    0    3    0    5    2    0    1    4    0  
   1    5    3    0    4    0    0    0    2    0  
   2    0    4    0    0    3    0    0    5    1  
   0    0    1    5    0    4    0    0    3    2  
   4    1    0    0    3    0    0    2    5    0  
   0    0    2    3    0    1    0    0    4    5  
   0    0    0    5    0    2    3    0    4    1  
   0    3    0    0    0    0    4    1    2    5  
   5    0    1    4    3    0    0    0    0    2  
   2    0    5    0    0    1    0    0    4    3  
   0    0    4    0    0    0    5    1    2    3  
   3    0    5    0    0    2    0    1    0    4  
   0    0    5    0    2    4    0    3    0    1  
   0    0    5    4    3    2    1    0    0    0  
   4    0    0    0    0    0    2    5    1    3  
   0    5    1    0    4    0    0    0    3    2  
   1    4    3    0    2    0    5    0    0    0  
   0    2    3    4    0    5    0    0    0    1  
   0    0    2    0    3    5    1    4    0    0  
   0    0    5    3    0    1    4    2    0    0  
   0    3    0    1    4    0    0    2    5    0  
   0    0    5    4    2    1    3    0    0    0  
   4    0    2    0    1    0    5    0    3    0  
   1    0    0    0    0    2    0    4    5    3  
   3    0    0    4    1    0    0    0    2    5  
   0    0    4    3    5    0    0    0    2    1  
   3    4    5    2    1    0    0    0    0    0  
   5    1    3    0    0    2    0    0    0    4  
   1    5    0    0    4    3    0    0    0    2  
   0    0    2    0    4    0    1    5    0    3  
   0    1    4    2    3    0    5    0    0    0  
   0    0    1    5    4    0    3    0    0    2  
   0    0    0    2    4    3    1    0    5    0  
   0    1    4    0    5    2    0    3    0    0  
   0    1    0    0    4    5    0    0    3    2  
   3    2    0    0    0    1    5    0    4    0  
   3    5    2    4    0    0    1    0    0    0  
   1    4    0    0    0    3    0    0    2    5  
   2    0    3    5    0    0    0    1    0    4  
   4    0    0    3    5    2    1    0    0    0  
   4    2    0    5    3    0    0    0    1    0  
   4    2    0    0    0    0    1    3    0    5  
   3    0    0    1    2    4    0    0    0    5  
   0    0    4    0    0    3    2    5    1    0  
   0    0    1    0    0    4    2    0    3    5  
   0    0    4    0    1    3    2    0    5    0  
   0    3    0    5    2    0    0    0    1    4  
   0    3    0    4    2    1    5    0    0    0  
   0    1    2    0    0    0    5    0    3    4  
   1    0    0    0    3    4    0    0    2    5  
   0    0    3    0    4    5    1    0    0    2  
   0    0    0    0    2    0    3    5    4    1  
   0    2    0    5    0    0    1    4    0    3  
   0    0    2    4    3    0    5    0    1    0  
   1    0    4    0    0    0    0    2    3    5  
   0    0    5    3    0    1    0    2    0    4  
   0    0    0    4    1    0    3    5    0    2  
   4    0    3    1    5    0    0    0    0    2  
   4    5    0    2    0    0    0    0    3    1  
   0    4    2    1    0    0    5    0    0    3  
   0    5    2    1    4    0    3    0    0    0  
   1    0    0    5    4    0    3    2    0    0  
   0    3    4    0    0    0    5    0    1    2  
   3    0    4    5    0    0    2    0    0    1  
   0    3    4    5    0    1    0    0    2    0  
   1    0    4    0    2    0    0    5    0    3  
   0    0    2    1    0    0    0    3    5    4  
   0    0    3    5    2    0    4    0    1    0  
   0    2    1    0    0    0    0    5    3    4  
   0    0    0    3    4    2    1    0    5    0  
   0    0    1    5    0    2    0    3    0    4  
   3    0    0    0    2    1    0    4    5    0  
   0    0    5    4    2    3    0    0    1    0  
   1    0    0    0    4    3    2    0    0    5  
   0    5    0    0    2    3    0    1    0    4  
   0    0    4    5    1    0    3    0    2    0  
   0    0    0    5    0    4    3    2    0    1  
   2    1    0    5    0    4    0    3    0    0  
   2    5    3    4    0    0    1    0    0    0  
   2    0    3    0    0    5    1    0    4    0  
   0    0    2    4    1    5    3    0    0    0  
   5    0    3    0    0    4    0    0    2    1  
   2    3    0    0    0    0    1    4    0    5  
   0    0    5    2    3    1    4    0    0    0  
   0    2    0    0    4    1    5    0    0    3  
   0    0    1    0    0    5    4    0    2    3  
   4    0    2    3    0    5    0    1    0    0  
   1    0    0    0    0    2    0    5    4    3  
   4    0    0    3    1    0    5    2    0    0  
   3    0    2    4    0    0    0    5    0    1  
   4    3    5    0    1    0    0    0    2    0  ] 
RESERVATION PRICES : [    8    9    0    0    9    0    8   10    0    0  
  11    0    0    0   10    0    0   12   12   10  
   0   16    0   17    0   19    0   18    0   18  
  19   22    0   18   20    0    0   20    0    0  
   0   21   22   22   20    0    0   21    0    0  
   0    0    0   22   27    0    0   25   21   27  
  31   28   25    0    0    0    0    0   24   33  
  34    0   38    0    0   37    0    0   33   28  
   0   35    0    0    0   29   30   35    0   29  
   0    0   42    0   35   35    0   35   36    0  
  49   42   39    0   45    0    0    0   47    0  
  46    0   47    0    0   50    0    0   45   50  
   0    0   49   46    0   47    0    0   55   58  
  49   50    0    0   45    0    0   57   52    0  
   0    0   57   46    0   55    0    0   54   46  
   0    0    0   64    0   56   58    0   50   62  
   0   59    0    0    0    0   59   52   58   56  
  53    0   58   54   68    0    0    0    0   61  
  64    0   63    0    0   70    0    0   55   67  
   0    0   75    0    0    0   75   75   63   77  
  73    0   62    0    0   74    0   82    0   81  
   0    0   64    0   86   84    0   75    0   69  
   0    0   68   66   87   77   71    0    0    0  
  91    0    0    0    0    0   95   75   73   70  
   0   74   91    0   75    0    0    0   76   73  
 105   98  104    0   83    0   96    0    0    0  
   0   93  102  105    0   99    0    0    0   98  
   0    0  110    0   85   93   89   84    0    0  
   0    0  117   89    0  103  114   87    0    0  
   0  103    0   88  118    0    0  108  112    0  
   0    0  108  105  121  100   93    0    0    0  
 114    0  111    0  123    0   91    0  107    0  
 122    0    0    0    0  119    0  127  118  108  
 126    0    0  121  136    0    0    0  111  108  
   0    0  120  113  127    0    0    0  106  122  
 107  104  122  132  130    0    0    0    0    0  
 117  123  118    0    0  143    0    0    0  126  
 136  111    0    0  120  141    0    0    0  114  
   0    0  140    0  116    0  132  120    0  114  
   0  153  137  120  156    0  137    0    0    0  
   0    0  146  131  135    0  152    0    0  153  
   0    0    0  146  159  136  121    0  126    0  
   0  149  163    0  132  157    0  124    0    0  
   0  130    0    0  129  122    0    0  133  157  
 131  160    0    0    0  172  129    0  150    0  
 143  145  154  145    0    0  142    0    0    0  
 148  172    0    0    0  181    0    0  149  168  
 164    0  133  174    0    0    0  180    0  150  
 166    0    0  161  148  164  155    0    0    0  
 166  156    0  154  171    0    0    0  178    0  
 150  170    0    0    0    0  170  152    0  163  
 169    0    0  171  143  193    0    0    0  187  
   0    0  145    0    0  195  168  161  192    0  
   0    0  189    0    0  167  197    0  202  156  
   0    0  199    0  202  170  185    0  149    0  
   0  185    0  153  207    0    0    0  202  199  
   0  187    0  161  160  213  195    0    0    0  
   0  208  206    0    0    0  194    0  168  194  
 195    0    0    0  212  162    0    0  221  206  
   0    0  171    0  212  180  176    0    0  165  
   0    0    0    0  182    0  211  180  178  210  
   0  234    0  198    0    0  201  219    0  221  
   0    0  170  181  172    0  198    0  231    0  
 229    0  239    0    0    0    0  236  214  192  
   0    0  231  230    0  198    0  237    0  215  
   0    0    0  216  214    0  220  204    0  195  
 239    0  233  197  196    0    0    0    0  210  
 230  258    0  259    0    0    0    0  209  193  
   0  250  212  256    0    0  246    0    0  224  
   0  246  250  257  235    0  235    0    0    0  
 238    0    0  215  213    0  230  220    0    0  
   0  205  209    0    0    0  259    0  280  260  
 236    0  260  213    0    0  242    0    0  230  
   0  227  237  232    0  252    0    0  249    0  
 257    0  210    0  244    0    0  229    0  247  
   0    0  235  278    0    0    0  210  256  234  
   0    0  259  250  235    0  223    0  239    0  
   0  264  250    0    0    0    0  285  237  282  
   0    0    0  304  245  281  295    0  263    0  
   0    0  284  244    0  283    0  252    0  229  
 247    0    0    0  250  253    0  303  280    0  
   0    0  278  276  314  272    0    0  248    0  
 299    0    0    0  284  308  243    0    0  320  
   0  247    0    0  252  242    0  286    0  243  
   0    0  238  245  235    0  303    0  257    0  
   0    0    0  324    0  325  264  323    0  301  
 283  282    0  325    0  268    0  276    0    0  
 277  249  281  324    0    0  289    0    0    0  
 251    0  311    0    0  276  315    0  261    0  
   0    0  312  302  264  258  256    0    0    0  
 243    0  277    0    0  266    0    0  298  276  
 319  259    0    0    0    0  312  283    0  320  
   0    0  254  348  285  333  326    0    0    0  
   0  271    0    0  351  348  281    0    0  327  
   0    0  282    0    0  295  324    0  326  340  
 320    0  301  284    0  259    0  331    0    0  
 298    0    0    0    0  305    0  298  316  301  
 314    0    0  356  275    0  363  357    0    0  
 367    0  301  275    0    0    0  352    0  311  
 373  337  298    0  349    0    0    0  281    0  ] 
 ] 
