K : 75
I : 10
C : 15
INSTANCE : 5
PREFERENCES : [    0    0    4    0    5    2    3    1    0    0  
   0    3    1    0    5    0    0    4    2    0  
   3    0    0    0    1    5    0    4    2    0  
   0    5    0    2    0    0    0    1    4    3  
   0    2    1    4    5    3    0    0    0    0  
   0    0    3    1    0    0    4    5    0    2  
   0    5    4    1    0    0    0    3    0    2  
   0    0    1    2    0    4    5    3    0    0  
   2    0    3    4    0    1    0    5    0    0  
   1    0    4    3    5    0    0    2    0    0  
   3    0    0    4    0    5    0    0    1    2  
   3    1    5    0    0    4    2    0    0    0  
   0    2    0    0    3    0    0    1    4    5  
   0    4    0    0    5    1    3    0    0    2  
   0    0    1    0    5    4    2    0    3    0  
   0    1    3    4    0    2    0    5    0    0  
   1    0    4    0    2    3    0    0    0    5  
   1    0    2    0    3    0    4    0    0    5  
   1    0    5    0    0    4    2    3    0    0  
   0    2    0    0    1    5    0    4    3    0  
   0    2    0    0    3    0    5    1    4    0  
   0    0    5    4    3    0    1    2    0    0  
   0    5    0    0    2    1    0    4    3    0  
   0    0    2    1    5    0    0    0    4    3  
   1    0    0    4    0    0    5    0    2    3  
   0    3    1    0    4    0    0    0    5    2  
   0    3    2    5    0    0    0    4    0    1  
   3    0    0    0    4    5    2    0    1    0  
   0    0    5    0    1    3    4    0    0    2  
   4    0    0    2    5    0    0    1    3    0  
   0    0    2    0    4    0    3    1    0    5  
   0    0    3    2    0    1    0    5    0    4  
   5    2    0    0    0    1    4    0    3    0  
   0    0    4    1    5    0    2    0    0    3  
   4    1    2    5    0    0    3    0    0    0  
   1    3    2    0    0    0    0    4    5    0  
   0    0    0    0    0    4    5    1    3    2  
   0    5    0    1    2    3    0    4    0    0  
   3    0    0    4    0    0    5    2    0    1  
   0    0    1    2    0    4    0    0    3    5  
   0    0    4    5    0    0    0    1    3    2  
   1    5    0    0    0    0    0    2    3    4  
   1    5    0    4    0    0    2    0    3    0  
   5    0    3    0    0    4    2    1    0    0  
   0    0    4    0    0    5    1    2    0    3  
   0    0    4    3    1    2    5    0    0    0  
   3    4    0    1    5    0    0    2    0    0  
   0    2    0    0    0    4    1    0    5    3  
   3    2    0    1    0    0    0    5    0    4  
   1    4    5    0    0    3    0    0    2    0  
   0    0    3    1    0    0    4    2    5    0  
   4    0    0    5    0    0    0    3    2    1  
   2    5    0    4    0    3    0    0    0    1  
   2    5    0    0    4    0    0    1    3    0  
   4    0    3    0    0    1    2    5    0    0  
   0    4    3    0    2    0    0    5    1    0  
   3    1    2    0    5    0    4    0    0    0  
   5    3    1    4    0    2    0    0    0    0  
   0    5    0    0    2    0    3    1    0    4  
   1    0    0    0    4    0    0    2    5    3  
   0    0    3    4    2    0    0    5    0    1  
   0    0    2    4    0    1    3    5    0    0  
   1    0    3    4    0    0    2    0    5    0  
   2    1    3    4    0    0    0    5    0    0  
   0    0    2    5    3    4    0    0    1    0  
   3    2    0    0    0    4    5    1    0    0  
   4    0    0    0    1    2    3    0    5    0  
   3    1    0    4    0    0    2    0    5    0  
   0    2    3    4    0    0    5    1    0    0  
   0    3    0    4    0    0    1    5    2    0  
   4    0    0    1    0    0    2    5    0    3  
   0    0    0    1    2    0    4    3    0    5  
   0    2    0    1    5    4    0    3    0    0  
   2    0    5    0    3    4    0    0    1    0  
   1    3    0    5    0    0    4    0    0    2  ] 
RESERVATION PRICES : [    0    0    9    0    8    8    8    9    0    0  
   0   12   14    0   12    0    0   12   13    0  
  14    0    0    0   16   15    0   13   16    0  
   0   13    0   12    0    0    0   14   16   12  
   0   18   19   18   20   24    0    0    0    0  
   0    0   24   24    0    0   24   18    0   24  
   0   26   21   22    0    0    0   24    0   24  
   0    0   24   27    0   28   28   30    0    0  
  30    0   37   35    0   32    0   34    0    0  
  33    0   41   40   37    0    0   36    0    0  
  45    0    0   42    0   39    0    0   39   40  
  42   47   48    0    0   42   40    0    0    0  
   0   45    0    0   43    0    0   44   49   46  
   0   54    0    0   49   56   51    0    0   55  
   0    0   56    0   56   59   65    0   57    0  
   0   58   59   53    0   50    0   55    0    0  
  54    0   70    0   72   62    0    0    0   54  
  68    0   63    0   54    0   75    0    0   63  
  58    0   64    0    0   60   70   58    0    0  
   0   76    0    0   67   76    0   62   73    0  
   0   85    0    0   72    0   67   78   85    0  
   0    0   72   74   82    0   76   78    0    0  
   0   89    0    0   94   88    0   85   77    0  
   0    0   80   95   73    0    0    0   87  100  
 107    0    0  104    0    0  103    0   84  100  
   0   97   80    0   92    0    0    0   88   83  
   0  104   88   87    0    0    0  105    0  107  
  95    0    0    0   88   94   79    0  104    0  
   0    0   90    0  104   85  105    0    0  102  
  85    0    0   86   89    0    0   97  112    0  
   0    0  102    0  115    0  113  117    0   86  
   0    0   97  104    0  109    0  117    0  110  
 115  107    0    0    0  101  103    0  110    0  
   0    0  101  102  128    0  127    0    0  126  
 106  121  129  106    0    0  118    0    0    0  
 111  127  143    0    0    0    0  142  108    0  
   0    0    0    0    0  138  127  107  139  107  
   0  135    0  136  112  138    0  133    0    0  
 152    0    0  138    0    0  148  148    0  130  
   0    0  148  120    0  138    0    0  134  138  
   0    0  119  139    0    0    0  137  155  164  
 132  136    0    0    0    0    0  159  134  148  
 155  168    0  141    0    0  156    0  170    0  
 147    0  160    0    0  162  171  153    0    0  
   0    0  165    0    0  138  154  144    0  175  
   0    0  169  162  139  133  144    0    0    0  
 137  137    0  148  173    0    0  146    0    0  
   0  183    0    0    0  168  176    0  174  180  
 163  159    0  162    0    0    0  189    0  143  
 193  143  171    0    0  159    0    0  156    0  
   0    0  146  194    0    0  193  154  165    0  
 189    0    0  148    0    0    0  159  184  193  
 202  190    0  184    0  165    0    0    0  180  
 188  171    0    0  173    0    0  157  164    0  
 171    0  199    0    0  184  194  195    0    0  
   0  211  192    0  179    0    0  172  184    0  
 190  179  190    0  167    0  197    0    0    0  
 177  176  226  228    0  180    0    0    0    0  
   0  231    0    0  195    0  179  218    0  194  
 173    0    0    0  211    0    0  211  181  196  
   0    0  230  183  201    0    0  188    0  198  
   0    0  198  236    0  234  174  187    0    0  
 238    0  201  220    0    0  207    0  177    0  
 206  172  195  219    0    0    0  187    0    0  
   0    0  177  192  238  196    0    0  180    0  
 202  182    0    0    0  215  236  234    0    0  
 210    0    0    0  193  224  230    0  239    0  
 257  226    0  226    0    0  262    0  258    0  
   0  247  265  237    0    0  239  236    0    0  
   0  258    0  234    0    0  260  264  209    0  
 259    0    0  216    0    0  254  232    0  232  
   0    0    0  240  240    0  273  250    0  259  
   0  260    0  244  261  225    0  205    0    0  
 235    0  243    0  240  224    0    0  212    0  
 239  211    0  213    0    0  250    0    0  282  ] 
 ] 
