K : 75
I : 15
C : 8
INSTANCE : 3
PREFERENCES : [    0    0    2    0    5    0    0    0    4    0    1    0    3    0    0  
   0    0    4    0    0    0    2    5    0    0    3    0    0    0    1  
   2    0    0    5    0    3    0    0    0    0    4    0    0    0    1  
   3    0    1    0    0    4    0    0    0    0    0    5    0    0    2  
   0    0    4    0    0    0    0    1    3    5    0    2    0    0    0  
   2    0    0    0    0    0    0    4    0    1    0    3    0    0    5  
   3    4    1    0    0    0    0    0    0    5    0    0    2    0    0  
   0    3    0    0    4    0    0    5    0    2    0    0    1    0    0  
   5    2    3    0    0    0    0    0    1    4    0    0    0    0    0  
   0    0    4    0    0    0    1    0    3    5    0    2    0    0    0  
   1    0    0    0    2    5    0    0    0    0    0    4    0    0    3  
   0    0    5    1    0    0    0    0    2    0    0    4    0    0    3  
   1    0    0    0    0    4    0    3    0    2    5    0    0    0    0  
   0    0    2    3    0    5    1    0    4    0    0    0    0    0    0  
   4    3    0    0    0    2    0    0    0    5    1    0    0    0    0  
   0    0    1    3    0    0    0    0    0    0    4    5    0    2    0  
   0    0    1    0    0    4    0    0    5    0    0    3    2    0    0  
   0    0    0    0    0    5    0    4    3    2    0    0    0    0    1  
   4    5    0    0    0    0    0    0    2    1    0    3    0    0    0  
   0    0    2    0    0    0    0    5    0    3    0    1    0    4    0  
   0    0    0    0    3    0    0    0    0    5    1    0    2    4    0  
   0    0    0    1    0    0    0    2    5    0    0    0    4    0    3  
   5    0    0    0    0    0    0    2    4    0    3    0    0    0    1  
   0    3    2    1    0    0    0    0    0    5    0    0    0    4    0  
   0    0    0    2    0    1    5    0    0    0    0    0    4    3    0  
   0    5    0    0    2    0    0    1    4    0    0    0    3    0    0  
   2    5    3    0    0    0    4    1    0    0    0    0    0    0    0  
   0    0    5    1    2    0    0    4    0    0    0    0    3    0    0  
   0    0    1    3    5    0    0    0    0    2    0    4    0    0    0  
   0    0    0    1    0    0    4    0    2    0    0    0    5    3    0  
   0    2    0    0    0    4    5    1    0    0    0    0    0    0    3  
   0    0    4    0    2    0    0    0    0    5    3    1    0    0    0  
   0    0    0    0    2    0    4    3    0    1    0    5    0    0    0  
   3    0    2    0    0    0    1    4    0    0    0    0    5    0    0  
   4    5    0    0    0    1    0    0    2    0    0    0    0    3    0  
   0    5    0    0    0    0    0    3    0    0    1    2    4    0    0  
   0    5    4    0    0    0    0    3    1    0    0    0    2    0    0  
   0    0    0    4    1    0    3    2    0    0    0    5    0    0    0  
   0    3    0    5    1    0    0    0    0    0    2    4    0    0    0  
   5    4    0    0    0    2    0    0    0    3    1    0    0    0    0  
   0    0    0    0    4    0    1    2    0    3    0    0    0    5    0  
   0    3    0    5    0    0    0    0    0    0    2    0    4    0    1  
   0    0    4    0    0    0    1    0    0    5    0    0    0    3    2  
   1    0    0    0    0    0    4    0    5    0    3    2    0    0    0  
   0    0    2    0    4    3    1    0    0    0    0    0    5    0    0  
   1    0    0    0    0    4    0    0    0    3    0    5    0    2    0  
   0    0    0    3    2    0    0    0    5    0    0    4    1    0    0  
   0    0    0    0    0    0    0    0    3    0    5    2    1    4    0  
   0    2    0    5    0    0    3    0    0    0    1    0    0    4    0  
   2    0    0    0    5    0    0    0    0    0    0    3    4    0    1  
   0    3    4    0    0    0    0    0    0    0    1    0    2    5    0  
   0    0    0    0    0    0    3    0    0    5    2    0    1    4    0  
   0    0    0    0    0    0    3    0    0    5    4    2    1    0    0  
   3    0    0    0    5    1    4    0    2    0    0    0    0    0    0  
   0    0    0    0    0    5    2    4    0    3    0    0    0    1    0  
   4    0    0    0    5    0    0    1    0    0    0    0    2    0    3  
   5    0    0    0    0    1    0    3    0    2    4    0    0    0    0  
   5    0    0    0    1    0    0    0    0    2    0    3    0    4    0  
   1    0    0    3    2    0    5    0    0    0    0    0    4    0    0  
   1    3    0    0    4    0    0    2    0    0    0    0    5    0    0  
   4    0    1    0    0    2    3    0    0    5    0    0    0    0    0  
   0    0    1    0    4    0    0    0    5    0    0    0    3    2    0  
   3    4    0    0    0    0    0    0    0    0    0    0    5    2    1  
   4    3    0    0    0    0    2    0    0    0    1    5    0    0    0  
   0    5    0    0    4    0    0    3    0    1    0    0    0    2    0  
   0    0    0    5    0    1    0    0    0    4    3    0    0    0    2  
   3    0    0    2    0    0    4    0    1    5    0    0    0    0    0  
   0    0    5    0    2    0    0    4    0    1    0    0    3    0    0  
   0    0    4    0    0    0    0    2    0    0    5    0    1    0    3  
   0    4    0    0    0    0    0    0    0    1    3    5    0    2    0  
   0    1    0    5    0    0    0    0    2    4    3    0    0    0    0  
   0    0    0    0    3    0    5    0    0    0    4    0    1    2    0  
   0    0    0    0    2    4    0    0    3    0    0    1    0    5    0  
   0    0    1    0    0    0    3    5    0    0    0    0    2    0    4  
   0    0    0    0    1    5    4    0    0    3    0    0    0    2    0  ] 
RESERVATION PRICES : [    0    0    5    0    6    0    0    0    5    0    6    0    5    0    0  
   0    0   10    0    0    0   10   11    0    0    9    0    0    0   12  
  12    0    0    9    0   11    0    0    0    0   11    0    0    0   10  
  13    0   14    0    0   12    0    0    0    0    0   14    0    0   16  
   0    0   17    0    0    0    0   21   16   17    0   16    0    0    0  
  22    0    0    0    0    0    0   21    0   21    0   23    0    0   22  
  26   29   25    0    0    0    0    0    0   26    0    0   28    0    0  
   0   32    0    0   27    0    0   37    0   27    0    0   34    0    0  
  32   29   37    0    0    0    0    0   31   27    0    0    0    0    0  
   0    0   42    0    0    0   37    0   31   36    0   38    0    0    0  
  43    0    0    0   39   37    0    0    0    0    0   41    0    0   34  
   0    0   48   44    0    0    0    0   47    0    0   41    0    0   47  
  54    0    0    0    0   50    0   51    0   47   53    0    0    0    0  
   0    0   44   58    0   53   44    0   47    0    0    0    0    0    0  
  66   58    0    0    0   57    0    0    0   48   64    0    0    0    0  
   0    0   48   58    0    0    0    0    0    0   54   59    0   55    0  
   0    0   61    0    0   59    0    0   64    0    0   56   59    0    0  
   0    0    0    0    0   72    0   72   66   71    0    0    0    0   63  
  74   73    0    0    0    0    0    0   68   68    0   65    0    0    0  
   0    0   68    0    0    0    0   69    0   78    0   62    0   73    0  
   0    0    0    0   69    0    0    0    0   81   81    0   75   59    0  
   0    0    0   76    0    0    0   70   64    0    0    0   67    0   84  
  66    0    0    0    0    0    0   86   73    0   76    0    0    0   87  
   0   67   71   77    0    0    0    0    0   75    0    0    0   72    0  
   0    0    0   85    0   90   87    0    0    0    0    0   74   78    0  
   0   99    0    0   95    0    0   94   86    0    0    0   81    0    0  
  92   90   84    0    0    0   89   96    0    0    0    0    0    0    0  
   0    0  104  109   81    0    0  102    0    0    0    0  101    0    0  
   0    0  104   87   87    0    0    0    0   93    0  117    0    0    0  
   0    0    0  113    0    0  122    0  104    0    0    0   96   93    0  
   0   98    0    0    0  121   97  107    0    0    0    0    0    0  100  
   0    0  104    0  127    0    0    0    0  101  122  102    0    0    0  
   0    0    0    0   97    0  118   95    0  108    0  118    0    0    0  
 125    0  115    0    0    0  114  123    0    0    0    0   98    0    0  
 131  130    0    0    0  105    0    0  133    0    0    0    0  126    0  
   0  120    0    0    0    0    0  135    0    0  129  111  112    0    0  
   0  108  145    0    0    0    0  117  121    0    0    0  120    0    0  
   0    0    0  141  136    0  119  118    0    0    0  122    0    0    0  
   0  120    0  107  122    0    0    0    0    0  144  110    0    0    0  
 145  120    0    0    0  147    0    0    0  129  147    0    0    0    0  
   0    0    0    0  147    0  135  135    0  153    0    0    0  128    0  
   0  134    0  118    0    0    0    0    0    0  136    0  117    0  145  
   0    0  122    0    0    0  142    0    0  151    0    0    0  136  133  
 136    0    0    0    0    0  126    0  160    0  156  146    0    0    0  
   0    0  134    0  147  164  146    0    0    0    0    0  143    0    0  
 174    0    0    0    0  158    0    0    0  153    0  164    0  126    0  
   0    0    0  176  133    0    0    0  163    0    0  148  175    0    0  
   0    0    0    0    0    0    0    0  147    0  151  135  134  170    0  
   0  158    0  148    0    0  167    0    0    0  155    0    0  160    0  
 177    0    0    0  160    0    0    0    0    0    0  166  141    0  191  
   0  172  186    0    0    0    0    0    0    0  167    0  187  150    0  
   0    0    0    0    0    0  202    0    0  177  175    0  181  197    0  
   0    0    0    0    0    0  158    0    0  152  207  205  156    0    0  
 183    0    0    0  155  192  193    0  177    0    0    0    0    0    0  
   0    0    0    0    0  165  180  174    0  186    0    0    0  188    0  
 198    0    0    0  191    0    0  166    0    0    0    0  167    0  166  
 192    0    0    0    0  204    0  222    0  221  174    0    0    0    0  
 183    0    0    0  164    0    0    0    0  216    0  222    0  194    0  
 192    0    0  229  198    0  224    0    0    0    0    0  227    0    0  
 224  199    0    0  206    0    0  224    0    0    0    0  204    0    0  
 209    0  185    0    0  171  215    0    0  195    0    0    0    0    0  
   0    0  228    0  192    0    0    0  204    0    0    0  196  243    0  
 176  206    0    0    0    0    0    0    0    0    0    0  206  203  201  
 202  245    0    0    0    0  212    0    0    0  211  185    0    0    0  
   0  206    0    0  220    0    0  246    0  250    0    0    0  202    0  
   0    0    0  255    0  247    0    0    0  227  252    0    0    0  217  
 232    0    0  229    0    0  191    0  237  252    0    0    0    0    0  
   0    0  238    0  221    0    0  207    0  261    0    0  221    0    0  
   0    0  212    0    0    0    0  224    0    0  224    0  196    0  224  
   0  255    0    0    0    0    0    0    0  241  199  235    0  238    0  
   0  216    0  198    0    0    0    0  208  214  254    0    0    0    0  
   0    0    0    0  245    0  269    0    0    0  246    0  196  214    0  
   0    0    0    0  258  225    0    0  227    0    0  204    0  240    0  
   0    0  215    0    0    0  231  225    0    0    0    0  244    0  219  
   0    0    0    0  217  255  273    0    0  205    0    0    0  282    0  ] 
 ] 
