K : 75
I : 5
C : 8
INSTANCE : 1
PREFERENCES : [    2    0    3    1    0  
   2    0    0    3    1  
   0    0    2    1    3  
   3    0    1    2    0  
   0    0    3    1    2  
   0    0    2    1    3  
   2    0    1    3    0  
   0    1    2    3    0  
   1    2    0    0    3  
   1    0    2    3    0  
   3    2    0    1    0  
   2    0    0    3    1  
   2    3    1    0    0  
   0    1    2    3    0  
   3    2    1    0    0  
   0    2    3    1    0  
   0    0    1    2    3  
   1    0    0    2    3  
   0    0    3    1    2  
   3    0    2    1    0  
   1    0    3    0    2  
   1    3    0    2    0  
   0    1    2    0    3  
   1    0    0    3    2  
   1    3    0    0    2  
   0    1    3    0    2  
   1    2    0    0    3  
   2    3    1    0    0  
   3    0    2    0    1  
   3    1    0    0    2  
   0    1    3    0    2  
   3    2    0    0    1  
   0    2    3    0    1  
   3    2    0    1    0  
   0    3    0    1    2  
   0    1    0    3    2  
   3    1    0    0    2  
   1    0    2    3    0  
   0    2    1    3    0  
   1    3    0    2    0  
   2    0    1    0    3  
   1    3    2    0    0  
   0    1    0    3    2  
   1    0    3    0    2  
   2    0    3    0    1  
   3    0    0    1    2  
   3    0    0    1    2  
   0    2    1    3    0  
   0    0    1    2    3  
   1    0    2    3    0  
   0    3    0    1    2  
   3    2    1    0    0  
   1    0    0    3    2  
   0    0    3    2    1  
   0    2    0    1    3  
   0    2    3    0    1  
   3    0    0    2    1  
   3    2    0    1    0  
   2    0    0    1    3  
   2    3    0    0    1  
   0    3    0    2    1  
   0    2    1    3    0  
   0    3    1    2    0  
   1    0    0    2    3  
   0    3    1    0    2  
   2    1    0    0    3  
   2    0    1    3    0  
   1    3    2    0    0  
   1    2    0    3    0  
   0    2    3    0    1  
   1    2    0    0    3  
   3    2    0    0    1  
   2    0    1    0    3  
   3    0    1    0    2  
   3    0    0    2    1  ] 
RESERVATION PRICES : [    6    0    7    7    0  
  10    0    0   11    9  
   0    0   11   12   11  
  15    0   15   19    0  
   0    0   15   15   15  
   0    0   21   24   22  
  22    0   19   19    0  
   0   20   26   27    0  
  25   27    0    0   24  
  30    0   31   27    0  
  34   34    0   36    0  
  38    0    0   30   34  
  34   44   35    0    0  
   0   41   41   37    0  
  46   53   55    0    0  
   0   58   52   48    0  
   0    0   59   58   54  
  66    0    0   58   65  
   0    0   64   51   50  
  58    0   71   62    0  
  60    0   70    0   73  
  82   67    0   74    0  
   0   79   79    0   89  
  68    0    0   82   70  
  88   77    0    0   75  
   0   97   89    0   94  
  98   78    0    0   91  
 108  103  108    0    0  
 115    0  112    0  105  
 109  107    0    0  104  
   0   90  117    0  110  
 100  124    0    0  116  
   0  124   95    0   94  
 113  106    0  116    0  
   0  113    0  119  110  
   0  123    0  117  136  
 110  123    0    0  137  
 134    0  137  131    0  
   0  145  117  126    0  
 149  111    0  120    0  
 144    0  157    0  143  
 148  124  133    0    0  
   0  128    0  147  130  
 152    0  127    0  153  
 140    0  145    0  170  
 146    0    0  163  132  
 135    0    0  163  151  
   0  138  144  183    0  
   0    0  147  149  149  
 189    0  158  144    0  
   0  143    0  187  188  
 189  199  147    0    0  
 191    0    0  179  165  
   0    0  172  173  187  
   0  200    0  191  187  
   0  198  172    0  166  
 200    0    0  197  193  
 207  182    0  192    0  
 191    0    0  172  169  
 191  224    0    0  202  
   0  220    0  228  199  
   0  188  222  180    0  
   0  179  188  200    0  
 190    0    0  224  173  
   0  208  222    0  179  
 219  185    0    0  212  
 242    0  221  202    0  
 201  236  203    0    0  
 242  262    0  210    0  
   0  240  202    0  210  
 248  244    0    0  252  
 256  200    0    0  200  
 210    0  249    0  234  
 221    0  260    0  274  
 217    0    0  279  251  ] 
 ] 
