K : 75
I : 15
C : 8
INSTANCE : 5
PREFERENCES : [    2    0    5    0    0    0    0    1    0    0    3    4    0    0    0  
   0    0    5    2    0    0    0    4    0    3    0    0    0    1    0  
   4    0    0    0    0    1    0    5    0    0    0    2    0    0    3  
   3    0    0    0    0    0    1    0    0    0    0    2    0    5    4  
   0    2    4    3    5    0    0    0    0    0    0    0    1    0    0  
   2    0    0    0    0    4    0    0    5    1    0    0    3    0    0  
   5    3    0    0    0    1    0    0    0    0    2    0    4    0    0  
   0    0    1    5    0    0    0    0    0    2    0    0    4    3    0  
   0    0    0    0    0    0    0    0    4    0    3    0    1    5    2  
   0    1    0    0    0    0    0    0    2    4    0    3    5    0    0  
   0    1    4    0    0    0    5    2    0    0    0    0    0    0    3  
   0    0    3    5    0    4    1    0    0    0    0    0    2    0    0  
   0    5    0    0    0    0    2    0    0    0    0    4    0    3    1  
   5    0    0    3    0    0    0    0    1    0    2    0    4    0    0  
   0    0    4    0    0    0    0    0    1    0    5    2    3    0    0  
   3    0    5    0    1    4    0    0    0    0    0    0    2    0    0  
   0    0    5    0    0    0    0    0    0    0    2    1    0    4    3  
   3    5    0    0    1    0    0    2    0    4    0    0    0    0    0  
   0    1    0    0    5    4    0    3    0    0    2    0    0    0    0  
   0    0    2    0    3    0    0    0    5    0    0    0    0    1    4  
   5    0    4    0    1    0    0    3    2    0    0    0    0    0    0  
   2    0    0    0    0    0    4    0    1    0    5    0    3    0    0  
   0    0    2    5    4    1    0    0    0    0    3    0    0    0    0  
   0    0    0    0    4    0    0    3    0    0    0    5    2    1    0  
   0    0    0    0    0    2    1    0    5    3    0    4    0    0    0  
   4    0    0    0    0    0    0    0    0    0    3    1    0    2    5  
   0    0    3    0    4    0    0    1    0    0    2    5    0    0    0  
   4    0    0    0    0    0    0    0    5    3    1    0    0    2    0  
   2    5    4    0    0    0    3    0    0    0    1    0    0    0    0  
   4    0    0    0    3    0    0    1    0    0    0    2    5    0    0  
   2    5    1    4    0    0    0    0    3    0    0    0    0    0    0  
   0    0    5    0    0    0    0    1    0    4    2    0    0    0    3  
   0    5    0    0    0    2    0    0    0    0    0    4    3    0    1  
   0    2    0    0    4    5    0    0    0    0    0    1    0    0    3  
   0    0    0    0    1    5    4    0    0    3    0    0    0    2    0  
   0    0    2    3    0    0    0    4    5    0    0    0    1    0    0  
   0    2    0    0    1    0    5    0    0    4    3    0    0    0    0  
   4    2    0    0    0    0    0    0    0    3    5    0    1    0    0  
   3    2    0    0    0    0    0    0    0    0    0    5    1    4    0  
   1    0    3    0    0    5    0    0    0    0    4    2    0    0    0  
   0    0    2    4    0    0    5    0    3    0    0    0    0    1    0  
   1    0    5    4    0    0    3    0    0    0    0    0    0    0    2  
   0    0    0    0    0    0    0    3    4    1    5    0    0    0    2  
   4    0    0    2    1    0    0    0    0    5    0    0    3    0    0  
   3    0    0    0    0    5    2    0    0    0    4    0    1    0    0  
   0    0    1    0    3    0    0    0    2    0    0    0    5    4    0  
   3    4    0    0    0    0    0    0    0    0    0    5    1    0    2  
   0    0    0    3    0    4    0    0    0    2    0    0    5    1    0  
   0    0    0    2    0    3    0    4    1    0    0    0    0    5    0  
   0    5    0    0    0    3    0    0    2    0    1    0    0    4    0  
   0    2    0    0    0    0    0    0    5    4    3    0    1    0    0  
   0    4    0    0    0    2    3    0    0    0    5    1    0    0    0  
   1    0    4    0    0    3    0    2    0    5    0    0    0    0    0  
   1    0    0    0    0    4    0    5    0    0    0    2    0    0    3  
   2    4    0    0    0    0    0    0    5    0    1    3    0    0    0  
   0    0    0    0    0    0    0    1    5    2    0    4    3    0    0  
   0    5    0    0    0    0    1    0    0    0    0    3    0    2    4  
   0    0    0    0    3    0    0    1    0    0    0    4    2    0    5  
   4    0    0    5    0    0    3    0    0    0    0    1    0    0    2  
   0    0    0    0    4    2    0    0    0    0    3    0    5    0    1  
   0    0    4    0    5    0    0    3    2    1    0    0    0    0    0  
   0    0    3    0    0    0    0    0    2    0    0    5    4    0    1  
   0    0    0    0    3    5    2    0    0    0    4    0    1    0    0  
   3    0    1    2    0    0    0    0    0    4    0    0    0    0    5  
   0    0    0    1    3    0    0    4    2    0    0    0    5    0    0  
   0    0    0    0    1    2    0    3    0    0    0    0    4    0    5  
   3    0    2    0    0    0    0    5    0    0    1    0    4    0    0  
   0    4    2    0    0    0    5    1    0    0    0    0    0    3    0  
   0    1    2    3    0    5    0    0    0    0    4    0    0    0    0  
   5    0    0    0    0    2    0    1    0    0    0    0    0    4    3  
   5    4    0    0    0    0    3    0    0    0    0    0    2    0    1  
   0    0    0    0    0    0    0    0    2    3    4    1    5    0    0  
   0    0    1    2    4    0    0    0    0    3    5    0    0    0    0  
   0    0    0    0    3    5    0    0    0    0    0    0    1    4    2  
   0    3    0    5    0    4    0    2    1    0    0    0    0    0    0  ] 
RESERVATION PRICES : [    5    0    6    0    0    0    0    5    0    0    5    6    0    0    0  
   0    0   11   11    0    0    0   12    0   10    0    0    0   10    0  
  18    0    0    0    0   18    0   15    0    0    0   15    0    0   15  
  20    0    0    0    0    0   18    0    0    0    0   18    0   17   20  
   0   25   19   26   19    0    0    0    0    0    0    0   21    0    0  
  23    0    0    0    0   25    0    0   19   22    0    0   25    0    0  
  25   24    0    0    0   19    0    0    0    0   25    0   23    0    0  
   0    0   25   27    0    0    0    0    0   29    0    0   31   23    0  
   0    0    0    0    0    0    0    0   34    0   29    0   32   29   27  
   0   33    0    0    0    0    0    0   39   32    0   35   30    0    0  
   0   38   35    0    0    0   37   34    0    0    0    0    0    0   34  
   0    0   39   45    0   46   48    0    0    0    0    0   35    0    0  
   0   51    0    0    0    0   49    0    0    0    0   53    0   45   40  
  46    0    0   45    0    0    0    0   49    0   60    0   54    0    0  
   0    0   51    0    0    0    0    0   50    0   58   57   47    0    0  
  49    0   66    0   64   58    0    0    0    0    0    0   61    0    0  
   0    0   63    0    0    0    0    0    0    0   62   52    0   66   59  
  66   60    0    0   69    0    0   53    0   61    0    0    0    0    0  
   0   77    0    0   69   71    0   69    0    0   58    0    0    0    0  
   0    0   60    0   67    0    0    0   74    0    0    0    0   62   61  
  64    0   66    0   80    0    0   64   86    0    0    0    0    0    0  
  78    0    0    0    0    0   75    0   75    0   73    0   86    0    0  
   0    0   88   74   84   93    0    0    0    0   91    0    0    0    0  
   0    0    0    0   73    0    0   79    0    0    0   82   76   95    0  
   0    0    0    0    0   88  106    0  108  102    0   83    0    0    0  
  87    0    0    0    0    0    0    0    0    0  105   80    0   83  108  
   0    0  105    0   96    0    0   90    0    0   95  102    0    0    0  
  98    0    0    0    0    0    0    0  101   96  108    0    0   97    0  
 109   89  116    0    0    0   99    0    0    0   89    0    0    0    0  
  91    0    0    0  105    0    0  123    0    0    0  102  116    0    0  
  92  114  100   91    0    0    0    0  104    0    0    0    0    0    0  
   0    0  113    0    0    0    0  112    0  110  125    0    0    0  128  
   0  106    0    0    0  107    0    0    0    0    0  122  113    0  118  
   0  121    0    0  113  122    0    0    0    0    0  114    0    0  113  
   0    0    0    0  114  123  125    0    0  116    0    0    0  118    0  
   0    0  115  140    0    0    0  147  126    0    0    0  119    0    0  
   0  147    0    0  133    0  144    0    0  129  136    0    0    0    0  
 143  124    0    0    0    0    0    0    0  127  117    0  133    0    0  
 133  142    0    0    0    0    0    0    0    0    0  142  127  150    0  
 146    0  144    0    0  130    0    0    0    0  121  133    0    0    0  
   0    0  166  157    0    0  136    0  163    0    0    0    0  134    0  
 161    0  145  160    0    0  152    0    0    0    0    0    0    0  161  
   0    0    0    0    0    0    0  165  155  155  145    0    0    0  136  
 130    0    0  126  146    0    0    0    0  149    0    0  151    0    0  
 157    0    0    0    0  173  140    0    0    0  176    0  180    0    0  
   0    0  142    0  153    0    0    0  179    0    0    0  152  155    0  
 166  169    0    0    0    0    0    0    0    0    0  182  181    0  185  
   0    0    0  191    0  148    0    0    0  181    0    0  157  163    0  
   0    0    0  164    0  149    0  174  171    0    0    0    0  148    0  
   0  167    0    0    0  179    0    0  166    0  161    0    0  191    0  
   0  182    0    0    0    0    0    0  160  188  157    0  156    0    0  
   0  170    0    0    0  197  209    0    0    0  159  158    0    0    0  
 156    0  207    0    0  158    0  204    0  162    0    0    0    0    0  
 165    0    0    0    0  190    0  168    0    0    0  210    0    0  204  
 177  201    0    0    0    0    0    0  220    0  182  193    0    0    0  
   0    0    0    0    0    0    0  216  195  202    0  221  168    0    0  
   0  213    0    0    0    0  225    0    0    0    0  168    0  169  185  
   0    0    0    0  186    0    0  211    0    0    0  209  212    0  228  
 197    0    0  226    0    0  185    0    0    0    0  195    0    0  176  
   0    0    0    0  173  237    0    0    0    0  219    0  172    0  239  
   0    0  214    0  174    0    0  208  208  207    0    0    0    0    0  
   0    0  210    0    0    0    0    0  203    0    0  184  179    0  200  
   0    0    0    0  206  211  235    0    0    0  224    0  245    0    0  
 180    0  233  206    0    0    0    0    0  245    0    0    0    0  195  
   0    0    0  201  254    0    0  218  225    0    0    0  203    0    0  
   0    0    0    0  211  234    0  198    0    0    0    0  204    0  224  
 230    0  188    0    0    0    0  226    0    0  211    0  249    0    0  
   0  259  227    0    0    0  203  254    0    0    0    0    0  212    0  
   0  210  213  230    0  211    0    0    0    0  238    0    0    0    0  
 232    0    0    0    0  253    0  240    0    0    0    0    0  251  231  
 250  213    0    0    0    0  250    0    0    0    0    0  267    0  243  
   0    0    0    0    0    0    0    0  224  239  214  225  239    0    0  
   0    0  275  280  276    0    0    0    0  219  208    0    0    0    0  
   0    0    0    0  254  252    0    0    0    0    0    0  259  273  262  
   0  246    0  237    0  213    0  275  243    0    0    0    0    0    0  ] 
 ] 
