K : 125
I : 10
C : 13
INSTANCE : 5
PREFERENCES : [    2    5    0    0    3    0    0    0    4    1  
   3    1    0    0    4    0    2    0    0    5  
   2    0    3    0    5    0    0    4    1    0  
   4    1    5    0    0    0    3    0    0    2  
   0    4    0    0    3    2    5    0    1    0  
   0    5    0    4    0    0    3    1    2    0  
   0    4    0    2    5    0    3    1    0    0  
   5    0    0    2    4    1    0    0    0    3  
   3    1    4    2    0    0    5    0    0    0  
   2    0    0    0    1    4    0    3    0    5  
   4    0    0    0    0    2    5    1    0    3  
   1    0    3    0    5    0    0    2    0    4  
   0    5    0    0    0    3    4    1    2    0  
   0    0    3    4    1    0    5    2    0    0  
   2    4    0    0    0    5    3    1    0    0  
   0    1    3    5    4    2    0    0    0    0  
   0    4    5    0    3    0    0    2    0    1  
   0    4    5    3    0    0    0    0    2    1  
   0    3    0    1    0    5    0    4    2    0  
   2    5    4    0    0    3    1    0    0    0  
   0    0    3    5    2    0    4    1    0    0  
   3    0    0    0    0    4    1    2    0    5  
   5    2    3    0    1    0    0    4    0    0  
   5    3    0    2    1    0    0    4    0    0  
   1    0    3    0    5    2    0    0    0    4  
   0    3    0    1    4    2    5    0    0    0  
   2    1    0    4    0    0    0    0    5    3  
   1    2    0    5    0    0    0    0    3    4  
   3    4    0    2    0    0    1    5    0    0  
   4    0    0    0    2    0    1    5    3    0  
   5    0    1    0    2    0    3    0    4    0  
   5    4    3    0    0    0    0    1    0    2  
   1    0    3    0    0    0    2    5    4    0  
   0    1    0    5    0    3    2    0    4    0  
   0    0    5    4    0    0    1    2    3    0  
   0    0    0    2    5    0    3    1    4    0  
   0    4    0    0    0    3    2    0    1    5  
   3    0    5    0    0    4    0    2    1    0  
   2    1    0    4    3    0    0    0    0    5  
   0    0    3    5    0    0    4    1    2    0  
   5    3    0    1    0    0    0    2    0    4  
   2    0    4    1    3    0    0    5    0    0  
   3    0    0    0    2    0    4    0    5    1  
   4    0    0    0    3    1    2    0    5    0  
   0    5    2    0    1    0    0    0    4    3  
   4    3    0    5    2    0    0    0    1    0  
   0    0    0    2    4    0    5    0    1    3  
   0    0    0    0    2    5    1    0    3    4  
   0    3    0    0    0    0    4    5    2    1  
   5    4    2    0    0    0    1    3    0    0  
   5    2    1    0    4    0    0    0    3    0  
   2    1    0    0    0    0    5    0    3    4  
   0    5    0    0    2    1    0    0    4    3  
   0    0    0    1    2    4    5    3    0    0  
   0    0    3    4    0    0    0    5    2    1  
   4    5    2    0    3    0    1    0    0    0  
   0    0    5    0    2    3    1    4    0    0  
   5    2    0    4    0    1    3    0    0    0  
   3    0    0    2    0    4    1    0    5    0  
   4    2    0    1    3    0    0    0    0    5  
   0    0    2    0    4    1    3    0    5    0  
   4    0    5    0    0    3    0    1    0    2  
   0    2    3    0    0    0    4    1    5    0  
   5    0    2    0    0    0    1    3    0    4  
   4    0    2    0    5    1    0    0    0    3  
   0    3    1    0    5    0    0    4    0    2  
   3    4    2    0    0    5    1    0    0    0  
   5    4    1    3    0    0    2    0    0    0  
   0    2    5    0    3    4    0    0    0    1  
   1    4    2    5    3    0    0    0    0    0  
   0    0    3    1    0    0    4    5    0    2  
   2    0    0    3    1    0    5    0    0    4  
   0    5    1    3    0    4    0    2    0    0  
   0    0    0    5    1    3    0    2    0    4  
   0    5    0    2    0    3    0    4    0    1  
   5    0    2    4    0    1    0    0    0    3  
   0    0    1    0    2    0    3    5    4    0  
   5    3    0    0    0    0    1    2    4    0  
   0    0    5    3    4    0    1    0    2    0  
   0    3    5    0    0    1    0    0    2    4  
   0    0    3    5    0    4    1    2    0    0  
   0    0    0    2    0    5    4    0    1    3  
   5    0    2    1    0    0    0    3    0    4  
   5    0    0    0    1    2    0    4    0    3  
   0    4    0    3    0    0    0    5    1    2  
   1    0    4    3    5    0    0    0    0    2  
   1    4    0    0    0    5    3    2    0    0  
   0    5    0    3    0    0    0    1    2    4  
   4    0    0    3    0    2    0    1    0    5  
   0    3    0    0    4    0    5    1    0    2  
   4    0    0    1    0    0    3    0    2    5  
   1    5    0    0    0    0    0    2    4    3  
   0    0    3    0    0    0    1    2    5    4  
   0    4    0    2    5    3    1    0    0    0  
   0    2    1    0    0    0    5    3    4    0  
   4    1    0    0    5    2    0    3    0    0  
   5    0    0    2    3    0    4    1    0    0  
   0    3    1    0    0    2    5    0    0    4  
   0    4    0    0    1    0    2    0    5    3  
   0    1    0    5    0    0    3    0    4    2  
   1    0    0    5    2    0    0    4    0    3  
   0    0    5    4    3    2    0    0    0    1  
   4    0    0    2    3    0    0    5    1    0  
   4    3    0    0    1    5    0    0    2    0  
   5    0    0    4    3    2    1    0    0    0  
   2    3    5    4    0    0    0    0    0    1  
   3    2    5    4    0    0    0    0    1    0  
   0    5    2    0    1    0    0    3    0    4  
   3    0    1    0    0    4    0    5    0    2  
   0    4    0    0    3    2    5    1    0    0  
   2    0    5    0    4    0    1    0    0    3  
   0    3    0    0    2    0    0    4    5    1  
   0    1    0    0    3    0    0    4    5    2  
   0    4    1    2    0    0    5    0    0    3  
   0    0    5    3    4    0    0    2    0    1  
   3    0    4    2    1    5    0    0    0    0  
   0    0    0    5    0    2    1    4    3    0  
   5    3    0    2    1    4    0    0    0    0  
   3    5    0    0    4    1    0    2    0    0  
   0    0    0    0    4    3    5    0    2    1  
   2    1    0    0    4    0    0    5    3    0  
   0    2    0    4    0    0    1    5    3    0  
   2    3    1    0    4    0    0    0    0    5  
   1    2    5    3    0    0    0    0    0    4  
   0    0    3    5    0    0    0    4    2    1  ] 
RESERVATION PRICES : [    8   10    0    0   10    0    0    0    9   10  
  10   10    0    0   12    0   12    0    0   11  
  15    0   13    0   15    0    0   13   16    0  
  21   21   20    0    0    0   20    0    0   18  
   0   20    0    0   25   21   22    0   26    0  
   0   25    0   29    0    0   32   27   24    0  
   0   34    0   28   36    0   29   29    0    0  
  34    0    0   37   30   34    0    0    0   35  
  40   36   40   30    0    0   29    0    0    0  
  41    0    0    0   36   46    0   42    0   37  
  45    0    0    0    0   36   40   44    0   46  
  42    0   44    0   41    0    0   46    0   40  
   0   52    0    0    0   42   44   47   43    0  
   0    0   54   49   59    0   58   47    0    0  
  53   65    0    0    0   51   57   66    0    0  
   0   69   61   57   57   62    0    0    0    0  
   0   54   59    0   73    0    0   68    0   68  
   0   79   75   63    0    0    0    0   68   71  
   0   60    0   71    0   79    0   79   60    0  
  76   70   62    0    0   73   78    0    0    0  
   0    0   68   86   88    0   73   77    0    0  
  75    0    0    0    0   73   75   71    0   81  
  79   86   83    0   76    0    0   83    0    0  
  91   92    0   73   82    0    0   79    0    0  
 101    0   78    0  101  100    0    0    0   83  
   0   77    0   81   88   83   92    0    0    0  
  92   91    0   97    0    0    0    0   91   94  
  80  106    0  101    0    0    0    0   87   91  
  83   92    0  114    0    0   86  104    0    0  
 106    0    0    0  116    0  103  114   85    0  
  90    0   93    0  105    0  105    0  103    0  
 101  118   97    0    0    0    0   96    0  114  
 127    0  101    0    0    0  109  123  102    0  
   0  113    0   98    0  121  132    0  104    0  
   0    0  113  128    0    0  138  138  120    0  
   0    0    0  130  110    0  116  125  130    0  
   0  138    0    0    0  144  111    0  110  118  
 118    0  128    0    0  126    0  134  138    0  
 140  136    0  138  151    0    0    0    0  134  
   0    0  119  113    0    0  154  152  114    0  
 127  128    0  132    0    0    0  140    0  152  
 166    0  126  156  138    0    0  120    0    0  
 172    0    0    0  147    0  136    0  168  167  
 156    0    0    0  132  142  155    0  132    0  
   0  168  158    0  133    0    0    0  166  140  
 180  136    0  132  154    0    0    0  170    0  
   0    0    0  149  182    0  132    0  168  172  
   0    0    0    0  185  152  160    0  136  154  
   0  139    0    0    0    0  147  164  144  178  
 147  170  157    0    0    0  163  169    0    0  
 167  165  156    0  189    0    0    0  159    0  
 154  154    0    0    0    0  146    0  184  181  
   0  196    0    0  182  191    0    0  157  198  
   0    0    0  207  183  183  204  154    0    0  
   0    0  161  159    0    0    0  184  178  201  
 169  179  181    0  212    0  183    0    0    0  
   0    0  163    0  206  181  171  177    0    0  
 176  205    0  228    0  214  220    0    0    0  
 220    0    0  168    0  174  200    0  223    0  
 191  212    0  179  188    0    0    0    0  173  
   0    0  235    0  201  195  193    0  204    0  
 205    0  216    0    0  210    0  213    0  220  
   0  210  196    0    0    0  230  195  193    0  
 192    0  242    0    0    0  227  185    0  237  
 203    0  187    0  231  241    0    0    0  237  
   0  243  185    0  219    0    0  193    0  233  
 230  206  253    0    0  202  197    0    0    0  
 187  225  218  254    0    0  202    0    0    0  
   0  227  200    0  249  217    0    0    0  235  
 247  260  213  247  202    0    0    0    0    0  
   0    0  254  274    0    0  269  268    0  253  
 263    0    0  254  255    0  272    0    0  253  
   0  271  250  251    0  270    0  271    0    0  
   0    0    0  226  241  256    0  251    0  213  
   0  222    0  224    0  275    0  281    0  273  
 218    0  260  240    0  226    0    0    0  242  
   0    0  270    0  296    0  232  257  224    0  
 236  243    0    0    0    0  237  296  269    0  
   0    0  269  253  232    0  244    0  271    0  
   0  294  284    0    0  235    0    0  241  274  
   0    0  231  309    0  297  263  266    0    0  
   0    0    0  288    0  231  260    0  264  304  
 262    0  310  287    0    0    0  307    0  266  
 328    0    0    0  252  275    0  324    0  285  
   0  305    0  283    0    0    0  272  296  306  
 270    0  275  278  301    0    0    0    0  274  
 296  283    0    0    0  251  266  251    0    0  
   0  346    0  303    0    0    0  324  283  252  
 299    0    0  262    0  320    0  340    0  342  
   0  254    0    0  262    0  273  315    0  318  
 282    0    0  314    0    0  327    0  350  315  
 335  320    0    0    0    0    0  300  347  309  
   0    0  262    0    0    0  356  344  308  327  
   0  335    0  329  339  268  355    0    0    0  
   0  360  262    0    0    0  298  332  324    0  
 337  275    0    0  294  324    0  359    0    0  
 356    0    0  303  343    0  280  304    0    0  
   0  350  373    0    0  374  348    0    0  324  
   0  276    0    0  290    0  281    0  281  351  
   0  286    0  345    0    0  321    0  280  351  
 301    0    0  330  328    0    0  356    0  318  
   0    0  300  381  331  320    0    0    0  330  
 297    0    0  352  300    0    0  388  375    0  
 326  297    0    0  352  306    0    0  352    0  
 291    0    0  405  294  363  300    0    0    0  
 324  395  404  351    0    0    0    0    0  397  
 299  397  350  351    0    0    0    0  314    0  
   0  399  354    0  313    0    0  315    0  353  
 394    0  301    0    0  301    0  386    0  308  
   0  331    0    0  365  414  361  387    0    0  
 394    0  407    0  331    0  387    0    0  324  
   0  424    0    0  388    0    0  376  347  403  
   0  419    0    0  411    0    0  363  317  415  
   0  408  434  317    0    0  431    0    0  359  
   0    0  435  362  399    0    0  337    0  328  
 420    0  333  432  402  383    0    0    0    0  
   0    0    0  330    0  323  370  343  427    0  
 438  324    0  444  355  394    0    0    0    0  
 433  365    0    0  400  382    0  397    0    0  
   0    0    0    0  397  363  457    0  428  361  
 434  386    0    0  335    0    0  380  426    0  
   0  441    0  429    0    0  466  404  439    0  
 414  454  416    0  340    0    0    0    0  384  
 440  469  421  432    0    0    0    0    0  416  
   0    0  421  383    0    0    0  428  340  455  ] 
 ] 
