K : 50
I : 10
C : 5
INSTANCE : 4
PREFERENCES : [    4    5    2    0    1    0    3    0    0    0  
   0    1    4    2    5    0    3    0    0    0  
   0    4    2    1    0    0    0    0    3    5  
   0    0    0    0    1    4    5    0    2    3  
   3    0    5    0    0    0    1    2    0    4  
   0    5    4    0    2    3    0    1    0    0  
   0    0    1    0    0    5    2    3    0    4  
   1    3    0    0    5    2    0    0    4    0  
   0    3    0    2    5    0    4    0    0    1  
   0    0    2    4    0    0    1    5    3    0  
   1    0    5    2    3    0    0    4    0    0  
   4    0    0    1    0    2    5    0    0    3  
   0    2    4    0    3    5    0    0    1    0  
   0    1    5    3    0    4    0    0    0    2  
   0    3    0    1    5    0    0    4    0    2  
   0    0    1    0    4    2    0    0    3    5  
   0    1    5    4    2    0    0    3    0    0  
   0    0    0    2    3    5    4    0    0    1  
   3    4    0    0    0    0    2    1    5    0  
   0    3    1    0    2    5    0    4    0    0  
   0    2    5    0    0    0    3    0    1    4  
   2    0    5    3    4    0    0    0    1    0  
   2    0    0    0    3    0    1    5    0    4  
   5    4    0    0    0    0    2    3    0    1  
   2    4    0    0    0    3    0    1    0    5  
   2    0    4    0    3    1    0    0    0    5  
   0    1    0    0    2    0    0    5    3    4  
   5    1    0    0    3    4    0    2    0    0  
   0    2    5    0    0    4    3    1    0    0  
   5    3    4    0    0    0    0    2    0    1  
   0    1    0    0    0    2    3    0    5    4  
   0    0    0    4    2    0    1    0    3    5  
   0    0    2    5    1    0    0    0    3    4  
   0    4    0    1    2    0    0    0    5    3  
   0    4    1    0    0    3    2    0    0    5  
   0    0    2    5    0    0    1    4    3    0  
   1    5    0    0    0    2    3    0    4    0  
   4    0    2    3    5    1    0    0    0    0  
   4    0    5    1    2    0    0    0    0    3  
   4    5    0    3    0    2    0    1    0    0  
   0    1    0    0    5    0    3    0    2    4  
   0    0    0    5    3    4    1    0    0    2  
   0    0    4    0    0    3    5    0    1    2  
   0    4    0    5    3    2    1    0    0    0  
   0    5    1    2    0    0    0    4    3    0  
   3    0    2    0    5    1    0    0    4    0  
   0    4    2    5    0    0    3    0    1    0  
   0    0    2    0    0    3    0    1    4    5  
   0    1    0    0    5    4    3    0    2    0  
   0    4    0    3    5    0    1    0    2    0  ] 
RESERVATION PRICES : [   10    8    9    0   10    0    8    0    0    0  
   0   10    8    9    9    0    8    0    0    0  
   0   10    9   11    0    0    0    0    9    9  
   0    0    0    0   19   19   16    0   19   17  
  16    0   17    0    0    0   21   19    0   16  
   0   22   25    0   25   25    0   21    0    0  
   0    0   31    0    0   26   24   32    0   27  
  30   33    0    0   32   32    0    0   34    0  
   0   32    0   36   31    0   31    0    0   28  
   0    0   30   34    0    0   39   40   39    0  
  37    0   34   41   39    0    0   44    0    0  
  34    0    0   36    0   42   45    0    0   38  
   0   36   46    0   37   38    0    0   43    0  
   0   51   40   47    0   49    0    0    0   40  
   0   52    0   53   45    0    0   58    0   56  
   0    0   51    0   56   55    0    0   57   58  
   0   70   68   57   70    0    0   67    0    0  
   0    0    0   55   65   60   71    0    0   55  
  62   75    0    0    0    0   56   74   59    0  
   0   80   83    0   82   72    0   69    0    0  
   0   69   89    0    0    0   82    0   72   85  
  81    0   74   85   77    0    0    0   66    0  
  74    0    0    0   87    0   69   73    0   81  
  71   86    0    0    0    0   80   79    0   81  
  75   74    0    0    0   81    0   90    0   88  
  76    0   73    0  100   76    0    0    0   85  
   0   86    0    0  107    0    0  102  102   90  
 102   98    0    0  108  103    0   90    0    0  
   0   85  116    0    0  102   98   89    0    0  
  97  119  111    0    0    0    0   98    0  106  
   0  116    0    0    0   92  106    0   96  117  
   0    0    0  129   93    0  129    0   96   94  
   0    0  101  106   94    0    0    0  113  118  
   0   98    0  113  113    0    0    0  122  127  
   0  101  106    0    0  133  122    0    0   99  
   0    0  105  116    0    0  109  105  102    0  
 138  137    0    0    0  125  105    0  107    0  
 132    0  118  133  120  113    0    0    0    0  
 120    0  118  146  139    0    0    0    0  113  
 109  149    0  140    0  137    0  137    0    0  
   0  153    0    0  150    0  134    0  130  143  
   0    0    0  129  121  148  123    0    0  153  
   0    0  136    0    0  152  142    0  157  122  
   0  158    0  144  150  126  150    0    0    0  
   0  132  134  167    0    0    0  149  134    0  
 171    0  171    0  143  132    0    0  175    0  
   0  175  137  132    0    0  131    0  147    0  
   0    0  163    0    0  148    0  175  159  151  
   0  152    0    0  180  135  184    0  165    0  
   0  167    0  188  138    0  175    0  158    0  ] 
 ] 
