K : 100
I : 10
C : 16
INSTANCE : 5
PREFERENCES : [    4    1    5    0    0    2    3    0    0    0  
   5    0    2    0    0    0    0    1    3    4  
   5    0    1    0    4    0    0    3    0    2  
   2    1    0    0    3    4    0    0    0    5  
   2    0    5    0    4    0    0    1    0    3  
   5    3    4    2    1    0    0    0    0    0  
   2    1    3    0    0    5    0    4    0    0  
   0    2    5    0    0    0    1    0    4    3  
   0    2    0    0    0    3    0    1    4    5  
   1    3    0    4    5    0    0    0    2    0  
   2    3    0    0    0    5    0    1    0    4  
   0    4    5    0    0    1    0    3    0    2  
   0    3    0    5    4    0    2    1    0    0  
   0    0    0    1    5    0    2    3    0    4  
   5    0    1    3    0    0    4    2    0    0  
   0    0    3    5    1    2    0    4    0    0  
   2    0    0    3    0    0    1    0    4    5  
   0    1    3    0    5    0    4    0    2    0  
   2    0    4    5    0    3    0    1    0    0  
   5    0    0    1    3    0    0    0    4    2  
   0    0    0    4    3    1    0    5    0    2  
   1    0    0    3    2    5    0    0    4    0  
   3    0    1    0    5    0    4    2    0    0  
   1    0    0    0    2    0    4    3    0    5  
   0    1    5    2    4    3    0    0    0    0  
   1    0    0    3    2    0    4    0    0    5  
   1    0    4    0    0    5    0    2    0    3  
   5    0    0    1    3    0    0    2    0    4  
   0    0    5    2    0    4    1    3    0    0  
   2    5    1    0    0    0    0    0    4    3  
   4    0    0    0    5    1    0    3    2    0  
   0    4    1    2    3    5    0    0    0    0  
   0    4    0    2    1    0    0    5    3    0  
   5    0    4    0    0    0    0    3    2    1  
   5    0    0    0    2    1    0    3    0    4  
   0    4    2    0    1    0    5    0    0    3  
   5    0    0    0    2    4    1    0    0    3  
   1    0    3    2    5    0    4    0    0    0  
   4    0    3    0    1    0    2    5    0    0  
   0    0    4    0    2    0    1    5    0    3  
   0    4    0    5    0    3    2    1    0    0  
   0    0    1    2    3    5    4    0    0    0  
   0    0    1    0    3    5    2    0    4    0  
   0    2    3    0    5    0    0    1    0    4  
   5    2    1    0    4    0    0    0    3    0  
   0    0    0    4    2    5    0    0    3    1  
   2    0    3    0    4    0    1    0    5    0  
   0    0    1    4    0    0    2    3    0    5  
   1    0    0    3    0    4    0    5    0    2  
   0    0    5    0    4    0    3    1    0    2  
   0    0    4    0    0    5    2    0    3    1  
   1    0    4    0    0    3    5    0    2    0  
   2    4    0    0    1    0    5    3    0    0  
   4    0    0    0    0    1    0    3    5    2  
   0    0    0    0    3    4    0    5    2    1  
   0    0    2    0    4    1    0    0    5    3  
   5    0    0    1    0    0    0    2    3    4  
   2    0    5    0    0    0    0    3    4    1  
   5    0    1    4    2    0    0    0    3    0  
   0    0    0    5    4    1    0    2    0    3  
   3    2    5    0    0    0    4    1    0    0  
   4    0    0    1    0    0    3    0    2    5  
   0    1    0    5    0    2    0    3    0    4  
   0    0    5    3    0    2    4    0    1    0  
   0    0    0    4    2    5    0    0    3    1  
   1    0    0    2    5    4    3    0    0    0  
   5    0    2    0    0    1    0    0    3    4  
   1    0    3    0    0    0    0    2    4    5  
   0    3    0    0    4    2    0    1    5    0  
   2    0    0    4    5    1    0    0    3    0  
   0    5    0    3    4    0    2    0    1    0  
   5    0    0    1    2    3    0    0    0    4  
   2    4    0    0    0    3    0    5    1    0  
   0    3    4    1    2    0    5    0    0    0  
   3    0    2    1    4    0    0    0    0    5  
   0    4    1    2    0    3    5    0    0    0  
   5    0    0    0    4    0    3    1    0    2  
   1    0    5    3    0    4    2    0    0    0  
   1    2    0    0    3    5    0    0    0    4  
   2    0    0    0    3    0    5    4    1    0  
   2    0    0    3    0    1    4    0    0    5  
   1    0    3    0    5    4    0    0    0    2  
   0    0    1    0    0    2    4    5    3    0  
   5    0    1    3    0    4    0    0    2    0  
   0    2    1    0    5    4    3    0    0    0  
   0    0    5    2    0    0    3    1    4    0  
   1    0    3    5    4    0    2    0    0    0  
   2    1    4    0    0    3    0    0    0    5  
   0    0    1    0    0    4    3    0    5    2  
   5    1    0    4    0    2    0    0    0    3  
   0    5    0    2    4    0    3    0    1    0  
   4    0    0    3    0    5    1    0    0    2  
   0    0    0    1    0    3    2    4    0    5  
   1    5    0    0    4    2    0    0    0    3  
   4    5    0    2    0    0    3    0    1    0  
   3    0    0    0    4    1    0    5    0    2  
   1    5    2    0    0    0    0    0    4    3  
   5    3    1    0    0    0    2    0    4    0  
   2    0    3    0    0    4    5    1    0    0  
   0    2    1    0    0    4    5    3    0    0  ] 
RESERVATION PRICES : [    8    9    9    0    0    9   10    0    0    0  
  11    0   13    0    0    0    0   14   14   11  
  15    0   19    0   15    0    0   17    0   18  
  18   20    0    0   21   18    0    0    0   19  
  24    0   20    0   19    0    0   20    0   20  
  24   19   24   24   19    0    0    0    0    0  
  22   25   19    0    0   21    0   23    0    0  
   0   30   26    0    0    0   30    0   31   33  
   0   29    0    0    0   28    0   30   33   28  
  33   29    0   30   30    0    0    0   32    0  
  43   40    0    0    0   39    0   40    0   43  
   0   41   40    0    0   42    0   46    0   39  
   0   47    0   43   45    0   45   42    0    0  
   0    0    0   50   46    0   51   40    0   39  
  53    0   45   40    0    0   42   52    0    0  
   0    0   46   45   59   55    0   54    0    0  
  62    0    0   55    0    0   52    0   54   65  
   0   58   52    0   60    0   65    0   67    0  
  54    0   68   63    0   72    0   65    0    0  
  74    0    0   78   64    0    0    0   66   63  
   0    0    0   76   63   67    0   75    0   78  
  66    0    0   80   87   82    0    0   76    0  
  85    0   81    0   78    0   69   71    0    0  
  87    0    0    0   70    0   90   79    0   82  
   0   96   89   74   82   87    0    0    0    0  
  88    0    0  100   82    0   90    0    0   91  
  84    0   84    0    0   86    0  103    0   99  
  82    0    0  111   96    0    0  103    0   80  
   0    0   96   99    0  107  111  108    0    0  
 114   90  104    0    0    0    0    0   86   84  
  91    0    0    0   86  112    0  111  107    0  
   0  106  106   89  104  116    0    0    0    0  
   0  114    0  113  118    0    0  106   87    0  
 111    0  122    0    0    0    0  104  111   96  
  95    0    0    0  114  104    0   95    0   98  
   0  126  117    0  122    0  103    0    0   99  
 104    0    0    0  106  105  130    0    0  127  
 112    0  134  137  143    0  115    0    0    0  
 130    0  121    0  120    0  124  117    0    0  
   0    0  140    0  127    0  129  129    0  152  
   0  155    0  114    0  149  138  143    0    0  
   0    0  146  129  120  154  153    0    0    0  
   0    0  153    0  148  152  144    0  152    0  
   0  154  152    0  148    0    0  173    0  155  
 137  173  132    0  140    0    0    0  130    0  
   0    0    0  151  135  136    0    0  145  174  
 136    0  177    0  167    0  177    0  135    0  
   0    0  147  162    0    0  136  159    0  179  
 187    0    0  174    0  189    0  178    0  170  
   0    0  171    0  181    0  168  155    0  189  
   0    0  153    0    0  144  185    0  187  170  
 174    0  193    0    0  163  165    0  172    0  
 184  164    0    0  151    0  160  163    0    0  
 161    0    0    0    0  195    0  188  152  177  
   0    0    0    0  171  174    0  202  161  210  
   0    0  171    0  177  180    0    0  202  163  
 167    0    0  195    0    0    0  161  205  168  
 206    0  194    0    0    0    0  222  161  174  
 196    0  209  219  219    0    0    0  186    0  
   0    0    0  232  199  194    0  204    0  233  
 237  212  203    0    0    0  225  229    0    0  
 189    0    0  177    0    0  204    0  208  181  
   0  216    0  231    0  242    0  235    0  243  
   0    0  219  197    0  178  178    0  220    0  
   0    0    0  182  227  245    0    0  229  201  
 202    0    0  189  191  213  218    0    0    0  
 186    0  189    0    0  211    0    0  245  249  
 192    0  248    0    0    0    0  223  209  198  
   0  225    0    0  218  249    0  208  190    0  
 246    0    0  249  236  193    0    0  216    0  
   0  200    0  223  213    0  190    0  235    0  
 248    0    0  233  193  214    0    0    0  219  
 230  222    0    0    0  226    0  255  261    0  
   0  237  226  221  253    0  203    0    0    0  
 234    0  227  227  282    0    0    0    0  235  
   0  280  213  210    0  258  250    0    0    0  
 228    0    0    0  270    0  240  231    0  223  
 249    0  247  213    0  238  296    0    0    0  
 223  255    0    0  292  218    0    0    0  227  
 236    0    0    0  266    0  287  237  235    0  
 286    0    0  250    0  238  223    0    0  253  
 301    0  221    0  222  267    0    0    0  276  
   0    0  240    0    0  289  255  273  293    0  
 250    0  228  290    0  258    0    0  236    0  
   0  228  253    0  263  307  259    0    0    0  
   0    0  315  305    0    0  301  286  318    0  
 254    0  298  273  268    0  306    0    0    0  
 243  275  285    0    0  298    0    0    0  306  
   0    0  253    0    0  291  241    0  315  251  
 308  309    0  245    0  307    0    0    0  275  
   0  318    0  311  339    0  276    0  256    0  
 259    0    0  286    0  287  298    0    0  293  
   0    0    0  275    0  325  351  339    0  347  
 320  341    0    0  310  338    0    0    0  320  
 297  267    0  309    0    0  328    0  304    0  
 347    0    0    0  332  310    0  327    0  266  
 352  319  362    0    0    0    0    0  315  264  
 368  315  283    0    0    0  319    0  276    0  
 302    0  353    0    0  301  348  333    0    0  
   0  351  355    0    0  376  362  331    0    0  ] 
 ] 
