K : 75
I : 10
C : 8
INSTANCE : 2
PREFERENCES : [    0    0    0    4    1    5    0    0    3    2  
   0    0    3    0    2    1    4    0    0    5  
   2    0    0    0    3    0    0    4    1    5  
   0    5    0    0    2    1    0    4    3    0  
   0    5    0    1    2    0    4    3    0    0  
   0    3    0    1    2    0    5    4    0    0  
   1    0    5    0    0    4    0    0    2    3  
   0    0    1    3    2    0    4    0    5    0  
   3    2    4    5    0    0    0    0    0    1  
   0    0    0    3    4    0    2    0    1    5  
   0    3    4    0    1    5    2    0    0    0  
   3    2    0    0    5    0    1    0    0    4  
   0    2    3    1    5    0    0    0    4    0  
   3    4    5    0    0    0    2    1    0    0  
   5    0    2    0    1    3    0    0    4    0  
   0    4    0    0    0    1    5    3    0    2  
   5    0    3    0    1    0    0    0    2    4  
   0    0    0    1    2    0    4    5    0    3  
   2    0    0    0    3    4    5    1    0    0  
   2    4    5    3    0    0    0    0    0    1  
   0    1    4    0    3    0    2    0    0    5  
   0    4    3    5    0    1    2    0    0    0  
   4    1    0    0    0    5    0    2    0    3  
   0    4    5    0    2    0    0    0    1    3  
   2    1    0    3    0    0    5    0    4    0  
   0    1    2    0    4    0    0    3    0    5  
   0    5    4    2    0    0    3    0    0    1  
   3    2    0    0    1    0    4    0    5    0  
   3    0    0    0    1    2    4    5    0    0  
   1    0    0    0    0    0    3    5    4    2  
   0    4    5    0    0    0    1    2    3    0  
   0    0    0    3    4    5    0    2    1    0  
   3    4    2    0    0    0    0    1    0    5  
   0    0    0    3    0    0    2    5    1    4  
   4    0    0    0    3    2    0    0    5    1  
   5    0    2    0    3    4    0    0    1    0  
   0    4    0    5    3    2    0    0    1    0  
   5    0    4    0    0    1    0    0    3    2  
   0    0    4    0    2    1    0    5    0    3  
   3    0    0    0    4    5    1    0    2    0  
   4    0    0    0    3    5    1    0    0    2  
   1    4    0    0    2    3    0    0    5    0  
   0    0    0    2    3    0    4    5    1    0  
   3    0    0    0    5    0    0    1    4    2  
   0    3    1    0    0    0    4    2    5    0  
   5    4    1    3    0    0    0    0    2    0  
   5    4    3    0    0    0    2    0    1    0  
   5    0    1    2    3    0    0    0    4    0  
   0    2    3    0    0    0    5    0    1    4  
   1    0    0    0    2    5    3    0    0    4  
   0    1    0    5    3    0    4    0    0    2  
   0    2    0    0    1    0    3    4    5    0  
   1    3    0    0    4    2    0    5    0    0  
   3    0    0    5    0    2    1    4    0    0  
   5    4    0    0    0    2    3    0    1    0  
   1    5    0    3    0    4    0    0    2    0  
   0    1    0    0    5    0    4    2    0    3  
   0    0    0    0    0    3    2    4    1    5  
   5    0    0    1    0    3    0    0    4    2  
   0    0    4    5    0    0    1    3    0    2  
   3    2    0    0    4    0    0    5    0    1  
   0    0    5    1    0    3    0    4    2    0  
   1    0    2    5    0    0    3    0    4    0  
   0    4    3    0    0    0    1    5    0    2  
   2    0    1    4    0    0    0    5    3    0  
   5    1    0    3    0    0    0    2    4    0  
   5    3    0    0    4    2    1    0    0    0  
   0    0    3    0    2    4    1    5    0    0  
   1    0    0    2    4    0    0    5    3    0  
   2    0    5    0    3    1    0    0    0    4  
   1    0    5    0    4    2    3    0    0    0  
   0    0    3    1    0    5    2    0    0    4  
   0    2    0    0    3    0    4    1    5    0  
   2    0    0    4    0    1    3    5    0    0  
   2    1    3    0    0    5    0    0    0    4  ] 
RESERVATION PRICES : [    0    0    0    9    9    8    0    0    8    8  
   0    0    9    0    9    7    9    0    0    8  
  11    0    0    0   13    0    0   13   12   12  
   0   15    0    0   15   18    0   16   14    0  
   0   16    0   16   19    0   18   19    0    0  
   0   24    0   25   22    0   25   19    0    0  
  28    0   27    0    0   28    0    0   29   28  
   0    0   25   33   25    0   31    0   25    0  
  38   31   32   36    0    0    0    0    0   37  
   0    0    0   39   35    0   44    0   43   38  
   0   45   51    0   47   46   50    0    0    0  
  55   52    0    0   56    0   53    0    0   49  
   0   48   54   51   55    0    0    0   58    0  
  54   49   47    0    0    0   60   52    0    0  
  62    0   61    0   53   57    0    0   63    0  
   0   49    0    0    0   62   50   65    0   65  
  69    0   73    0   69    0    0    0   66   54  
   0    0    0   65   72    0   66   71    0   80  
  69    0    0    0   66   68   59   79    0    0  
  59   69   81   65    0    0    0    0    0   64  
   0   69   86    0   76    0   81    0    0   86  
   0   77   89   76    0   84   86    0    0    0  
  79   81    0    0    0   87    0   84    0   80  
   0   87   92    0   77    0    0    0   90   73  
 101  103    0  103    0    0   98    0   77    0  
   0  107   97    0   91    0    0   88    0   92  
   0  108  102   90    0    0   95    0    0  105  
 108  115    0    0   99    0  103    0  109    0  
 120    0    0    0  117  105  122  117    0    0  
 106    0    0    0    0    0  122  107   97   94  
   0   97  107    0    0    0  129  101  119    0  
   0    0    0  100  100  131    0  102  126    0  
 134  102  111    0    0    0    0  110    0  117  
   0    0    0  127    0    0  116  119  103  109  
 136    0    0    0  108  107    0    0  106  111  
 124    0  112    0  110  133    0    0  121    0  
   0  120    0  117  123  133    0    0  137    0  
 115    0  135    0    0  116    0    0  151  119  
   0    0  125    0  124  149    0  122    0  130  
 152    0    0    0  114  114  155    0  126    0  
 136    0    0    0  153  145  162    0    0  152  
 159  126    0    0  159  129    0    0  162    0  
   0    0    0  165  154    0  144  156  136    0  
 160    0    0    0  135    0    0  140  130  139  
   0  175  151    0    0    0  134  134  168    0  
 159  175  177  159    0    0    0    0  141    0  
 145  165  154    0    0    0  163    0  179    0  
 187    0  174  137  180    0    0    0  176    0  
   0  168  145    0    0    0  141    0  148  176  
 183    0    0    0  155  166  174    0    0  172  
   0  192    0  145  156    0  162    0    0  186  
   0  146    0    0  161    0  167  151  201    0  
 197  173    0    0  190  180    0  178    0    0  
 170    0    0  165    0  193  204  176    0    0  
 211  203    0    0    0  154  199    0  161    0  
 167  163    0  209    0  204    0    0  205    0  
   0  220    0    0  186    0  188  177    0  189  
   0    0    0    0    0  169  180  224  164  182  
 170    0    0  215    0  216    0    0  196  218  
   0    0  229  172    0    0  225  203    0  230  
 230  178    0    0  210    0    0  209    0  218  
   0    0  190  242    0  238    0  215  239    0  
 194    0  184  223    0    0  218    0  215    0  
   0  186  213    0    0    0  208  212    0  191  
 193    0  249  213    0    0    0  229  235    0  
 219  187    0  221    0    0    0  232  203    0  
 207  196    0    0  183  255  226    0    0    0  
   0    0  204    0  199  204  232  205    0    0  
 200    0    0  226  208    0    0  194  210    0  
 227    0  254    0  256  222    0    0    0  230  
 215    0  198    0  244  231  213    0    0    0  
   0    0  267  259    0  257  208    0    0  229  
   0  225    0    0  276    0  252  251  207    0  
 233    0    0  206    0  253  260  269    0    0  
 276  257  206    0    0  206    0    0    0  279  ] 
 ] 
