K : 125
I : 15
C : 25
INSTANCE : 4
PREFERENCES : [    0    0    0    4    0    3    0    0    2    0    0    0    1    5    0  
   2    0    0    0    1    4    0    0    0    0    0    0    0    3    5  
   0    0    0    0    0    0    3    1    5    0    0    0    2    0    4  
   0    0    1    3    2    0    0    0    0    0    0    0    5    4    0  
   0    1    0    2    4    0    0    5    0    0    0    3    0    0    0  
   0    5    0    0    0    3    0    1    0    4    0    2    0    0    0  
   0    0    0    0    0    2    0    3    0    4    1    0    0    5    0  
   0    4    0    5    0    0    1    2    0    3    0    0    0    0    0  
   0    2    0    0    0    0    5    4    0    0    3    1    0    0    0  
   4    0    0    0    5    0    2    0    0    0    1    0    0    3    0  
   0    4    0    0    1    0    0    3    5    0    0    0    0    2    0  
   0    2    0    0    0    0    0    0    1    4    5    3    0    0    0  
   0    2    0    5    0    0    4    0    0    1    0    0    0    3    0  
   0    3    1    0    0    4    5    0    0    2    0    0    0    0    0  
   0    2    4    0    0    0    0    0    5    0    3    0    1    0    0  
   2    1    0    0    5    3    0    0    0    0    0    4    0    0    0  
   0    3    0    0    2    5    0    4    0    1    0    0    0    0    0  
   0    0    0    0    3    0    0    0    4    2    1    5    0    0    0  
   0    0    0    1    2    3    4    0    0    0    0    5    0    0    0  
   2    0    3    0    4    0    0    0    0    1    0    5    0    0    0  
   0    0    3    0    4    0    0    1    0    5    0    0    2    0    0  
   0    0    0    2    0    3    0    0    0    0    0    5    1    4    0  
   1    0    5    4    0    0    0    3    0    0    0    0    0    0    2  
   0    3    2    0    1    0    0    0    0    0    0    5    0    0    4  
   0    0    0    0    4    0    2    5    1    0    0    0    0    0    3  
   0    0    0    0    0    2    0    4    0    5    1    3    0    0    0  
   2    0    0    1    0    0    0    0    0    3    5    4    0    0    0  
   0    0    0    4    0    1    2    0    0    0    0    5    0    0    3  
   0    0    4    1    0    0    5    3    0    0    0    0    2    0    0  
   1    5    0    2    4    0    0    0    3    0    0    0    0    0    0  
   3    2    0    0    0    0    1    0    4    5    0    0    0    0    0  
   4    0    0    5    0    0    2    0    3    0    0    0    0    1    0  
   0    4    0    0    0    0    0    0    0    0    1    0    2    5    3  
   0    2    5    4    1    3    0    0    0    0    0    0    0    0    0  
   3    0    0    0    0    0    4    1    0    5    0    2    0    0    0  
   0    4    0    0    5    0    0    0    2    3    0    0    0    0    1  
   5    2    4    0    0    0    3    0    0    1    0    0    0    0    0  
   0    1    0    3    0    4    0    0    0    0    5    2    0    0    0  
   4    0    0    0    2    3    0    0    0    5    1    0    0    0    0  
   0    4    0    0    0    0    0    0    0    1    5    0    3    2    0  
   0    0    1    0    0    4    0    0    0    5    0    2    0    0    3  
   2    1    0    0    0    0    3    0    0    5    0    0    0    4    0  
   0    0    0    0    2    0    0    0    4    5    1    0    0    3    0  
   2    0    0    0    0    5    0    3    0    0    1    0    0    0    4  
   0    0    0    0    3    0    0    1    2    0    5    0    4    0    0  
   0    5    3    0    0    0    0    0    4    2    0    0    1    0    0  
   0    0    0    0    1    3    0    5    0    0    2    0    0    0    4  
   0    3    1    0    0    0    4    0    0    2    5    0    0    0    0  
   0    0    3    5    0    0    4    0    0    1    0    2    0    0    0  
   5    0    4    0    0    2    1    0    3    0    0    0    0    0    0  
   0    0    1    0    3    0    0    0    4    0    5    0    0    2    0  
   0    1    5    3    0    0    0    4    0    2    0    0    0    0    0  
   0    0    1    3    0    4    2    0    5    0    0    0    0    0    0  
   0    0    0    5    2    0    0    0    0    4    0    0    3    0    1  
   0    0    0    3    0    1    0    0    0    0    5    0    0    4    2  
   0    0    0    1    5    0    2    0    0    4    0    0    3    0    0  
   1    0    0    5    0    4    0    0    0    0    2    0    0    3    0  
   0    0    1    0    3    0    5    4    0    0    0    0    2    0    0  
   0    0    0    2    0    1    0    0    4    0    0    0    3    0    5  
   4    0    0    0    1    3    0    0    0    2    0    0    0    5    0  
   0    5    0    0    0    0    1    0    0    0    4    3    0    2    0  
   0    0    1    2    0    0    0    5    0    3    0    0    4    0    0  
   1    0    0    2    0    4    3    5    0    0    0    0    0    0    0  
   0    2    0    3    0    0    0    0    0    4    5    0    0    1    0  
   4    0    2    5    0    0    3    0    0    0    0    0    1    0    0  
   0    0    3    0    0    0    0    2    0    0    4    5    1    0    0  
   3    0    5    2    0    4    0    0    0    1    0    0    0    0    0  
   0    0    0    0    0    5    0    2    0    0    4    0    3    0    1  
   0    0    0    0    0    0    2    4    0    0    3    1    0    5    0  
   0    0    2    1    4    0    0    0    5    0    0    0    0    3    0  
   4    0    5    1    2    0    0    0    0    0    0    3    0    0    0  
   4    0    0    1    5    0    0    0    0    3    2    0    0    0    0  
   4    5    1    0    0    0    0    0    0    0    0    3    0    2    0  
   0    0    0    0    0    1    0    0    0    3    0    5    4    0    2  
   0    1    0    2    0    0    0    0    0    0    0    0    4    3    5  
   0    4    0    0    0    1    5    0    3    0    0    0    2    0    0  
   0    0    0    0    0    1    4    5    0    0    0    3    0    2    0  
   5    0    1    0    2    0    0    0    0    0    0    0    0    3    4  
   0    0    1    0    0    0    2    0    0    0    5    3    4    0    0  
   2    0    0    0    0    5    0    4    0    0    0    3    1    0    0  
   1    0    0    4    2    5    3    0    0    0    0    0    0    0    0  
   0    0    0    4    0    0    0    0    3    0    2    0    5    0    1  
   5    3    0    0    0    0    1    0    0    0    2    0    4    0    0  
   0    1    0    0    0    3    0    0    5    0    0    2    4    0    0  
   0    2    4    0    3    0    0    5    0    0    0    0    0    1    0  
   0    2    0    0    1    0    5    4    3    0    0    0    0    0    0  
   0    4    0    0    2    0    0    3    0    1    0    5    0    0    0  
   0    0    0    0    3    0    4    0    1    0    0    0    5    0    2  
   2    5    0    3    0    0    1    0    0    0    0    0    4    0    0  
   0    0    3    0    2    0    0    0    5    0    0    0    1    0    4  
   0    0    0    5    1    2    0    4    0    0    0    3    0    0    0  
   5    0    0    0    0    4    0    0    0    2    1    0    0    3    0  
   0    0    1    0    0    4    0    0    0    0    3    5    0    2    0  
   0    0    0    0    4    0    0    0    3    0    1    0    0    2    5  
   0    0    4    2    0    1    0    0    5    3    0    0    0    0    0  
   0    0    0    0    0    3    0    2    0    0    0    0    1    4    5  
   3    4    0    0    0    0    5    0    0    0    0    0    0    2    1  
   0    4    0    5    3    0    0    0    0    0    0    0    2    1    0  
   0    0    0    5    3    0    0    0    2    0    0    0    1    4    0  
   4    0    2    0    0    1    0    5    0    3    0    0    0    0    0  
   0    5    0    0    0    4    3    0    0    0    1    2    0    0    0  
   0    0    1    0    0    0    0    0    0    3    4    0    0    2    5  
   5    0    0    0    4    0    2    0    0    0    1    0    3    0    0  
   2    0    0    5    0    0    1    0    0    3    0    0    0    0    4  
   0    1    0    0    0    0    3    0    2    0    4    0    0    0    5  
   0    4    2    1    0    0    0    0    5    0    3    0    0    0    0  
   0    0    5    0    0    0    0    0    1    2    0    0    0    3    4  
   5    2    0    4    1    0    0    0    0    0    0    0    3    0    0  
   0    3    0    1    0    4    5    0    0    0    0    0    2    0    0  
   0    0    2    0    5    0    0    0    1    0    0    0    3    4    0  
   0    0    0    5    0    4    0    1    0    3    0    2    0    0    0  
   0    5    1    0    0    2    0    0    0    0    0    4    0    0    3  
   3    0    5    0    0    0    0    1    0    0    0    4    2    0    0  
   0    0    3    2    0    0    1    0    0    4    0    0    0    5    0  
   1    0    0    0    5    0    0    4    3    0    2    0    0    0    0  
   3    4    2    0    0    0    0    0    0    1    0    5    0    0    0  
   0    0    0    0    2    1    3    0    5    0    0    0    0    0    4  
   0    0    1    0    4    5    0    0    0    3    0    2    0    0    0  
   0    0    0    4    2    0    0    5    0    3    0    1    0    0    0  
   0    3    0    0    5    2    0    1    0    0    0    4    0    0    0  
   0    2    0    5    4    0    0    0    0    0    3    0    0    0    1  
   0    0    0    0    0    0    0    0    3    0    4    0    2    5    1  
   5    0    0    2    0    3    1    0    0    0    4    0    0    0    0  
   0    3    5    0    0    0    0    0    2    4    1    0    0    0    0  
   0    5    0    0    0    0    0    0    4    0    2    1    0    0    3  ] 
RESERVATION PRICES : [    0    0    0    6    0    6    0    0    6    0    0    0    6    7    0  
   6    0    0    0    6    7    0    0    0    0    0    0    0    7    7  
   0    0    0    0    0    0   12   11   11    0    0    0   10    0    9  
   0    0   13   13   14    0    0    0    0    0    0    0   13   13    0  
   0   18    0   15   18    0    0   15    0    0    0   18    0    0    0  
   0   28    0    0    0   25    0   24    0   26    0   28    0    0    0  
   0    0    0    0    0   25    0   25    0   33   25    0    0   30    0  
   0   29    0   26    0    0   28   26    0   34    0    0    0    0    0  
   0   34    0    0    0    0   37   41    0    0   31   36    0    0    0  
  34    0    0    0   37    0   40    0    0    0   41    0    0   37    0  
   0   42    0    0   33    0    0   38   42    0    0    0    0   39    0  
   0   45    0    0    0    0    0    0   45   38   42   42    0    0    0  
   0   50    0   45    0    0   40    0    0   49    0    0    0   43    0  
   0   53   57    0    0   44   44    0    0   60    0    0    0    0    0  
   0   63   53    0    0    0    0    0   63    0   53    0   59    0    0  
  58   61    0    0   67   51    0    0    0    0    0   63    0    0    0  
   0   65    0    0   64   55    0   68    0   59    0    0    0    0    0  
   0    0    0    0   61    0    0    0   75   63   70   65    0    0    0  
   0    0    0   81   77   78   77    0    0    0    0   79    0    0    0  
  79    0   87    0   73    0    0    0    0   69    0   69    0    0    0  
   0    0   78    0   79    0    0   82    0   78    0    0   75    0    0  
   0    0    0   71    0   92    0    0    0    0    0   73   80   86    0  
  87    0   81   97    0    0    0   90    0    0    0    0    0    0   72  
   0   89   76    0  100    0    0    0    0    0    0   83    0    0   94  
   0    0    0    0   98    0   90   82   94    0    0    0    0    0   94  
   0    0    0    0    0   94    0   87    0   78  100  101    0    0    0  
  95    0    0  109    0    0    0    0    0  107   86  106    0    0    0  
   0    0    0  106    0  113  106    0    0    0    0  105    0    0   82  
   0    0   94  107    0    0   87  118    0    0    0    0   90    0    0  
  98  106    0   95  107    0    0    0  101    0    0    0    0    0    0  
  95  100    0    0    0    0  123    0   89   94    0    0    0    0    0  
 104    0    0  115    0    0  103    0   95    0    0    0    0  116    0  
   0  116    0    0    0    0    0    0    0    0  125    0  115   99  118  
   0  117  132  121  102  133    0    0    0    0    0    0    0    0    0  
 136    0    0    0    0    0  116  136    0  128    0  103    0    0    0  
   0  118    0    0  130    0    0    0  116  113    0    0    0    0  105  
 133  108  136    0    0    0  142    0    0  109    0    0    0    0    0  
   0  133    0  140    0  140    0    0    0    0  125  134    0    0    0  
 120    0    0    0  142  139    0    0    0  150  143    0    0    0    0  
   0  130    0    0    0    0    0    0    0  152  117    0  134  141    0  
   0    0  158    0    0  132    0    0    0  152    0  131    0    0  141  
 120  133    0    0    0    0  120    0    0  136    0    0    0  147    0  
   0    0    0    0  133    0    0    0  134  148  141    0    0  148    0  
 134    0    0    0    0  132    0  160    0    0  126    0    0    0  129  
   0    0    0    0  132    0    0  135  150    0  142    0  160    0    0  
   0  166  155    0    0    0    0    0  175  137    0    0  170    0    0  
   0    0    0    0  170  163    0  185    0    0  159    0    0    0  174  
   0  143  174    0    0    0  135    0    0  182  166    0    0    0    0  
   0    0  166  137    0    0  179    0    0  187    0  188    0    0    0  
 188    0  168    0    0  181  170    0  138    0    0    0    0    0    0  
   0    0  148    0  164    0    0    0  157    0  168    0    0  153    0  
   0  180  151  186    0    0    0  152    0  162    0    0    0    0    0  
   0    0  183  194    0  149  189    0  176    0    0    0    0    0    0  
   0    0    0  182  184    0    0    0    0  157    0    0  209    0  159  
   0    0    0  175    0  183    0    0    0    0  166    0    0  199  185  
   0    0    0  169  172    0  184    0    0  161    0    0  206    0    0  
 200    0    0  212    0  205    0    0    0    0  164    0    0  204    0  
   0    0  204    0  164    0  185  220    0    0    0    0  197    0    0  
   0    0    0  204    0  184    0    0  195    0    0    0  196    0  200  
 231    0    0    0  168  195    0    0    0  166    0    0    0  210    0  
   0  229    0    0    0    0  178    0    0    0  184  184    0  215    0  
   0    0  217  185    0    0    0  233    0  187    0    0  229    0    0  
 201    0    0  192    0  203  206  178    0    0    0    0    0    0    0  
   0  228    0  215    0    0    0    0    0  246  182    0    0  248    0  
 253    0  193  246    0    0  196    0    0    0    0    0  189    0    0  
   0    0  230    0    0    0    0  187    0    0  245  217  238    0    0  
 238    0  255  246    0  241    0    0    0  248    0    0    0    0    0  
   0    0    0    0    0  189    0  197    0    0  228    0  200    0  225  
   0    0    0    0    0    0  213  218    0    0  224  211    0  216    0  
   0    0  214  267  243    0    0    0  260    0    0    0    0  225    0  
 248    0  253  240  204    0    0    0    0    0    0  233    0    0    0  
 258    0    0  255  272    0    0    0    0  262  215    0    0    0    0  
 243  222  247    0    0    0    0    0    0    0    0  262    0  275    0  
   0    0    0    0    0  259    0    0    0  218    0  221  208    0  242  
   0  249    0  212    0    0    0    0    0    0    0    0  215  274  266  
   0  260    0    0    0  209  207    0  221    0    0    0  210    0    0  
   0    0    0    0    0  266  257  261    0    0    0  262    0  208    0  
 266    0  249    0  235    0    0    0    0    0    0    0    0  249  248  
   0    0  281    0    0    0  217    0    0    0  251  237  228    0    0  
 241    0    0    0    0  273    0  249    0    0    0  278  260    0    0  
 245    0    0  292  250  253  267    0    0    0    0    0    0    0    0  
   0    0    0  259    0    0    0    0  261    0  238    0  282    0  300  
 242  275    0    0    0    0  264    0    0    0  223    0  267    0    0  
   0  227    0    0    0  278    0    0  249    0    0  264  303    0    0  
   0  259  255    0  237    0    0  294    0    0    0    0    0  277    0  
   0  319    0    0  256    0  237  313  286    0    0    0    0    0    0  
   0  308    0    0  269    0    0  252    0  246    0  291    0    0    0  
   0    0    0    0  307    0  304    0  235    0    0    0  315    0  261  
 325  266    0  311    0    0  247    0    0    0    0    0  322    0    0  
   0    0  322    0  288    0    0    0  240    0    0    0  291    0  277  
   0    0    0  272  306  266    0  284    0    0    0  293    0    0    0  
 318    0    0    0    0  341    0    0    0  321  266    0    0  261    0  
   0    0  247    0    0  337    0    0    0    0  291  245    0  292    0  
   0    0    0    0  278    0    0    0  348    0  342    0    0  294  302  
   0    0  343  348    0  271    0    0  255  304    0    0    0    0    0  
   0    0    0    0    0  286    0  323    0    0    0    0  293  298  299  
 308  262    0    0    0    0  266    0    0    0    0    0    0  295  353  
   0  346    0  345  268    0    0    0    0    0    0    0  344  295    0  
   0    0    0  332  267    0    0    0  295    0    0    0  354  359    0  
 340    0  324    0    0  356    0  359    0  304    0    0    0    0    0  
   0  345    0    0    0  333  330    0    0    0  353  311    0    0    0  
   0    0  300    0    0    0    0    0    0  296  269    0    0  337  299  
 340    0    0    0  367    0  282    0    0    0  330    0  342    0    0  
 372    0    0  342    0    0  376    0    0  332    0    0    0    0  288  
   0  340    0    0    0    0  289    0  337    0  379    0    0    0  295  
   0  309  283  303    0    0    0    0  324    0  360    0    0    0    0  
   0    0  322    0    0    0    0    0  292  343    0    0    0  283  287  
 357  332    0  305  316    0    0    0    0    0    0    0  367    0    0  
   0  286    0  287    0  373  290    0    0    0    0    0  307    0    0  
   0    0  400    0  369    0    0    0  295    0    0    0  335  365    0  
   0    0    0  333    0  338    0  381    0  364    0  326    0    0    0  
   0  379  345    0    0  374    0    0    0    0    0  323    0    0  410  
 313    0  330    0    0    0    0  404    0    0    0  337  313    0    0  
   0    0  413  403    0    0  405    0    0  352    0    0    0  370    0  
 331    0    0    0  350    0    0  318  352    0  386    0    0    0    0  
 401  381  371    0    0    0    0    0    0  423    0  384    0    0    0  
   0    0    0    0  387  369  380    0  393    0    0    0    0    0  397  
   0    0  401    0  355  319    0    0    0  317    0  416    0    0    0  
   0    0    0  350  356    0    0  416    0  415    0  412    0    0    0  
   0  436    0    0  337  404    0  423    0    0    0  390    0    0    0  
   0  365    0  389  330    0    0    0    0    0  328    0    0    0  385  
   0    0    0    0    0    0    0    0  435    0  382    0  339  374  360  
 452    0    0  368    0  395  395    0    0    0  453    0    0    0    0  
   0  405  464    0    0    0    0    0  454  407  464    0    0    0    0  
   0  367    0    0    0    0    0    0  443    0  469  343    0    0  352  ] 
 ] 
