K : 75
I : 10
C : 12
INSTANCE : 3
PREFERENCES : [    3    2    4    0    0    0    5    1    0    0  
   0    5    4    1    0    0    0    2    0    3  
   2    0    0    3    1    4    5    0    0    0  
   0    4    0    0    1    0    5    3    0    2  
   0    0    3    0    2    1    5    0    0    4  
   0    0    1    0    5    2    4    0    3    0  
   0    1    2    0    3    0    4    0    5    0  
   0    0    0    0    5    0    2    4    3    1  
   0    0    0    5    2    1    4    3    0    0  
   0    0    5    0    0    2    3    0    4    1  
   5    1    0    0    0    2    0    0    3    4  
   1    2    0    0    5    0    4    0    0    3  
   0    0    5    1    4    0    2    0    0    3  
   4    2    0    3    1    0    0    5    0    0  
   0    5    2    0    0    4    0    3    1    0  
   4    5    0    0    3    0    2    1    0    0  
   0    0    2    1    0    0    5    0    3    4  
   3    0    0    1    0    0    2    0    4    5  
   3    0    0    0    4    0    5    2    1    0  
   1    0    3    2    0    0    0    4    5    0  
   0    0    3    0    4    0    5    1    2    0  
   3    0    0    2    1    0    0    0    5    4  
   4    0    2    3    1    0    0    0    0    5  
   1    0    0    3    5    0    0    4    2    0  
   5    3    0    4    0    0    2    0    1    0  
   1    0    3    0    4    0    5    2    0    0  
   2    5    3    0    0    0    4    1    0    0  
   3    4    0    1    5    0    0    0    2    0  
   0    2    0    0    0    0    3    1    5    4  
   4    0    0    0    0    1    0    3    5    2  
   0    0    0    0    3    5    1    2    4    0  
   1    4    0    0    3    0    0    2    0    5  
   4    1    0    0    2    0    0    5    3    0  
   0    3    5    2    0    4    0    1    0    0  
   0    1    0    4    0    2    0    5    3    0  
   0    0    1    5    4    0    3    2    0    0  
   0    2    5    1    0    0    0    3    4    0  
   3    1    0    5    0    0    4    2    0    0  
   0    2    0    5    4    3    0    1    0    0  
   4    0    5    1    0    3    0    2    0    0  
   0    5    4    1    0    2    0    0    0    3  
   0    3    1    4    0    0    0    5    2    0  
   0    4    1    0    0    0    5    0    3    2  
   0    5    1    0    4    3    0    0    0    2  
   0    0    0    2    0    0    3    5    1    4  
   5    4    0    1    3    0    0    0    2    0  
   2    1    5    0    0    4    0    0    0    3  
   2    0    0    0    0    1    5    4    3    0  
   2    5    4    0    0    0    0    3    0    1  
   5    1    0    0    0    4    3    0    2    0  
   0    2    5    4    0    0    0    3    1    0  
   3    4    0    2    0    0    1    0    0    5  
   0    3    1    2    0    0    0    4    5    0  
   4    2    0    3    0    1    5    0    0    0  
   0    0    2    0    5    0    1    4    3    0  
   0    3    1    0    0    4    0    5    2    0  
   0    0    2    0    0    1    5    0    4    3  
   5    0    0    2    3    0    4    0    0    1  
   2    0    3    1    0    0    0    4    5    0  
   5    0    3    1    0    0    2    4    0    0  
   0    2    0    0    1    0    4    3    5    0  
   3    0    2    0    0    0    5    0    4    1  
   0    5    4    2    0    1    0    0    0    3  
   3    0    0    2    4    0    0    0    1    5  
   4    2    3    0    5    0    0    0    1    0  
   0    0    0    4    5    3    0    1    0    2  
   1    2    0    4    5    3    0    0    0    0  
   2    3    5    0    0    0    4    1    0    0  
   3    0    4    0    0    2    0    1    5    0  
   2    0    1    5    0    0    4    0    0    3  
   0    3    0    1    4    0    5    0    0    2  
   0    5    0    0    3    0    1    0    2    4  
   0    0    0    1    2    4    0    0    5    3  
   1    0    2    0    5    0    3    0    4    0  
   0    0    4    3    0    1    0    5    0    2  ] 
RESERVATION PRICES : [    9    9    9    0    0    0   10    8    0    0  
   0   10   12   10    0    0    0   12    0   10  
  19    0    0   19   17   14   19    0    0    0  
   0   20    0    0   17    0   20   23    0   20  
   0    0   20    0   17   17   21    0    0   22  
   0    0   20    0   22   25   24    0   22    0  
   0   30   29    0   23    0   24    0   27    0  
   0    0    0    0   29    0   24   26   31   31  
   0    0    0   30   34   28   34   31    0    0  
   0    0   33    0    0   37   32    0   32   37  
  39   46    0    0    0   37    0    0   38   37  
  41   40    0    0   38    0   44    0    0   42  
   0    0   45   43   37    0   39    0    0   39  
  53   48    0   42   46    0    0   43    0    0  
   0   50   47    0    0   47    0   48   60    0  
  44   44    0    0   54    0   60   46    0    0  
   0    0   48   47    0    0   64    0   61   61  
  61    0    0   52    0    0   62    0   60   54  
  55    0    0    0   51    0   64   58   54    0  
  71    0   62   73    0    0    0   63   74    0  
   0    0   67    0   62    0   59   65   68    0  
  76    0    0   60   65    0    0    0   76   66  
  67    0   70   64   67    0    0    0    0   68  
  68    0    0   88   83    0    0   78   73    0  
  84   78    0   86    0    0   72    0   81    0  
  97    0   90    0   75    0   89   86    0    0  
  90   95  104    0    0    0   90   90    0    0  
  82   99    0  105   97    0    0    0   94    0  
   0  106    0    0    0    0  104   99   92  109  
  91    0    0    0    0   90    0   85  111  100  
   0    0    0    0   88   87  103  118  112    0  
  94  106    0    0   91    0    0   92    0  115  
 108  105    0    0   91    0    0   91   93    0  
   0  125  127  103    0  116    0  126    0    0  
   0  133    0  111    0  118    0  101  128    0  
   0    0  126  127  135    0  129  107    0    0  
   0  121  121  106    0    0    0  103  115    0  
 134  144    0  127    0    0  144  134    0    0  
   0  112    0  149  114  117    0  144    0    0  
 148    0  113  120    0  110    0  152    0    0  
   0  129  143  139    0  115    0    0    0  125  
   0  145  153  117    0    0    0  154  134    0  
   0  133  119    0    0    0  152    0  116  156  
   0  136  150    0  154  143    0    0    0  155  
   0    0    0  142    0    0  139  153  128  152  
 141  138    0  141  171    0    0    0  167    0  
 152  146  144    0    0  145    0    0    0  128  
 147    0    0    0    0  151  167  164  161    0  
 135  178  135    0    0    0    0  167    0  175  
 136  153    0    0    0  133  149    0  167    0  
   0  172  166  143    0    0    0  155  179    0  
 178  139    0  159    0    0  171    0    0  185  
   0  168  142  172    0    0    0  144  152    0  
 149  155    0  151    0  139  170    0    0    0  
   0    0  187    0  184    0  159  144  171    0  
   0  180  176    0    0  168    0  148  192    0  
   0    0  201    0    0  161  177    0  185  177  
 197    0    0  193  196    0  194    0    0  171  
 178    0  162  164    0    0    0  199  187    0  
 168    0  178  173    0    0  211  179    0    0  
   0  172    0    0  191    0  191  203  159    0  
 186    0  222    0    0    0  191    0  216  207  
   0  231  191  215    0  227    0    0    0  187  
 187    0    0  200  232    0    0    0  227  222  
 227  187  212    0  175    0    0    0  193    0  
   0    0    0  204  245  211    0  210    0  210  
 218  248    0  213  245  210    0    0    0    0  
 242  249  227    0    0    0  209  231    0    0  
 242    0  248    0    0  257    0  251  224    0  
 239    0  208  199    0    0  250    0    0  233  
   0  215    0  252  227    0  215    0    0  198  
   0  263    0    0  199    0  199    0  237  237  
   0    0    0  230  237  216    0    0  199  273  
 222    0  207    0  255    0  207    0  269    0  
   0    0  242  217    0  230    0  213    0  264  ] 
 ] 
