K : 150
I : 10
C : 30
INSTANCE : 1
PREFERENCES : [    0    3    2    4    1    5    0    0    0    0  
   4    0    0    2    3    0    1    0    5    0  
   0    0    1    4    0    0    3    5    0    2  
   0    4    0    3    0    5    1    0    0    2  
   0    0    1    2    0    5    3    0    0    4  
   0    5    0    0    3    0    4    0    2    1  
   1    3    4    0    0    0    0    0    5    2  
   3    0    2    4    0    5    0    0    1    0  
   3    0    0    1    4    0    0    2    0    5  
   5    0    0    0    1    3    4    0    2    0  
   0    1    0    2    5    0    0    0    3    4  
   0    0    3    0    5    0    1    0    2    4  
   0    2    4    1    5    0    0    3    0    0  
   0    3    5    2    1    0    0    4    0    0  
   0    5    4    0    0    2    3    0    1    0  
   0    2    3    0    0    4    0    0    1    5  
   4    0    0    0    1    2    0    5    3    0  
   0    2    3    0    1    5    4    0    0    0  
   2    1    5    0    0    0    0    0    3    4  
   0    4    5    0    2    3    0    1    0    0  
   5    0    4    0    3    0    0    2    0    1  
   0    4    0    2    3    0    0    5    0    1  
   5    1    4    0    3    0    2    0    0    0  
   4    0    0    2    0    5    1    3    0    0  
   1    0    0    0    0    5    3    2    4    0  
   0    5    0    3    4    2    0    1    0    0  
   0    0    5    1    0    3    0    2    0    4  
   0    2    0    4    0    3    0    0    1    5  
   1    4    0    0    0    0    0    3    5    2  
   0    2    0    5    3    0    0    4    0    1  
   0    1    2    0    0    5    0    4    0    3  
   1    2    0    4    3    0    0    0    0    5  
   0    0    2    4    1    0    0    3    0    5  
   2    4    1    3    5    0    0    0    0    0  
   0    3    0    1    2    0    5    0    4    0  
   0    0    0    5    0    2    3    0    4    1  
   3    2    0    0    0    4    1    0    5    0  
   3    2    4    5    0    0    0    0    0    1  
   3    1    0    4    2    0    0    0    0    5  
   1    3    2    0    4    0    0    5    0    0  
   0    3    4    1    5    0    0    0    2    0  
   0    3    0    2    0    1    4    0    5    0  
   4    0    0    0    5    2    0    0    1    3  
   5    1    3    0    2    0    0    0    4    0  
   5    3    0    1    0    0    4    2    0    0  
   3    2    0    1    0    0    4    0    5    0  
   0    3    1    4    0    0    2    0    5    0  
   0    1    3    0    4    5    0    0    0    2  
   0    0    0    0    3    0    5    1    2    4  
   0    4    0    2    0    0    1    3    5    0  
   5    0    0    0    1    0    2    0    4    3  
   5    4    1    2    0    0    0    0    3    0  
   5    0    0    1    4    0    0    3    0    2  
   0    0    5    2    0    3    1    4    0    0  
   1    0    0    0    3    5    2    0    0    4  
   3    0    5    0    4    0    2    1    0    0  
   0    1    3    0    0    2    0    0    4    5  
   0    5    3    0    2    0    0    1    0    4  
   0    3    1    5    0    0    2    0    0    4  
   2    3    0    0    0    0    1    5    4    0  
   0    1    0    4    0    0    0    3    2    5  
   0    4    0    5    0    0    3    0    2    1  
   3    0    0    5    0    4    0    0    1    2  
   0    0    0    2    0    0    4    5    3    1  
   4    5    2    1    0    0    0    0    0    3  
   1    0    0    0    3    0    2    0    4    5  
   0    0    0    2    3    0    5    4    1    0  
   0    4    0    0    0    1    2    3    5    0  
   1    4    5    0    2    0    0    0    0    3  
   2    1    0    4    0    5    3    0    0    0  
   2    0    5    0    4    3    0    0    1    0  
   5    0    1    2    0    0    0    3    4    0  
   0    1    4    0    0    5    2    0    3    0  
   4    0    0    1    0    0    2    3    5    0  
   2    4    0    1    5    0    0    3    0    0  
   0    0    0    1    4    2    0    3    5    0  
   0    1    0    5    3    0    0    4    2    0  
   0    3    0    0    4    0    1    2    5    0  
   2    0    5    4    0    0    3    0    1    0  
   0    3    5    2    4    0    0    0    1    0  
   5    0    4    0    0    3    1    0    0    2  
   5    4    1    0    2    0    0    0    0    3  
   5    1    0    3    0    0    4    0    0    2  
   0    0    0    5    4    2    1    3    0    0  
   5    3    4    2    0    0    1    0    0    0  
   3    0    0    5    0    2    0    4    1    0  
   0    0    2    0    3    4    0    5    1    0  
   0    3    2    0    0    0    0    1    5    4  
   0    0    0    1    0    0    5    2    3    4  
   0    0    0    0    1    4    5    2    3    0  
   0    2    3    0    0    0    4    0    1    5  
   2    0    0    3    0    5    0    0    4    1  
   1    0    5    0    4    3    0    2    0    0  
   0    2    0    0    0    0    1    3    5    4  
   5    3    4    0    0    0    0    1    0    2  
   1    0    0    0    4    5    2    0    0    3  
   0    3    2    5    0    1    0    4    0    0  
   2    0    0    1    0    0    0    3    5    4  
   2    0    0    3    0    0    5    4    0    1  
   2    1    5    3    0    0    0    0    4    0  
   2    0    5    4    0    1    0    0    3    0  
   3    2    4    5    0    0    0    0    1    0  
   0    0    3    4    0    0    2    1    5    0  
   3    0    5    0    2    0    4    0    1    0  
   1    0    2    0    0    4    5    0    0    3  
   0    0    0    5    0    4    3    2    0    1  
   4    0    5    0    2    1    0    0    3    0  
   2    0    0    5    0    1    0    3    4    0  
   0    5    0    0    0    1    0    2    3    4  
   2    0    0    1    0    0    5    4    0    3  
   0    4    3    2    0    0    1    0    0    5  
   0    1    5    0    4    2    0    3    0    0  
   1    2    4    0    0    0    3    0    0    5  
   0    2    0    4    0    0    0    3    1    5  
   0    0    0    3    5    0    2    1    0    4  
   5    0    0    0    1    0    4    2    3    0  
   4    2    0    5    1    3    0    0    0    0  
   2    0    0    1    0    0    5    4    3    0  
   0    4    0    5    0    0    0    2    1    3  
   4    0    3    2    1    0    0    5    0    0  
   0    5    1    0    0    0    4    0    2    3  
   1    0    0    4    3    0    5    0    0    2  
   0    0    4    5    2    0    3    1    0    0  
   5    0    4    0    0    3    0    0    2    1  
   0    0    0    4    2    0    1    3    5    0  
   2    0    1    4    0    3    0    0    0    5  
   4    0    1    0    0    0    2    0    5    3  
   0    0    5    2    0    0    3    1    0    4  
   5    0    1    0    2    0    0    3    0    4  
   1    0    0    0    4    2    5    0    0    3  
   0    0    5    1    2    0    0    4    3    0  
   0    0    2    5    0    3    0    1    4    0  
   0    1    0    0    5    4    3    2    0    0  
   0    0    3    5    1    0    0    0    2    4  
   0    0    0    0    2    1    5    0    4    3  
   5    0    0    2    3    0    1    0    4    0  
   5    0    0    4    1    0    3    0    2    0  
   1    4    0    0    2    3    5    0    0    0  
   5    0    4    0    0    1    0    2    0    3  
   2    0    5    0    0    3    1    0    4    0  
   0    0    0    2    0    5    3    0    4    1  
   0    2    5    4    0    0    0    1    0    3  
   4    0    0    5    0    0    0    1    2    3  
   2    4    1    3    0    0    5    0    0    0  
   0    2    0    0    3    0    1    0    4    5  
   1    2    0    0    0    3    0    0    5    4  
   0    0    2    4    0    0    1    0    5    3  
   2    4    0    0    0    0    0    1    3    5  
   4    0    0    0    0    0    2    1    3    5  
   0    5    2    0    1    4    0    0    0    3  ] 
RESERVATION PRICES : [    0    5    6    6    6    6    0    0    0    0  
  13    0    0   12   14    0   11    0   12    0  
   0    0   17   17    0    0   17   15    0   19  
   0   15    0   16    0   17   18    0    0   16  
   0    0   16   17    0   17   16    0    0   16  
   0   20    0    0   22    0   19    0   25   21  
  21   20   21    0    0    0    0    0   25   21  
  31    0   31   29    0   24    0    0   24    0  
  26    0    0   30   24    0    0   28    0   30  
  31    0    0    0   34   30   31    0   37    0  
   0   37    0   29   34    0    0    0   29   33  
   0    0   38    0   36    0   36    0   29   35  
   0   44   36   34   41    0    0   37    0    0  
   0   38   40   35   44    0    0   42    0    0  
   0   41   41    0    0   52   38    0   47    0  
   0   44   44    0    0   48    0    0   44   44  
  50    0    0    0   57   58    0   49   56    0  
   0   49   51    0   45   52   48    0    0    0  
  52   56   67    0    0    0    0    0   62   59  
   0   58   62    0   66   73    0   64    0    0  
  58    0   58    0   57    0    0   60    0   65  
   0   60    0   61   71    0    0   71    0   78  
  74   80   69    0   68    0   79    0    0    0  
  66    0    0   81    0   72   67   71    0    0  
  68    0    0    0    0   78   75   70   68    0  
   0   86    0   85   90   88    0   75    0    0  
   0    0   74   92    0   92    0   95    0   88  
   0   80    0  100    0   89    0    0   82   95  
  84   99    0    0    0    0    0   95   88  101  
   0   92    0  107   91    0    0   96    0   90  
   0  111  106    0    0  102    0   88    0  110  
 109   86    0  105  117    0    0    0    0  112  
   0    0   95   96   91    0    0   88    0   92  
 113  118  105  101   88    0    0    0    0    0  
   0   95    0   94  120    0  122    0  113    0  
   0    0    0  124    0  117  109    0  118  110  
 100  126    0    0    0  121  124    0  113    0  
 120  111  119   99    0    0    0    0    0  113  
 106  129    0  129  121    0    0    0    0  120  
 132  125  106    0  113    0    0  116    0    0  
   0  141  105  120  115    0    0    0  108    0  
   0  105    0  112    0  113  112    0  131    0  
 128    0    0    0  124  141    0    0  134  110  
 133  142  119    0  114    0    0    0  152    0  
 118  133    0  121    0    0  139  146    0    0  
 153  159    0  150    0    0  140    0  131    0  
   0  153  132  134    0    0  146    0  127    0  
   0  145  175    0  148  156    0    0    0  154  
   0    0    0    0  158    0  142  177  180  156  
   0  159    0  135    0    0  160  179  135    0  
 142    0    0    0  170    0  148    0  150  161  
 146  176  172  168    0    0    0    0  182    0  
 179    0    0  162  166    0    0  164    0  138  
   0    0  142  167    0  177  167  171    0    0  
 161    0    0    0  163  188  157    0    0  190  
 163    0  197    0  150    0  168  203    0    0  
   0  198  207    0    0  204    0    0  194  157  
   0  158  166    0  186    0    0  177    0  206  
   0  210  176  188    0    0  211    0    0  208  
 192  173    0    0    0    0  209  175  164    0  
   0  196    0  223    0    0    0  212  186  212  
   0  205    0  188    0    0  162    0  170  226  
 220    0    0  219    0  212    0    0  201  172  
   0    0    0  189    0    0  202  232  170  169  
 184  233  178  183    0    0    0    0    0  217  
 236    0    0    0  193    0  209    0  217  191  
   0    0    0  204  191    0  185  203  208    0  
   0  245    0    0    0  210  204  195  195    0  
 238  236  182    0  221    0    0    0    0  212  
 229  248    0  248    0  222  224    0    0    0  
 188    0  253    0  202  238    0    0  210    0  
 237    0  260  201    0    0    0  233  220    0  
   0  254  240    0    0  216  245    0  248    0  
 243    0    0  234    0    0  202  258  254    0  
 255  200    0  258  205    0    0  224    0    0  
   0    0    0  241  210  257    0  250  205    0  
   0  216    0  228  218    0    0  221  246    0  
   0  273    0    0  243    0  261  269  221    0  
 288    0  236  255    0    0  237    0  230    0  
   0  219  273  253  270    0    0    0  263    0  
 286    0  252    0    0  234  277    0    0  294  
 221  292  287    0  226    0    0    0    0  217  
 252  252    0  260    0    0  287    0    0  304  
   0    0    0  284  257  273  223  238    0    0  
 280  285  294  273    0    0  244    0    0    0  
 317    0    0  310    0  235    0  240  301    0  
   0    0  257    0  253  267    0  324  323    0  
   0  325  310    0    0    0    0  300  246  280  
   0    0    0  263    0    0  296  263  315  321  
   0    0    0    0  293  329  284  254  338    0  
   0  245  301    0    0    0  328    0  254  338  
 335    0    0  305    0  318    0    0  266  345  
 337    0  349    0  272  295    0  351    0    0  
   0  278    0    0    0    0  352  341  348  323  
 305  345  291    0    0    0    0  308    0  253  
 299    0    0    0  334  349  270    0    0  357  
   0  306  338  267    0  343    0  309    0    0  
 285    0    0  352    0    0    0  361  341  299  
 290    0    0  324    0    0  369  314    0  350  
 344  280  331  286    0    0    0    0  359    0  
 300    0  297  343    0  317    0    0  367    0  
 333  380  293  313    0    0    0    0  312    0  
   0    0  319  299    0    0  383  340  313    0  
 292    0  295    0  368    0  334    0  357    0  
 313    0  338    0    0  350  367    0    0  346  
   0    0    0  366    0  300  378  381    0  383  
 336    0  327    0  390  341    0    0  363    0  
 327    0    0  387    0  403    0  327  368    0  
   0  302    0    0    0  301    0  408  389  394  
 359    0    0  406    0    0  350  378    0  369  
   0  363  344  348    0    0  374    0    0  386  
   0  403  336    0  370  312    0  383    0    0  
 374  349  417    0    0    0  369    0    0  323  
   0  409    0  315    0    0    0  421  363  332  
   0    0    0  317  322    0  318  373    0  409  
 370    0    0    0  416    0  388  377  382    0  
 397  360    0  402  328  403    0    0    0    0  
 400    0    0  410    0    0  346  342  362    0  
   0  372    0  333    0    0    0  434  348  391  
 437    0  438  336  400    0    0  382    0    0  
   0  444  374    0    0    0  347    0  358  325  
 383    0    0  431  404    0  425    0    0  392  
   0    0  438  366  437    0  381  437    0    0  
 356    0  337    0    0  394    0    0  424  462  
   0    0    0  366  385    0  467  399  356    0  
 384    0  404  415    0  397    0    0    0  346  
 370    0  409    0    0    0  388    0  410  364  
   0    0  458  393    0    0  459  418    0  433  
 464    0  387    0  398    0    0  445    0  395  
 386    0    0    0  482  472  480    0    0  481  
   0    0  471  384  473    0    0  349  484    0  
   0    0  478  361    0  354    0  377  419    0  
   0  366    0    0  452  400  476  397    0    0  
   0    0  362  496  450    0    0    0  440  372  
   0    0    0    0  387  426  419    0  489  464  
 499    0    0  445  499    0  399    0  411    0  
 502    0    0  384  498    0  380    0  482    0  
 370  451    0    0  415  375  508    0    0    0  
 488    0  411    0    0  490    0  380    0  523  
 417    0  491    0    0  472  384    0  507    0  
   0    0    0  485    0  389  405    0  457  389  
   0  439  463  447    0    0    0  429    0  526  
 395    0    0  416    0    0    0  472  452  530  
 394  408  446  398    0    0  474    0    0    0  
   0  397    0    0  392    0  514    0  441  395  
 427  477    0    0    0  474    0    0  457  541  
   0    0  470  531    0    0  413    0  542  435  
 525  556    0    0    0    0    0  444  402  401  
 531    0    0    0    0    0  413  529  525  514  
   0  419  415    0  539  480    0    0    0  497  ] 
 ] 
