K : 50
I : 10
C : 8
INSTANCE : 5
PREFERENCES : [    3    0    2    0    0    0    1    5    4    0  
   4    2    3    5    0    0    1    0    0    0  
   0    2    4    0    0    1    5    0    0    3  
   3    5    0    1    0    4    0    0    2    0  
   0    2    3    1    5    0    0    0    4    0  
   1    5    0    0    2    3    4    0    0    0  
   3    1    2    0    0    0    0    0    4    5  
   5    3    1    0    0    2    0    4    0    0  
   0    0    4    3    5    0    0    0    1    2  
   0    5    0    0    4    3    1    2    0    0  
   0    1    5    2    4    0    0    3    0    0  
   3    4    0    0    1    0    5    2    0    0  
   0    2    0    4    0    0    5    0    1    3  
   4    0    3    0    0    5    0    2    1    0  
   0    0    2    0    3    5    0    1    4    0  
   3    0    2    0    0    4    0    5    1    0  
   0    5    2    0    0    4    1    0    3    0  
   3    0    1    0    0    2    0    4    0    5  
   0    4    0    0    0    1    2    0    5    3  
   4    2    0    0    5    1    0    3    0    0  
   0    2    1    0    0    4    3    0    5    0  
   0    5    1    0    3    0    2    0    4    0  
   2    0    4    0    3    5    1    0    0    0  
   0    5    3    0    0    0    1    4    0    2  
   3    0    2    0    4    5    0    0    0    1  
   3    1    2    0    0    0    5    0    0    4  
   5    1    0    4    0    0    3    0    2    0  
   0    0    2    3    4    1    0    0    0    5  
   0    4    1    0    2    3    0    0    5    0  
   0    1    5    3    2    4    0    0    0    0  
   2    0    0    3    5    4    0    0    1    0  
   0    0    4    0    0    5    3    0    2    1  
   2    3    4    0    1    0    0    0    5    0  
   1    0    0    0    2    4    0    5    0    3  
   0    0    3    0    0    2    4    1    5    0  
   0    1    0    5    2    0    4    3    0    0  
   0    0    0    1    5    0    0    4    3    2  
   5    0    0    3    2    1    4    0    0    0  
   0    0    2    0    0    3    5    1    0    4  
   4    0    5    0    3    1    2    0    0    0  
   0    2    3    5    0    4    0    0    1    0  
   0    0    3    0    5    1    0    4    0    2  
   0    0    3    5    1    2    4    0    0    0  
   1    5    0    0    0    3    2    0    4    0  
   0    4    0    0    3    0    0    5    2    1  
   1    3    0    0    0    4    5    0    2    0  
   0    2    1    0    4    0    5    0    3    0  
   0    4    2    5    1    0    3    0    0    0  
   3    0    0    0    0    2    1    5    4    0  
   2    1    0    4    0    0    0    3    0    5  ] 
RESERVATION PRICES : [    9    0    9    0    0    0    9    8    8    0  
   7    8    8    9    0    0    8    0    0    0  
   0    8    9    0    0    8    9    0    0    7  
   9   12    0   12    0   11    0    0   11    0  
   0   12   10   12    9    0    0    0   12    0  
  13   14    0    0   14   12   14    0    0    0  
  13   15   12    0    0    0    0    0   12   12  
  19   20   21    0    0   17    0   20    0    0  
   0    0   27   24   21    0    0    0   23   27  
   0   27    0    0   22   22   29   28    0    0  
   0   26   26   28   25    0    0   33    0    0  
  38   39    0    0   39    0   36   30    0    0  
   0   43    0   38    0    0   35    0   34   42  
  39    0   32    0    0   41    0   38   37    0  
   0    0   45    0   48   51    0   39   40    0  
  55    0   55    0    0   54    0   56   49    0  
   0   53   52    0    0   54   48    0   57    0  
  64    0   55    0    0   50    0   57    0   53  
   0   66    0    0    0   65   54    0   65   63  
  55   57    0    0   57   71    0   72    0    0  
   0   66   76    0    0   76   70    0   69    0  
   0   80   73    0   71    0   59    0   69    0  
  64    0   67    0   63   72   86    0    0    0  
   0   70   86    0    0    0   75   87    0   86  
  88    0   71    0   95   92    0    0    0   86  
  75   89   85    0    0    0   98    0    0   75  
  94   78    0   75    0    0   82    0   86    0  
   0    0   91  104  101   82    0    0    0   94  
   0   95   76    0  103   84    0    0   97    0  
   0   79  103   97   87   81    0    0    0    0  
  91    0    0   89  104   95    0    0  109    0  
   0    0   92    0    0  119  109    0  110  110  
 121  111  121    0   95    0    0    0  100    0  
  91    0    0    0  114   98    0  118    0  109  
   0    0   94    0    0  128  126  118  109    0  
   0  125    0  122  115    0  134  117    0    0  
   0    0    0  127  123    0    0  135  132  105  
 126    0    0  134  112  142  137    0    0    0  
   0    0  115    0    0  140  144  139    0  105  
 149    0  134    0  138  134  112    0    0    0  
   0  125  116  114    0  128    0    0  127    0  
   0    0  112    0  124  156    0  134    0  113  
   0    0  160  158  121  137  116    0    0    0  
 166  131    0    0    0  150  163    0  120    0  
   0  152    0    0  147    0    0  167  139  137  
 148  139    0    0    0  153  152    0  140    0  
   0  142  147    0  148    0  172    0  170    0  
   0  154  141  136  145    0  158    0    0    0  
 138    0    0    0    0  187  137  138  173    0  
 153  162    0  142    0    0    0  189    0  154  ] 
 ] 
