K : 100
I : 15
C : 16
INSTANCE : 3
PREFERENCES : [    1    4    0    0    0    0    0    3    2    0    5    0    0    0    0  
   3    0    0    0    0    0    0    1    5    0    0    0    2    4    0  
   0    4    0    3    0    0    0    2    0    0    1    5    0    0    0  
   5    1    3    0    0    0    0    0    0    0    0    2    0    4    0  
   0    0    1    0    3    0    5    0    0    0    0    2    4    0    0  
   0    0    0    5    3    4    0    0    0    0    0    2    0    1    0  
   0    5    0    0    0    0    0    0    0    0    4    2    0    1    3  
   0    0    0    0    0    3    0    0    5    0    1    2    0    4    0  
   5    2    3    0    0    1    0    4    0    0    0    0    0    0    0  
   3    2    0    0    0    1    0    0    5    0    4    0    0    0    0  
   2    0    0    1    4    0    3    0    0    0    0    5    0    0    0  
   0    1    0    0    0    0    0    0    0    5    2    3    0    4    0  
   5    0    4    0    0    0    0    0    1    0    3    0    0    0    2  
   0    0    3    0    0    0    0    0    2    0    1    4    0    5    0  
   0    5    0    0    2    0    0    0    3    0    4    0    0    0    1  
   0    0    0    0    4    0    0    1    3    2    0    0    0    5    0  
   4    0    5    0    2    1    0    0    0    0    0    0    3    0    0  
   0    4    0    0    3    0    5    0    0    0    2    0    0    1    0  
   0    0    0    0    2    0    3    0    0    4    5    0    0    0    1  
   0    1    5    0    0    2    0    0    4    0    0    0    3    0    0  
   4    0    0    2    1    0    0    0    3    0    0    0    5    0    0  
   0    0    2    0    0    0    5    0    4    0    0    1    3    0    0  
   0    0    3    2    0    0    0    0    0    4    0    0    0    1    5  
   2    0    0    1    0    0    0    0    0    0    4    5    0    0    3  
   0    4    0    0    1    5    0    0    0    0    3    2    0    0    0  
   0    4    0    5    3    0    0    0    0    2    0    0    0    0    1  
   1    2    0    4    3    0    0    0    0    0    0    0    0    0    5  
   0    2    0    0    0    0    0    0    0    3    0    4    5    0    1  
   5    0    1    0    2    0    0    0    0    0    0    0    0    4    3  
   0    0    0    3    1    5    0    0    2    0    0    0    0    0    4  
   4    5    3    0    0    0    0    0    0    0    0    2    0    0    1  
   0    1    3    0    0    0    0    0    0    5    0    0    0    4    2  
   3    0    0    0    0    5    0    0    2    0    1    0    0    4    0  
   2    0    0    3    0    1    5    0    0    0    0    4    0    0    0  
   0    4    2    0    0    0    3    1    0    0    0    0    0    5    0  
   0    2    0    0    4    0    1    0    0    0    0    5    0    3    0  
   0    0    4    0    0    2    0    0    1    0    0    0    5    3    0  
   5    1    0    0    0    0    2    0    0    3    0    0    4    0    0  
   0    0    2    4    0    0    0    1    0    3    5    0    0    0    0  
   0    0    1    4    0    0    3    0    0    0    2    5    0    0    0  
   1    3    0    0    5    0    4    0    0    0    2    0    0    0    0  
   2    3    5    0    0    0    0    4    0    0    0    1    0    0    0  
   0    0    4    0    0    3    1    0    0    0    0    5    0    2    0  
   0    0    0    0    0    2    3    0    0    0    4    0    0    1    5  
   0    0    0    0    1    0    0    3    2    5    0    0    0    0    4  
   0    0    4    3    0    0    0    0    1    0    5    2    0    0    0  
   0    0    0    5    1    0    4    0    0    3    0    2    0    0    0  
   0    0    0    1    2    0    3    4    0    0    0    5    0    0    0  
   0    0    0    3    5    0    0    0    0    0    0    2    4    1    0  
   0    0    0    3    0    2    5    4    0    0    0    1    0    0    0  
   0    0    0    0    2    3    0    5    4    0    0    0    0    1    0  
   3    4    0    0    0    0    0    0    0    2    0    0    0    5    1  
   0    1    5    0    0    0    4    2    0    0    0    0    0    0    3  
   0    0    0    0    5    0    0    0    4    0    3    2    1    0    0  
   3    0    0    0    0    4    0    0    1    0    0    5    0    2    0  
   2    3    0    0    0    0    0    0    0    5    0    1    4    0    0  
   4    0    0    0    5    3    0    2    1    0    0    0    0    0    0  
   0    0    0    0    0    1    5    0    0    3    0    0    4    0    2  
   0    3    2    0    0    0    0    4    1    0    0    0    0    0    5  
   0    5    0    2    3    0    0    1    0    0    4    0    0    0    0  
   4    0    0    0    0    0    0    0    2    0    3    0    1    5    0  
   4    0    5    0    1    0    0    0    0    0    0    3    2    0    0  
   4    0    0    0    3    5    0    0    0    2    0    1    0    0    0  
   2    0    0    0    1    0    0    4    3    5    0    0    0    0    0  
   4    2    0    1    0    0    0    0    3    0    0    0    0    0    5  
   0    3    5    4    0    1    0    0    0    0    2    0    0    0    0  
   0    4    0    0    5    3    0    0    0    2    0    0    1    0    0  
   3    0    0    0    5    0    0    0    0    4    1    0    0    0    2  
   0    3    5    0    0    0    1    4    0    0    0    0    0    0    2  
   5    0    3    0    0    0    0    0    0    0    1    2    0    0    4  
   0    5    0    0    0    0    0    4    0    0    1    2    3    0    0  
   1    0    5    0    0    0    2    0    0    0    0    3    4    0    0  
   1    0    0    5    0    0    0    3    2    0    0    0    4    0    0  
   0    0    0    0    0    4    2    5    0    0    0    0    0    3    1  
   0    0    5    0    3    0    0    0    0    0    4    2    1    0    0  
   0    0    0    2    0    0    4    5    0    0    0    3    0    0    1  
   0    1    3    0    4    0    0    2    0    0    0    0    5    0    0  
   0    0    4    0    0    2    0    5    0    3    0    0    0    0    1  
   5    1    3    0    0    0    0    2    0    0    0    0    0    0    4  
   3    0    0    0    0    0    1    0    0    0    0    0    4    2    5  
   0    0    1    0    4    3    0    0    0    0    0    2    0    0    5  
   3    4    0    1    0    0    0    0    0    0    2    0    5    0    0  
   0    3    0    0    1    0    0    0    0    0    2    5    0    0    4  
   1    0    0    3    0    0    0    2    0    0    5    0    0    4    0  
   4    0    0    1    5    0    0    2    0    0    3    0    0    0    0  
   0    0    0    2    4    1    0    0    0    5    0    0    3    0    0  
   0    0    0    2    0    0    1    0    0    0    3    0    0    4    5  
   0    1    0    0    0    4    0    0    0    0    0    2    0    5    3  
   0    0    0    5    2    0    4    1    3    0    0    0    0    0    0  
   0    1    3    0    0    0    4    0    5    0    0    0    0    2    0  
   3    4    0    0    0    0    0    0    0    0    1    2    0    0    5  
   0    2    0    0    0    0    1    0    0    3    0    0    0    5    4  
   0    1    0    0    0    0    0    4    0    0    2    0    0    3    5  
   0    0    5    0    0    0    4    0    3    0    0    0    1    0    2  
   0    0    0    3    0    5    1    0    0    2    0    4    0    0    0  
   0    0    0    0    0    3    2    1    5    0    4    0    0    0    0  
   0    0    0    1    3    0    0    4    5    0    0    0    0    0    2  
   5    1    0    2    4    0    0    0    0    0    3    0    0    0    0  
   5    0    0    1    0    0    0    0    0    0    2    4    0    3    0  
   5    3    1    2    4    0    0    0    0    0    0    0    0    0    0  ] 
RESERVATION PRICES : [    8    9    0    0    0    0    0    7    7    0    9    0    0    0    0  
  11    0    0    0    0    0    0   11   12    0    0    0   10    9    0  
   0   14    0   15    0    0    0   15    0    0   12   15    0    0    0  
  12   16   14    0    0    0    0    0    0    0    0   12    0   14    0  
   0    0   13    0   15    0   15    0    0    0    0   12   15    0    0  
   0    0    0   16   12   15    0    0    0    0    0   12    0   13    0  
   0   15    0    0    0    0    0    0    0    0   14   13    0   15   16  
   0    0    0    0    0   19    0    0   22    0   22   19    0   23    0  
  23   22   26    0    0   22    0   21    0    0    0    0    0    0    0  
  22   20    0    0    0   20    0    0   26    0   22    0    0    0    0  
  24    0    0   28   25    0   28    0    0    0    0   31    0    0    0  
   0   36    0    0    0    0    0    0    0   34   32   29    0   37    0  
  40    0   39    0    0    0    0    0   41    0   31    0    0    0   37  
   0    0   32    0    0    0    0    0   40    0   38   39    0   41    0  
   0   44    0    0   37    0    0    0   40    0   37    0    0    0   46  
   0    0    0    0   52    0    0   39   48   47    0    0    0   41    0  
  41    0   47    0   54   47    0    0    0    0    0    0   43    0    0  
   0   59    0    0   47    0   53    0    0    0   59    0    0   61    0  
   0    0    0    0   50    0   52    0    0   47   61    0    0    0   49  
   0   65   61    0    0   57    0    0   57    0    0    0   67    0    0  
  50    0    0   54   53    0    0    0   52    0    0    0   54    0    0  
   0    0   59    0    0    0   60    0   67    0    0   59   60    0    0  
   0    0   65   60    0    0    0    0    0   53    0    0    0   60   58  
  71    0    0   74    0    0    0    0    0    0   70   71    0    0   69  
   0   65    0    0   73   75    0    0    0    0   66   80    0    0    0  
   0   63    0   80   64    0    0    0    0   78    0    0    0    0   77  
  67   88    0   74   71    0    0    0    0    0    0    0    0    0   74  
   0   86    0    0    0    0    0    0    0   87    0   78   98    0   71  
  87    0   97    0   88    0    0    0    0    0    0    0    0   83   90  
   0    0    0   79   84  101    0    0   96    0    0    0    0    0   95  
 106   90   88    0    0    0    0    0    0    0    0   98    0    0   94  
   0   98  107    0    0    0    0    0    0  101    0    0    0   96   85  
  85    0    0    0    0  100    0    0   97    0  105    0    0  100    0  
 100    0    0  118    0  108  101    0    0    0    0  111    0    0    0  
   0   89  112    0    0    0  119   92    0    0    0    0    0  113    0  
   0   93    0    0  108    0   99    0    0    0    0  120    0   97    0  
   0    0  115    0    0  128    0    0  100    0    0    0  106   98    0  
 104  104    0    0    0    0  118    0    0  114    0    0  110    0    0  
   0    0  120  126    0    0    0  136    0  103  132    0    0    0    0  
   0    0  138  107    0    0  118    0    0    0  113  112    0    0    0  
 119  148    0    0  149    0  134    0    0    0  128    0    0    0    0  
 157  144  153    0    0    0    0  126    0    0    0  126    0    0    0  
   0    0  134    0    0  129  135    0    0    0    0  141    0  144    0  
   0    0    0    0    0  144  138    0    0    0  160    0    0  151  129  
   0    0    0    0  162    0    0  149  145  137    0    0    0    0  145  
   0    0  130  132    0    0    0    0  163    0  157  155    0    0    0  
   0    0    0  153  172    0  148    0    0  160    0  142    0    0    0  
   0    0    0  144  161    0  168  156    0    0    0  150    0    0    0  
   0    0    0  155  146    0    0    0    0    0    0  133  149  166    0  
   0    0    0  183    0  162  152  149    0    0    0  169    0    0    0  
   0    0    0    0  150  160    0  145  167    0    0    0    0  142    0  
 169  151    0    0    0    0    0    0    0  142    0    0    0  170  159  
   0  188  196    0    0    0  150  162    0    0    0    0    0    0  143  
   0    0    0    0  157    0    0    0  186    0  147  160  180    0    0  
 174    0    0    0    0  193    0    0  196    0    0  202    0  167    0  
 187  182    0    0    0    0    0    0    0  199    0  163  172    0    0  
 195    0    0    0  159  168    0  187  187    0    0    0    0    0    0  
   0    0    0    0    0  209  188    0    0  168    0    0  158    0  171  
   0  164  218    0    0    0    0  178  163    0    0    0    0    0  176  
   0  213    0  161  182    0    0  219    0    0  218    0    0    0    0  
 205    0    0    0    0    0    0    0  205    0  174    0  184  205    0  
 203    0  195    0  178    0    0    0    0    0    0  189  215    0    0  
 178    0    0    0  235  196    0    0    0  207    0  185    0    0    0  
 224    0    0    0  187    0    0  215  196  205    0    0    0    0    0  
 242  183    0  221    0    0    0    0  238    0    0    0    0    0  175  
   0  212  219  248    0  246    0    0    0    0  185    0    0    0    0  
   0  206    0    0  220  192    0    0    0  192    0    0  202    0    0  
 221    0    0    0  240    0    0    0    0  251  251    0    0    0  227  
   0  183  206    0    0    0  248  196    0    0    0    0    0    0  249  
 199    0  200    0    0    0    0    0    0    0  209  192    0    0  238  
   0  203    0    0    0    0    0  236    0    0  189  261  213    0    0  
 227    0  254    0    0    0  192    0    0    0    0  200  224    0    0  
 257    0    0  222    0    0    0  263  199    0    0    0  216    0    0  
   0    0    0    0    0  205  238  235    0    0    0    0    0  223  226  
   0    0  271    0  234    0    0    0    0    0  267  259  263    0    0  
   0    0    0  277    0    0  241  259    0    0    0  241    0    0  230  
   0  260  224    0  279    0    0  274    0    0    0    0  243    0    0  
   0    0  244    0    0  260    0  267    0  233    0    0    0    0  235  
 295  289  239    0    0    0    0  267    0    0    0    0    0    0  286  
 243    0    0    0    0    0  230    0    0    0    0    0  281  293  281  
   0    0  231    0  241  273    0    0    0    0    0  257    0    0  246  
 251  236    0  297    0    0    0    0    0    0  268    0  267    0    0  
   0  228    0    0  258    0    0    0    0    0  305  242    0    0  233  
 242    0    0  230    0    0    0  232    0    0  284    0    0  236    0  
 227    0    0  297  254    0    0  244    0    0  299    0    0    0    0  
   0    0    0  273  308  292    0    0    0  302    0    0  315    0    0  
   0    0    0  260    0    0  296    0    0    0  303    0    0  303  230  
   0  326    0    0    0  295    0    0    0    0    0  277    0  308  304  
   0    0    0  300  283    0  298  276  253    0    0    0    0    0    0  
   0  319  294    0    0    0  251    0  276    0    0    0    0  321    0  
 297  330    0    0    0    0    0    0    0    0  280  298    0    0  257  
   0  294    0    0    0    0  270    0    0  332    0    0    0  313  247  
   0  276    0    0    0    0    0  312    0    0  323    0    0  304  333  
   0    0  265    0    0    0  311    0  271    0    0    0  335    0  309  
   0    0    0  294    0  316  328    0    0  264    0  330    0    0    0  
   0    0    0    0    0  275  348  295  287    0  357    0    0    0    0  
   0    0    0  324  311    0    0  274  296    0    0    0    0    0  350  
 340  344    0  316  301    0    0    0    0    0  290    0    0    0    0  
 316    0    0  274    0    0    0    0    0    0  273  292    0  356    0  
 341  349  338  334  362    0    0    0    0    0    0    0    0    0    0  ] 
 ] 
