K : 150
I : 5
C : 15
INSTANCE : 1
PREFERENCES : [    1    0    2    3    0  
   3    2    1    0    0  
   3    0    2    1    0  
   1    2    0    3    0  
   1    3    0    2    0  
   0    3    1    0    2  
   0    3    0    2    1  
   0    0    2    1    3  
   2    0    3    1    0  
   2    1    0    3    0  
   0    3    1    0    2  
   2    0    1    0    3  
   0    3    2    0    1  
   1    0    0    3    2  
   0    0    2    3    1  
   0    0    2    3    1  
   2    0    3    0    1  
   3    0    1    0    2  
   3    0    2    1    0  
   0    0    1    2    3  
   2    1    3    0    0  
   0    2    1    3    0  
   2    0    3    0    1  
   0    3    2    0    1  
   2    1    3    0    0  
   2    3    1    0    0  
   1    3    2    0    0  
   0    0    1    2    3  
   0    0    1    3    2  
   0    2    3    0    1  
   2    3    0    0    1  
   1    0    2    3    0  
   3    2    1    0    0  
   1    3    0    2    0  
   1    0    0    3    2  
   2    0    1    3    0  
   0    2    1    3    0  
   3    2    0    1    0  
   1    3    0    2    0  
   3    0    0    2    1  
   2    0    3    1    0  
   0    0    1    2    3  
   0    2    1    0    3  
   0    1    3    0    2  
   0    1    3    0    2  
   2    1    0    3    0  
   1    0    3    0    2  
   0    1    2    3    0  
   0    3    2    1    0  
   0    1    0    2    3  
   2    0    3    0    1  
   0    3    1    2    0  
   0    2    3    1    0  
   0    0    2    3    1  
   2    3    1    0    0  
   0    0    2    1    3  
   0    3    1    0    2  
   2    0    3    0    1  
   0    2    1    3    0  
   3    1    0    0    2  
   3    0    1    0    2  
   1    0    0    3    2  
   3    0    2    1    0  
   0    2    0    1    3  
   1    3    0    2    0  
   1    3    0    2    0  
   2    0    3    0    1  
   3    1    2    0    0  
   0    1    2    3    0  
   1    2    0    3    0  
   1    0    0    3    2  
   0    2    1    0    3  
   0    1    0    2    3  
   1    2    0    3    0  
   0    1    3    2    0  
   1    0    3    2    0  
   3    1    0    2    0  
   2    1    0    3    0  
   0    2    0    3    1  
   1    0    3    0    2  
   2    0    1    3    0  
   0    1    3    0    2  
   1    3    0    0    2  
   0    0    3    2    1  
   0    2    3    1    0  
   1    3    0    0    2  
   3    2    0    0    1  
   1    0    3    2    0  
   2    1    0    3    0  
   2    1    0    0    3  
   2    1    0    0    3  
   2    0    1    0    3  
   3    0    1    2    0  
   1    2    0    0    3  
   0    2    1    0    3  
   2    0    0    3    1  
   3    0    0    2    1  
   3    1    0    0    2  
   0    0    2    1    3  
   2    0    1    3    0  
   2    1    0    0    3  
   0    2    1    3    0  
   3    2    0    0    1  
   0    0    1    3    2  
   1    0    2    0    3  
   0    1    2    3    0  
   0    3    1    0    2  
   0    2    3    1    0  
   0    1    3    0    2  
   1    0    3    2    0  
   2    0    1    0    3  
   0    1    0    3    2  
   2    3    0    1    0  
   0    2    3    1    0  
   0    0    1    2    3  
   1    3    0    2    0  
   0    1    0    3    2  
   0    0    1    2    3  
   2    0    1    3    0  
   2    3    0    0    1  
   3    2    0    0    1  
   2    0    1    3    0  
   1    0    3    0    2  
   3    0    2    1    0  
   2    0    3    1    0  
   1    0    3    2    0  
   1    2    3    0    0  
   1    2    0    0    3  
   0    1    3    0    2  
   2    3    0    1    0  
   0    0    3    2    1  
   2    1    3    0    0  
   1    0    2    0    3  
   0    2    1    0    3  
   1    0    2    0    3  
   2    3    0    1    0  
   0    3    1    0    2  
   2    3    1    0    0  
   2    0    3    1    0  
   0    0    2    3    1  
   0    3    1    0    2  
   0    1    0    3    2  
   0    0    3    2    1  
   0    1    2    3    0  
   1    2    0    0    3  
   2    1    0    3    0  
   2    1    0    3    0  
   2    0    0    1    3  
   1    0    2    0    3  
   1    0    0    2    3  ] 
RESERVATION PRICES : [    6    0    7    7    0  
  10    9   11    0    0  
  15    0   13   13    0  
  15   17    0   13    0  
  19   16    0   15    0  
   0   26   23    0   24  
   0   31    0   28   26  
   0    0   28   26   34  
  29    0   34   26    0  
  34   31    0   40    0  
   0   35   33    0   37  
  41    0   41    0   42  
   0   39   42    0   36  
  43    0    0   44   37  
   0    0   50   39   42  
   0    0   51   51   54  
  53    0   58    0   57  
  52    0   53    0   42  
  57    0   61   63    0  
   0    0   50   57   68  
  58   70   70    0    0  
   0   62   66   63    0  
  59    0   72    0   74  
   0   64   74    0   84  
  77   77   83    0    0  
  78   74   86    0    0  
 102   78  103    0    0  
   0    0   98  100   79  
   0    0  111  108   93  
   0   93  115    0   90  
  93  105    0    0  106  
 104    0  105  113    0  
 104   95  118    0    0  
 122  112    0  133    0  
 114    0    0  105  103  
 121    0  112  117    0  
   0  114  116  123    0  
 139  114    0  113    0  
 117  117    0  116    0  
 110    0    0  135  106  
 114    0  110  117    0  
   0    0  116  129  128  
   0  145  148    0  155  
   0  142  150    0  147  
   0  135  159    0  128  
 142  125    0  157    0  
 135    0  129    0  139  
   0  132  139  154    0  
   0  134  137  150    0  
   0  152    0  150  137  
 178    0  183    0  173  
   0  199  177  163    0  
   0  179  191  199    0  
   0    0  200  151  151  
 172  165  165    0    0  
   0    0  207  167  186  
   0  184  204    0  194  
 198    0  216    0  161  
   0  203  177  217    0  
 218  191    0    0  171  
 200    0  204    0  233  
 206    0    0  194  182  
 234    0  224  222    0  
   0  226    0  202  231  
 197  182    0  243    0  
 188  185    0  246    0  
 237    0  230    0  211  
 243  198  224    0    0  
   0  221  238  196    0  
 253  253    0  218    0  
 244    0    0  214  231  
   0  226  230    0  226  
   0  201    0  203  203  
 260  263    0  241    0  
   0  215  216  243    0  
 214    0  235  287    0  
 276  288    0  218    0  
 246  248    0  271    0  
   0  289    0  249  291  
 276    0  286    0  290  
 264    0  235  303    0  
   0  271  240    0  292  
 268  295    0    0  277  
   0    0  286  292  281  
   0  310  275  275    0  
 306  267    0    0  296  
 277  249    0    0  310  
 247    0  305  291    0  
 272  307    0  321    0  
 241  327    0    0  252  
 281  306    0    0  307  
 281    0  333    0  271  
 305    0  330  282    0  
 306  307    0    0  285  
   0  323  277    0  304  
 327    0    0  263  313  
 274    0    0  346  330  
 308  281    0    0  331  
   0    0  349  307  273  
 363    0  359  374    0  
 378  312    0    0  336  
   0  276  340  368    0  
 375  358    0    0  295  
   0    0  367  391  393  
 329    0  402    0  372  
   0  302  328  307    0  
   0  315  300    0  301  
   0  345  377  394    0  
   0  383  390    0  396  
 320    0  302  309    0  
 411    0  393    0  397  
   0  359    0  401  368  
 392  357    0  328    0  
   0  363  329  410    0  
   0    0  388  320  409  
 422  383    0  408    0  
   0  331    0  354  319  
   0    0  421  417  396  
 326    0  394  394    0  
 317  433    0    0  378  
 421  333    0    0  419  
 429    0  377  432    0  
 404    0  384    0  386  
 449    0  456  343    0  
 349    0  389  428    0  
 381    0  400  444    0  
 389  383  427    0    0  
 400  359    0    0  414  
   0  472  465    0  476  
 392  407    0  458    0  
   0    0  390  463  428  
 479  465  462    0    0  
 446    0  394    0  441  
   0  400  492    0  416  
 484    0  378    0  386  
 472  447    0  440    0  
   0  479  490    0  449  
 462  496  464    0    0  
 419    0  476  382    0  
   0    0  449  514  409  
   0  495  490    0  416  
   0  384    0  454  380  
   0    0  421  498  506  
   0  479  463  421    0  
 498  448    0    0  460  
 440  403    0  515    0  
 453  405    0  507    0  
 512    0    0  510  464  
 440    0  467    0  478  
 516    0    0  500  537  ] 
 ] 
