K : 100
I : 5
C : 4
INSTANCE : 2
PREFERENCES : [    0    0    3    1    2  
   1    2    3    0    0  
   1    0    3    0    2  
   0    3    0    2    1  
   0    2    1    0    3  
   0    2    0    1    3  
   3    2    0    1    0  
   0    1    3    2    0  
   2    3    0    0    1  
   0    3    2    0    1  
   3    0    2    1    0  
   0    0    2    1    3  
   2    0    1    3    0  
   3    0    2    0    1  
   0    3    1    2    0  
   0    3    2    1    0  
   3    1    2    0    0  
   2    3    0    1    0  
   3    2    0    0    1  
   0    2    0    1    3  
   1    3    0    2    0  
   3    0    2    0    1  
   0    0    1    2    3  
   3    0    0    2    1  
   0    3    2    1    0  
   1    0    3    0    2  
   0    1    3    2    0  
   3    0    1    0    2  
   3    0    2    0    1  
   0    0    3    2    1  
   2    0    1    0    3  
   2    1    3    0    0  
   1    0    2    3    0  
   3    1    0    2    0  
   3    2    0    0    1  
   2    0    1    0    3  
   0    1    0    3    2  
   0    0    1    3    2  
   0    2    1    0    3  
   2    3    1    0    0  
   0    0    2    1    3  
   2    0    1    3    0  
   2    0    3    1    0  
   0    1    0    3    2  
   0    2    3    1    0  
   0    0    2    3    1  
   3    2    0    0    1  
   0    1    3    2    0  
   0    3    1    0    2  
   3    1    0    0    2  
   3    0    1    0    2  
   0    2    1    0    3  
   1    0    2    3    0  
   3    0    0    1    2  
   3    1    2    0    0  
   3    1    0    2    0  
   0    1    2    0    3  
   3    0    1    0    2  
   0    3    0    2    1  
   2    0    0    3    1  
   0    3    1    2    0  
   0    0    1    3    2  
   3    2    0    1    0  
   2    3    0    0    1  
   0    3    0    1    2  
   3    0    2    1    0  
   1    2    3    0    0  
   1    0    0    3    2  
   2    1    3    0    0  
   1    3    0    0    2  
   1    0    2    3    0  
   1    3    0    2    0  
   1    0    2    0    3  
   0    1    2    0    3  
   2    0    3    0    1  
   3    0    2    0    1  
   2    3    1    0    0  
   1    0    3    2    0  
   0    1    2    0    3  
   3    0    2    0    1  
   0    1    2    0    3  
   1    0    2    3    0  
   0    0    1    2    3  
   3    0    0    2    1  
   2    0    1    0    3  
   0    3    0    1    2  
   1    0    3    0    2  
   2    0    1    3    0  
   1    0    0    3    2  
   0    3    1    0    2  
   1    0    0    2    3  
   0    0    3    2    1  
   1    0    2    3    0  
   1    2    0    3    0  
   0    2    1    3    0  
   1    0    0    2    3  
   1    3    2    0    0  
   0    2    0    3    1  
   2    0    3    1    0  
   0    0    1    2    3  ] 
RESERVATION PRICES : [    0    0    6    5    6  
  12   14   12    0    0  
  17    0   17    0   18  
   0   19    0   16   19  
   0   21   26    0   23  
   0   26    0   26   23  
  33   26    0   33    0  
   0   38   37   31    0  
  38   41    0    0   37  
   0   44   41    0   35  
  49    0   38   47    0  
   0    0   51   46   43  
  49    0   51   50    0  
  50    0   63    0   63  
   0   65   67   56    0  
   0   62   61   67    0  
  69   53   62    0    0  
  78   75    0   74    0  
  66   70    0    0   70  
   0   69    0   88   71  
  69   82    0   89    0  
  71    0   93    0   92  
   0    0   83   93  101  
  83    0    0  101   90  
   0   91  103   85    0  
 105    0   79    0   80  
   0   96   85  101    0  
  92    0  119    0   98  
 117    0   90    0  102  
   0    0  118   97  109  
 104    0  107    0  124  
 102  129  100    0    0  
 126    0  132  111    0  
 125  136    0  111    0  
 110  118    0    0  123  
 152    0  128    0  112  
   0  142    0  151  148  
   0    0  119  132  155  
   0  138  135    0  159  
 163  126  148    0    0  
   0    0  141  161  171  
 145    0  144  148    0  
 163    0  152  132    0  
   0  150    0  152  134  
   0  179  163  150    0  
   0    0  144  158  168  
 157  168    0    0  150  
   0  174  142  180    0  
   0  186  178    0  147  
 149  177    0    0  184  
 156    0  153    0  199  
   0  187  186    0  180  
 207    0  176  204    0  
 200    0    0  187  153  
 200  159  202    0    0  
 213  200    0  189    0  
   0  171  199    0  191  
 221    0  183    0  213  
   0  185    0  172  178  
 192    0    0  170  190  
   0  189  194  205    0  
   0    0  209  222  185  
 169  219    0  181    0  
 218  202    0    0  237  
   0  243    0  242  190  
 216    0  218  236    0  
 214  210  202    0    0  
 220    0    0  241  247  
 201  222  248    0    0  
 216  233    0    0  233  
 262    0  190  239    0  
 253  250    0  254    0  
 221    0  227    0  261  
   0  259  262    0  246  
 245    0  234    0  204  
 265    0  269    0  275  
 223  281  231    0    0  
 243    0  274  280    0  
   0  277  291    0  217  
 273    0  279    0  279  
   0  288  294    0  284  
 270    0  246  222    0  
   0    0  233  286  269  
 273    0    0  274  238  
 302    0  312    0  282  
   0  238    0  313  265  
 276    0  302    0  248  
 288    0  241  240    0  
 299    0    0  293  326  
   0  246  317    0  283  
 250    0    0  318  305  
   0    0  321  333  307  
 300    0  286  277    0  
 288  278    0  282    0  
   0  322  265  275    0  
 338    0    0  305  317  
 349  272  308    0    0  
   0  324    0  269  353  
 290    0  331  324    0  
   0    0  273  351  356  ] 
 ] 
