K : 150
I : 5
C : 6
INSTANCE : 4
PREFERENCES : [    3    0    1    2    0  
   1    0    2    3    0  
   0    3    2    0    1  
   1    2    0    0    3  
   3    0    1    2    0  
   0    3    2    1    0  
   3    2    0    1    0  
   1    0    3    2    0  
   0    2    3    1    0  
   0    2    1    0    3  
   2    0    1    0    3  
   0    1    2    0    3  
   0    0    1    2    3  
   1    3    0    0    2  
   0    0    2    3    1  
   0    1    3    2    0  
   3    0    2    0    1  
   0    1    3    0    2  
   2    0    1    0    3  
   2    0    1    3    0  
   2    0    0    3    1  
   1    0    2    3    0  
   1    0    2    0    3  
   1    0    0    3    2  
   3    0    2    1    0  
   0    3    1    2    0  
   0    0    2    3    1  
   2    1    0    0    3  
   0    3    2    0    1  
   0    2    1    3    0  
   0    3    0    1    2  
   0    1    3    2    0  
   0    1    3    2    0  
   0    2    1    0    3  
   0    3    0    1    2  
   2    0    1    3    0  
   1    0    2    0    3  
   3    0    2    0    1  
   2    3    0    0    1  
   3    1    0    2    0  
   0    0    1    3    2  
   0    1    2    0    3  
   3    0    2    1    0  
   0    3    1    0    2  
   1    2    3    0    0  
   0    0    2    3    1  
   2    1    0    3    0  
   0    1    2    3    0  
   1    0    0    2    3  
   2    0    0    1    3  
   0    3    0    1    2  
   3    0    0    2    1  
   2    3    0    0    1  
   1    2    3    0    0  
   0    3    2    0    1  
   3    1    0    2    0  
   0    2    3    0    1  
   1    2    3    0    0  
   2    3    0    1    0  
   0    1    0    2    3  
   0    3    2    1    0  
   1    0    2    0    3  
   0    1    2    3    0  
   0    1    3    0    2  
   0    2    3    1    0  
   1    0    2    0    3  
   0    3    1    2    0  
   0    1    3    0    2  
   0    0    3    1    2  
   0    1    2    3    0  
   3    0    1    2    0  
   0    1    0    3    2  
   0    0    3    2    1  
   1    0    0    3    2  
   0    2    0    1    3  
   3    1    2    0    0  
   0    3    1    2    0  
   3    1    0    2    0  
   2    1    0    3    0  
   0    3    0    2    1  
   0    3    1    2    0  
   0    2    0    1    3  
   0    0    3    2    1  
   1    2    0    3    0  
   3    0    1    2    0  
   3    0    1    0    2  
   1    0    0    3    2  
   3    2    0    0    1  
   0    3    1    0    2  
   0    0    1    2    3  
   1    0    0    3    2  
   3    1    0    0    2  
   0    1    2    0    3  
   2    1    0    0    3  
   1    0    3    2    0  
   0    1    0    2    3  
   1    0    0    3    2  
   0    2    0    3    1  
   3    0    0    1    2  
   0    2    3    0    1  
   1    3    0    0    2  
   2    1    0    3    0  
   1    2    0    0    3  
   3    1    0    2    0  
   0    0    3    1    2  
   3    0    1    2    0  
   0    0    1    3    2  
   2    0    0    1    3  
   1    3    2    0    0  
   2    0    0    1    3  
   1    3    0    0    2  
   0    3    1    2    0  
   0    0    3    2    1  
   1    0    0    3    2  
   3    2    1    0    0  
   0    2    1    3    0  
   1    0    3    0    2  
   3    2    0    1    0  
   0    3    1    0    2  
   2    1    0    3    0  
   1    0    2    0    3  
   0    1    0    3    2  
   0    0    1    3    2  
   0    2    3    0    1  
   0    0    3    2    1  
   2    3    1    0    0  
   3    2    0    1    0  
   3    0    0    1    2  
   0    2    1    0    3  
   0    0    1    2    3  
   2    0    0    3    1  
   3    0    2    0    1  
   3    1    2    0    0  
   3    2    1    0    0  
   1    0    2    3    0  
   1    2    0    3    0  
   1    3    0    2    0  
   0    2    3    1    0  
   3    2    1    0    0  
   0    3    0    1    2  
   0    3    1    0    2  
   0    0    1    2    3  
   2    1    3    0    0  
   0    0    2    3    1  
   2    0    1    3    0  
   0    1    2    3    0  
   2    0    1    3    0  
   0    0    3    2    1  
   0    1    2    3    0  
   3    0    1    2    0  ] 
RESERVATION PRICES : [    6    0    6    6    0  
  10    0   10   11    0  
   0   13   15    0   12  
  21   17    0    0   17  
  26    0   21   23    0  
   0   31   25   27    0  
  32   28    0   34    0  
  38    0   36   29    0  
   0   37   35   40    0  
   0   44   41    0   34  
  39    0   48    0   38  
   0   49   44    0   52  
   0    0   54   57   60  
  49   64    0    0   50  
   0    0   63   52   64  
   0   66   60   71    0  
  70    0   69    0   57  
   0   65   82    0   61  
  82    0   71    0   79  
  81    0   89   72    0  
  85    0    0   92   77  
  92    0   89   84    0  
  89    0   88    0   86  
  78    0    0   99   79  
  87    0  102   83    0  
   0  113   89   98    0  
   0    0   91  116  109  
 105  111    0    0   96  
   0  101  111    0  113  
   0  107  107  116    0  
   0  116    0  100  106  
   0  132  104  124    0  
   0  107  116  100    0  
   0  110  117    0  122  
   0  126    0  124  117  
 115    0  134  122    0  
 136    0  112    0  141  
 146    0  114    0  118  
 134  155    0    0  156  
 121  132    0  140    0  
   0    0  139  132  120  
   0  163  121    0  164  
 126    0  153  146    0  
   0  172  156    0  168  
 148  171  153    0    0  
   0    0  150  172  140  
 176  142    0  151    0  
   0  137  183  179    0  
 144    0    0  190  168  
 144    0    0  165  192  
   0  158    0  142  189  
 184    0    0  183  187  
 155  187    0    0  208  
 164  155  182    0    0  
   0  164  164    0  178  
 184  193    0  206    0  
   0  194  164    0  192  
 208  186  205    0    0  
 167  172    0  197    0  
   0  167    0  170  172  
   0  177  185  180    0  
 178    0  174    0  225  
   0  241  190  214    0  
   0  246  182    0  216  
   0  201  246  209    0  
 202    0  244    0  192  
   0  253  190  239    0  
   0  209  214    0  260  
   0    0  260  230  243  
   0  193  221  232    0  
 220    0  205  200    0  
   0  257    0  210  258  
   0    0  217  244  245  
 259    0    0  255  202  
   0  233    0  219  238  
 278  221  253    0    0  
   0  272  283  287    0  
 285  246    0  248    0  
 276  263    0  298    0  
   0  263    0  250  274  
   0  247  246  301    0  
   0  303    0  287  228  
   0    0  236  301  233  
 266  286    0  258    0  
 274    0  276  310    0  
 268    0  323    0  288  
 260    0    0  237  245  
 333  271    0    0  240  
   0  312  256    0  269  
   0    0  279  272  279  
 275    0    0  295  341  
 282  341    0    0  264  
   0  253  343    0  337  
 266  348    0    0  267  
 292    0  272  281    0  
   0  355    0  313  326  
 323    0    0  360  338  
   0  273    0  268  277  
 312    0    0  272  365  
   0  349  331    0  321  
 275  335    0    0  355  
 355  357    0  329    0  
 321  288    0    0  360  
 318  346    0  315    0  
   0    0  352  350  388  
 330    0  324  377    0  
   0    0  314  323  318  
 376    0    0  402  318  
 353  293  379    0    0  
 380    0    0  317  319  
 327  361    0    0  350  
   0  380  331  305    0  
   0    0  376  418  401  
 366    0    0  379  401  
 425  379  410    0    0  
   0  428  333  411    0  
 434    0  317    0  354  
 372  338    0  356    0  
   0  342  387    0  388  
 372  419    0  434    0  
 365    0  445    0  375  
   0  449    0  332  374  
   0    0  423  371  441  
   0  389  390    0  409  
   0    0  455  400  376  
 472  414  451    0    0  
 398  430    0  443    0  
 422    0    0  427  348  
   0  369  368    0  460  
   0    0  474  434  432  
 403    0    0  450  421  
 416    0  485    0  357  
 439  454  454    0    0  
 375  421  466    0    0  
 391    0  373  379    0  
 377  390    0  466    0  
 508  387    0  490    0  
   0  514  384  516    0  
 512  479  517    0    0  
   0  432    0  490  435  
   0  432  417    0  431  
   0    0  526  422  492  
 452  477  433    0    0  
   0    0  411  527  517  
 506    0  479  533    0  
   0  509  477  441    0  
 515    0  509  448    0  
   0    0  515  401  552  
   0  402  542  416    0  
 491    0  419  413    0  ] 
 ] 
