K : 50
I : 5
C : 10
INSTANCE : 1
PREFERENCES : [    0    3    2    0    1  
   3    0    1    2    0  
   1    0    0    3    2  
   0    2    1    3    0  
   1    3    0    2    0  
   3    0    2    1    0  
   0    1    3    0    2  
   3    1    0    0    2  
   1    3    0    0    2  
   0    3    2    0    1  
   3    1    2    0    0  
   1    3    0    0    2  
   1    3    2    0    0  
   0    2    3    1    0  
   2    1    0    0    3  
   1    2    0    3    0  
   3    0    1    2    0  
   0    2    1    0    3  
   3    2    0    0    1  
   2    1    0    3    0  
   0    1    0    3    2  
   0    3    2    0    1  
   0    3    0    2    1  
   0    0    3    1    2  
   0    0    3    1    2  
   3    0    2    0    1  
   0    1    3    0    2  
   2    0    3    0    1  
   1    0    2    0    3  
   1    3    0    2    0  
   0    3    2    0    1  
   2    1    0    0    3  
   2    0    3    1    0  
   3    0    2    1    0  
   1    0    0    2    3  
   1    2    0    0    3  
   0    2    3    0    1  
   0    1    0    3    2  
   0    3    1    2    0  
   2    0    1    0    3  
   0    1    0    3    2  
   1    3    0    0    2  
   3    2    1    0    0  
   0    3    1    0    2  
   3    1    2    0    0  
   2    1    0    0    3  
   2    0    0    1    3  
   0    3    1    0    2  
   0    3    0    2    1  
   0    2    0    1    3  ] 
RESERVATION PRICES : [    0    6    6    0    7  
   7    0    7    6    0  
  12    0    0   12   12  
   0   16   18   14    0  
  16   17    0   20    0  
  25    0   22   23    0  
   0   24   23    0   27  
  32   24    0    0   30  
  26   32    0    0   31  
   0   36   32    0   33  
  42   41   44    0    0  
  36   33    0    0   39  
  48   44   37    0    0  
   0   46   47   40    0  
  43   55    0    0   50  
  57   58    0   49    0  
  62    0   51   63    0  
   0   70   59    0   72  
  70   76    0    0   57  
  82   71    0   82    0  
   0   69    0   73   65  
   0   89   84    0   71  
   0   88    0   67   76  
   0    0   83   78   96  
   0    0   90   76   86  
 106    0   79    0   86  
   0   98   92    0  104  
 107    0  114    0   92  
 118    0  104    0  108  
 117   98    0  109    0  
   0  127  129    0  114  
 100  123    0    0  109  
 129    0  103  135    0  
 104    0  128  107    0  
 117    0    0  135  130  
 127  131    0    0  129  
   0  134  126    0  142  
   0  116    0  130  145  
   0  141  132  115    0  
 150    0  155    0  132  
   0  154    0  144  148  
 126  163    0    0  131  
 156  155  134    0    0  
   0  130  160    0  125  
 142  151  130    0    0  
 129  154    0    0  133  
 164    0    0  165  168  
   0  162  145    0  139  
   0  177    0  183  152  
   0  143    0  181  136  ] 
 ] 
