K : 150
I : 15
C : 15
INSTANCE : 5
PREFERENCES : [    0    0    5    1    0    0    0    0    0    3    0    0    2    4    0  
   0    2    5    4    1    0    0    0    0    0    0    0    0    3    0  
   3    0    0    4    0    0    0    0    0    1    2    0    0    5    0  
   0    3    0    0    5    2    0    1    0    0    0    0    4    0    0  
   0    0    0    5    0    0    0    1    2    0    3    4    0    0    0  
   4    0    2    0    0    0    3    0    0    0    1    0    5    0    0  
   4    5    3    0    0    0    0    0    2    0    0    0    1    0    0  
   2    0    0    3    0    0    0    1    0    5    0    0    0    4    0  
   0    2    0    0    0    1    5    0    0    0    0    4    3    0    0  
   5    0    0    0    2    0    1    4    0    0    0    0    0    3    0  
   0    4    0    0    0    0    0    0    5    1    0    3    2    0    0  
   0    0    0    4    0    0    0    0    0    0    0    3    1    2    5  
   0    0    1    0    3    5    0    0    0    0    0    0    0    4    2  
   0    2    5    0    0    4    0    0    0    0    3    0    0    0    1  
   1    0    0    0    3    0    0    0    0    4    0    2    0    0    5  
   2    0    0    0    0    0    1    0    4    0    0    3    5    0    0  
   0    3    0    0    0    5    0    0    0    0    4    1    2    0    0  
   0    0    2    0    0    3    0    5    0    0    1    0    0    0    4  
   0    0    4    0    2    3    0    0    0    0    0    0    1    5    0  
   3    0    1    0    0    2    4    5    0    0    0    0    0    0    0  
   4    0    3    0    0    0    0    0    2    1    5    0    0    0    0  
   1    0    0    0    0    0    0    0    2    3    0    0    4    0    5  
   0    0    3    0    4    0    0    0    0    0    0    2    0    5    1  
   2    3    0    0    0    0    4    0    0    1    0    0    0    5    0  
   0    0    3    0    0    2    4    0    0    0    0    5    1    0    0  
   1    0    0    0    0    0    0    4    5    0    0    2    0    0    3  
   3    0    0    4    0    0    5    1    0    0    0    2    0    0    0  
   2    0    0    0    0    0    5    1    0    0    0    0    3    4    0  
   0    0    0    0    0    0    0    2    5    4    0    3    1    0    0  
   0    3    1    0    2    0    5    0    0    0    4    0    0    0    0  
   2    0    5    4    0    0    1    0    0    0    0    3    0    0    0  
   0    2    0    0    5    0    0    0    0    0    3    1    0    0    4  
   1    0    0    5    0    4    0    0    2    0    0    0    0    0    3  
   4    0    0    0    0    0    3    1    0    2    5    0    0    0    0  
   0    3    5    0    0    0    0    0    0    0    1    0    4    0    2  
   1    5    0    0    0    0    0    0    0    3    0    0    2    4    0  
   3    1    0    0    0    5    0    0    0    0    0    0    2    4    0  
   0    0    0    2    3    0    0    0    0    0    0    4    1    0    5  
   0    4    0    0    3    0    5    0    0    2    0    1    0    0    0  
   0    0    4    5    1    0    0    0    0    0    0    3    0    2    0  
   0    0    0    2    5    0    0    0    0    0    3    4    0    1    0  
   1    0    0    0    0    0    3    5    0    0    0    0    4    0    2  
   0    0    0    1    0    0    5    4    0    3    0    0    0    2    0  
   0    2    0    0    0    4    0    0    5    0    3    0    0    1    0  
   0    0    0    1    0    0    0    0    4    5    3    0    0    2    0  
   0    3    0    0    0    2    0    4    0    0    1    5    0    0    0  
   0    0    5    0    2    0    0    1    0    0    3    4    0    0    0  
   1    0    0    0    2    0    0    0    3    0    4    5    0    0    0  
   0    0    3    0    0    1    4    0    2    5    0    0    0    0    0  
   0    0    0    0    2    3    1    0    0    5    0    0    0    4    0  
   0    5    0    0    0    0    2    0    1    3    0    0    0    0    4  
   4    0    0    0    0    5    0    1    0    0    0    3    2    0    0  
   0    0    0    0    3    5    0    2    0    0    0    0    0    4    1  
   2    0    1    0    5    3    0    0    0    4    0    0    0    0    0  
   0    3    0    0    2    0    4    0    0    1    0    0    5    0    0  
   0    0    0    0    0    0    0    0    4    5    0    3    2    0    1  
   0    0    0    0    0    5    2    1    0    4    0    0    0    3    0  
   1    0    0    0    0    0    0    3    0    0    0    5    2    4    0  
   5    0    0    1    0    0    0    3    0    0    4    2    0    0    0  
   0    1    0    0    2    0    3    4    0    0    0    0    0    5    0  
   1    3    0    0    2    0    0    5    0    0    0    4    0    0    0  
   0    0    1    0    0    0    0    0    3    0    2    4    5    0    0  
   0    0    4    5    0    0    0    2    0    3    0    0    0    1    0  
   4    0    0    0    0    5    0    0    2    1    0    3    0    0    0  
   0    0    0    3    0    0    2    5    0    0    0    0    4    1    0  
   0    0    0    0    0    0    5    4    0    3    0    2    1    0    0  
   2    0    0    0    5    0    4    0    0    3    0    0    0    0    1  
   0    0    1    0    5    0    0    0    3    0    0    0    4    2    0  
   0    4    0    5    0    0    0    0    1    3    0    0    2    0    0  
   4    2    0    0    0    0    1    3    0    0    0    5    0    0    0  
   0    0    0    0    1    4    0    0    3    0    0    5    0    2    0  
   0    0    0    0    0    0    0    1    2    0    3    0    0    4    5  
   0    0    3    0    1    0    0    0    4    2    0    5    0    0    0  
   0    0    0    0    0    0    5    4    1    2    0    0    0    0    3  
   0    5    0    0    0    0    3    2    0    1    0    4    0    0    0  
   0    0    0    0    5    0    0    2    3    0    0    0    4    1    0  
   0    1    4    0    0    2    5    0    0    0    0    0    3    0    0  
   0    5    0    0    0    0    0    0    0    3    0    1    2    4    0  
   3    0    0    1    0    0    0    0    2    4    0    0    5    0    0  
   4    3    5    0    0    0    0    0    0    2    1    0    0    0    0  
   3    0    0    0    0    0    1    0    0    0    2    0    0    5    4  
   3    0    0    0    5    0    0    2    0    0    0    4    1    0    0  
   5    0    0    0    0    3    0    4    0    0    0    0    2    1    0  
   0    0    0    0    2    4    0    0    5    0    0    3    0    1    0  
   0    1    5    4    0    3    0    0    0    0    0    0    2    0    0  
   2    0    1    5    0    3    0    0    0    4    0    0    0    0    0  
   0    0    3    4    2    0    0    1    0    0    0    0    5    0    0  
   0    0    2    4    3    0    0    0    0    0    5    0    1    0    0  
   5    0    0    0    3    0    0    0    4    2    0    0    1    0    0  
   0    2    5    0    0    3    1    0    0    0    0    0    0    4    0  
   0    0    0    1    0    0    4    0    0    5    0    0    0    3    2  
   0    5    0    0    0    0    1    2    0    0    0    0    3    0    4  
   3    4    0    0    0    0    5    0    0    0    0    0    0    2    1  
   0    0    0    0    0    0    5    0    0    0    0    1    4    2    3  
   0    0    1    2    3    0    0    4    0    0    0    0    0    0    5  
   4    0    5    1    0    0    0    0    0    0    0    0    0    2    3  
   0    0    0    0    0    0    4    1    3    0    2    5    0    0    0  
   0    0    0    0    0    1    0    2    5    3    0    0    4    0    0  
   0    1    0    5    4    2    0    3    0    0    0    0    0    0    0  
   0    0    0    0    0    0    0    5    3    0    4    0    0    1    2  
   0    0    0    0    0    0    0    0    2    0    1    0    3    5    4  
   0    0    4    1    3    0    0    0    0    0    5    2    0    0    0  
   0    5    0    3    0    1    2    0    0    0    0    4    0    0    0  
   3    0    4    0    0    2    1    5    0    0    0    0    0    0    0  
   0    0    0    4    0    3    1    0    0    0    0    5    2    0    0  
   0    0    0    0    0    0    0    1    4    0    2    0    0    3    5  
   0    0    0    2    3    0    0    5    0    1    4    0    0    0    0  
   0    0    1    5    0    0    4    0    3    2    0    0    0    0    0  
   0    0    0    2    5    0    3    0    0    0    4    0    0    1    0  
   1    0    2    3    0    5    0    0    0    4    0    0    0    0    0  
   0    5    0    2    3    0    0    0    0    4    0    0    0    1    0  
   0    3    4    0    5    0    0    0    0    0    0    0    0    1    2  
   0    0    4    1    0    0    0    5    0    0    3    2    0    0    0  
   0    0    0    0    0    0    0    0    0    3    2    0    4    5    1  
   3    0    1    4    0    2    0    0    0    0    5    0    0    0    0  
   0    0    3    0    4    5    0    2    1    0    0    0    0    0    0  
   0    5    0    0    0    1    2    4    3    0    0    0    0    0    0  
   3    0    0    5    0    0    0    0    2    0    1    0    4    0    0  
   0    2    3    0    0    0    0    5    1    4    0    0    0    0    0  
   0    0    3    0    0    0    0    0    4    0    0    5    1    2    0  
   0    5    0    1    0    0    0    0    0    0    2    0    4    0    3  
   0    0    0    5    0    3    4    0    0    0    0    0    2    0    1  
   0    0    0    5    0    3    4    0    0    1    0    0    2    0    0  
   0    0    0    0    0    0    1    2    0    0    4    0    0    5    3  
   1    5    0    0    0    3    0    0    4    2    0    0    0    0    0  
   0    3    0    2    0    0    0    0    5    0    4    0    1    0    0  
   5    0    0    0    3    0    0    1    0    0    0    4    0    2    0  
   0    2    5    0    1    0    0    0    0    0    0    0    3    4    0  
   2    0    0    0    0    0    0    4    0    3    0    0    0    5    1  
   0    2    0    3    0    4    0    0    1    0    0    0    0    5    0  
   0    0    2    5    0    3    0    0    0    4    0    1    0    0    0  
   0    0    4    3    0    0    1    0    5    0    0    0    2    0    0  
   0    1    2    0    0    0    0    5    3    0    0    0    4    0    0  
   0    3    0    0    2    0    0    1    0    0    4    5    0    0    0  
   0    2    0    0    0    3    5    0    0    1    0    0    4    0    0  
   0    0    0    0    2    0    5    1    4    0    0    0    3    0    0  
   1    0    2    0    0    0    4    5    3    0    0    0    0    0    0  
   0    0    4    2    3    5    0    0    0    0    0    0    1    0    0  
   0    2    0    0    0    0    1    0    5    0    3    4    0    0    0  
   5    0    0    0    0    3    0    0    1    0    2    0    4    0    0  
   0    0    4    0    0    0    3    2    0    0    0    0    0    1    5  
   0    0    0    4    0    0    1    0    2    0    0    0    5    3    0  
   1    5    0    0    0    0    3    2    0    0    0    0    4    0    0  
   0    0    0    4    0    0    0    3    0    2    0    5    0    1    0  
   0    0    3    0    1    0    0    0    5    2    0    0    0    4    0  
   5    3    0    2    0    4    0    0    0    0    0    1    0    0    0  
   3    0    0    0    0    4    1    5    2    0    0    0    0    0    0  
   2    3    0    0    0    1    0    0    0    4    0    0    5    0    0  
   2    1    0    0    0    0    4    0    0    0    3    5    0    0    0  
   0    2    5    0    0    0    0    0    0    4    1    0    0    3    0  ] 
RESERVATION PRICES : [    0    0    6    5    0    0    0    0    0    6    0    0    5    6    0  
   0   12   11   13   10    0    0    0    0    0    0    0    0   10    0  
  13    0    0   16    0    0    0    0    0   14   15    0    0   15    0  
   0   23    0    0   22   20    0   22    0    0    0    0   19    0    0  
   0    0    0   20    0    0    0   20   26    0   21   22    0    0    0  
  28    0   24    0    0    0   23    0    0    0   30    0   27    0    0  
  27   22   26    0    0    0    0    0   22    0    0    0   25    0    0  
  23    0    0   23    0    0    0   26    0   30    0    0    0   30    0  
   0   35    0    0    0   28   35    0    0    0    0   37   32    0    0  
  42    0    0    0   38    0   39   35    0    0    0    0    0   34    0  
   0   41    0    0    0    0    0    0   44   37    0   44   46    0    0  
   0    0    0   41    0    0    0    0    0    0    0   34   39   37   39  
   0    0   47    0   43   45    0    0    0    0    0    0    0   41   38  
   0   39   44    0    0   47    0    0    0    0   53    0    0    0   53  
  48    0    0    0   53    0    0    0    0   45    0   48    0    0   58  
  49    0    0    0    0    0   59    0   49    0    0   58   52    0    0  
   0   51    0    0    0   58    0    0    0    0   54   64   56    0    0  
   0    0   67    0    0   62    0   60    0    0   61    0    0    0   70  
   0    0   53    0   70   52    0    0    0    0    0    0   53   62    0  
  53    0   62    0    0   68   71   67    0    0    0    0    0    0    0  
  76    0   68    0    0    0    0    0   64   59   61    0    0    0    0  
  68    0    0    0    0    0    0    0   61   78    0    0   59    0   73  
   0    0   75    0   64    0    0    0    0    0    0   59    0   69   80  
  62   66    0    0    0    0   61    0    0   63    0    0    0   75    0  
   0    0   83    0    0   76   84    0    0    0    0   65   70    0    0  
  85    0    0    0    0    0    0   76   68    0    0   90    0    0   75  
  90    0    0   78    0    0   73   88    0    0    0   71    0    0    0  
  85    0    0    0    0    0   82   90    0    0    0    0   92   83    0  
   0    0    0    0    0    0    0  102   87   78    0  104   94    0    0  
   0  106   92    0  102    0   94    0    0    0   84    0    0    0    0  
 104    0   93  101    0    0   86    0    0    0    0   88    0    0    0  
   0  107    0    0  115    0    0    0    0    0  109  112    0    0   94  
 111    0    0   92    0  105    0    0   97    0    0    0    0    0   97  
 103    0    0    0    0    0  107   92    0   89  102    0    0    0    0  
   0  125  122    0    0    0    0    0    0    0  102    0  115    0  107  
 130  126    0    0    0    0    0    0    0  109    0    0  132  104    0  
 131  121    0    0    0  138    0    0    0    0    0    0  138  120    0  
   0    0    0  106  132    0    0    0    0    0    0  108  130    0  120  
   0  135    0    0  141    0  120    0    0  124    0  128    0    0    0  
   0    0  135  144  147    0    0    0    0    0    0  116    0  128    0  
   0    0    0  144  141    0    0    0    0    0  142  152    0  136    0  
 162    0    0    0    0    0  127  125    0    0    0    0  138    0  141  
   0    0    0  138    0    0  124  150    0  138    0    0    0  160    0  
   0  166    0    0    0  151    0    0  167    0  161    0    0  166    0  
   0    0    0  152    0    0    0    0  167  173  177    0    0  150    0  
   0  130    0    0    0  141    0  171    0    0  174  168    0    0    0  
   0    0  175    0  168    0    0  150    0    0  145  166    0    0    0  
 188    0    0    0  169    0    0    0  143    0  136  160    0    0    0  
   0    0  147    0    0  189  173    0  147  157    0    0    0    0    0  
   0    0    0    0  181  169  143    0    0  171    0    0    0  189    0  
   0  186    0    0    0    0  179    0  167  162    0    0    0    0  198  
 198    0    0    0    0  182    0  174    0    0    0  202  155    0    0  
   0    0    0    0  193  208    0  181    0    0    0    0    0  171  165  
 165    0  199    0  197  202    0    0    0  175    0    0    0    0    0  
   0  183    0    0  159    0  211    0    0  156    0    0  163    0    0  
   0    0    0    0    0    0    0    0  217  171    0  196  175    0  172  
   0    0    0    0    0  172  207  174    0  159    0    0    0  180    0  
 174    0    0    0    0    0    0  202    0    0    0  189  223  164    0  
 203    0    0  230    0    0    0  194    0    0  216  179    0    0    0  
   0  201    0    0  228    0  183  220    0    0    0    0    0  215    0  
 230  196    0    0  170    0    0  219    0    0    0  181    0    0    0  
   0    0  240    0    0    0    0    0  177    0  230  228  179    0    0  
   0    0  203  240    0    0    0  235    0  239    0    0    0  216    0  
 181    0    0    0    0  225    0    0  234  205    0  193    0    0    0  
   0    0    0  179    0    0  235  195    0    0    0    0  184  247    0  
   0    0    0    0    0    0  216  235    0  198    0  233  248    0    0  
 222    0    0    0  243    0  235    0    0  226    0    0    0    0  261  
   0    0  253    0  223    0    0    0  191    0    0    0  253  227    0  
   0  201    0  198    0    0    0    0  261  267    0    0  205    0    0  
 207  198    0    0    0    0  263  199    0    0    0  246    0    0    0  
   0    0    0    0  273  212    0    0  236    0    0  243    0  231    0  
   0    0    0    0    0    0    0  217  209    0  221    0    0  237  205  
   0    0  211    0  255    0    0    0  232  260    0  253    0    0    0  
   0    0    0    0    0    0  249  229  219  244    0    0    0    0  258  
   0  275    0    0    0    0  295  281    0  222    0  262    0    0    0  
   0    0    0    0  255    0    0  261  291    0    0    0  297  257    0  
   0  275  257    0    0  231  285    0    0    0    0    0  269    0    0  
   0  271    0    0    0    0    0    0    0  309    0  288  303  274    0  
 298    0    0  300    0    0    0    0  306  234    0    0  259    0    0  
 258  273  259    0    0    0    0    0    0  303  270    0    0    0    0  
 271    0    0    0    0    0  239    0    0    0  271    0    0  315  247  
 261    0    0    0  325    0    0  278    0    0    0  243  277    0    0  
 258    0    0    0    0  296    0  331    0    0    0    0  320  254    0  
   0    0    0    0  261  317    0    0  311    0    0  253    0  305    0  
   0  300  337  286    0  284    0    0    0    0    0    0  305    0    0  
 274    0  258  263    0  280    0    0    0  289    0    0    0    0    0  
   0    0  311  346  258    0    0  282    0    0    0    0  271    0    0  
   0    0  270  345  289    0    0    0    0    0  284    0  282    0    0  
 322    0    0    0  357    0    0    0  315  325    0    0  267    0    0  
   0  318  355    0    0  265  363    0    0    0    0    0    0  276    0  
   0    0    0  306    0    0  346    0    0  300    0    0    0  348  343  
   0  268    0    0    0    0  262  331    0    0    0    0  336    0  269  
 305  358    0    0    0    0  279    0    0    0    0    0    0  296  359  
   0    0    0    0    0    0  291    0    0    0    0  337  364  320  377  
   0    0  280  331  334    0    0  323    0    0    0    0    0    0  313  
 329    0  276  336    0    0    0    0    0    0    0    0    0  378  363  
   0    0    0    0    0    0  298  298  320    0  308  349    0    0    0  
   0    0    0    0    0  287    0  374  384  314    0    0  356    0    0  
   0  286    0  302  305  307    0  366    0    0    0    0    0    0    0  
   0    0    0    0    0    0    0  394  326    0  300    0    0  375  388  
   0    0    0    0    0    0    0    0  331    0  320    0  312  321  314  
   0    0  377  296  405    0    0    0    0    0  382  322    0    0    0  
   0  344    0  341    0  304  395    0    0    0    0  373    0    0    0  
 349    0  386    0    0  343  370  384    0    0    0    0    0    0    0  
   0    0    0  369    0  376  324    0    0    0    0  298  402    0    0  
   0    0    0    0    0    0    0  319  417    0  314    0    0  355  323  
   0    0    0  408  406    0    0  401    0  360  415    0    0    0    0  
   0    0  389  415    0    0  421    0  381  413    0    0    0    0    0  
   0    0    0  399  308    0  412    0    0    0  414    0    0  395    0  
 329    0  327  404    0  376    0    0    0  341    0    0    0    0    0  
   0  378    0  404  374    0    0    0    0  372    0    0    0  430    0  
   0  421  313    0  409    0    0    0    0    0    0    0    0  410  415  
   0    0  412  360    0    0    0  339    0    0  410  332    0    0    0  
   0    0    0    0    0    0    0    0    0  347  366    0  404  370  398  
 338    0  421  367    0  356    0    0    0    0  424    0    0    0    0  
   0    0  403    0  404  371    0  331  360    0    0    0    0    0    0  
   0  414    0    0    0  442  355  365  350    0    0    0    0    0    0  
 404    0    0  445    0    0    0    0  333    0  407    0  355    0    0  
   0  371  404    0    0    0    0  381  334  417    0    0    0    0    0  
   0    0  387    0    0    0    0    0  453    0    0  345  426  336    0  
   0  432    0  458    0    0    0    0    0    0  367    0  448    0  367  
   0    0    0  427    0  456  345    0    0    0    0    0  366    0  354  
   0    0    0  423    0  381  406    0    0  354    0    0  453    0    0  
   0    0    0    0    0    0  418  368    0    0  355    0    0  461  435  
 430  469    0    0    0  371    0    0  397  416    0    0    0    0    0  
   0  369    0  435    0    0    0    0  410    0  373    0  440    0    0  
 356    0    0    0  422    0    0  362    0    0    0  392    0  449    0  
   0  379  388    0  360    0    0    0    0    0    0    0  450  419    0  
 465    0    0    0    0    0    0  381    0  426    0    0    0  362  468  
   0  490    0  354    0  367    0    0  428    0    0    0    0  431    0  
   0    0  436  364    0  406    0    0    0  447    0  463    0    0    0  
   0    0  456  432    0    0  439    0  411    0    0    0  472    0    0  
   0  411  444    0    0    0    0  501  475    0    0    0  378    0    0  
   0  489    0    0  437    0    0  442    0    0  405  407    0    0    0  
   0  422    0    0    0  427  426    0    0  403    0    0  503    0    0  
   0    0    0    0  476    0  385  391  473    0    0    0  442    0    0  
 381    0  412    0    0    0  409  467  434    0    0    0    0    0    0  
   0    0  371  410  403  405    0    0    0    0    0    0  399    0    0  
   0  403    0    0    0    0  382    0  397    0  505  389    0    0    0  
 491    0    0    0    0  396    0    0  472    0  485    0  420    0    0  
   0    0  473    0    0    0  393  398    0    0    0    0    0  468  509  
   0    0    0  447    0    0  507    0  502    0    0    0  385  428    0  
 421  409    0    0    0    0  411  499    0    0    0    0  436    0    0  
   0    0    0  419    0    0    0  501    0  450    0  526    0  427    0  
   0    0  422    0  525    0    0    0  502  430    0    0    0  464    0  
 411  425    0  507    0  459    0    0    0    0    0  445    0    0    0  
 428    0    0    0    0  525  452  549  405    0    0    0    0    0    0  
 496  529    0    0    0  451    0    0    0  539    0    0  426    0    0  
 509  439    0    0    0    0  432    0    0    0  467  551    0    0    0  
   0  491  556    0    0    0    0    0    0  450  469    0    0  484    0  ] 
 ] 
