K : 100
I : 5
C : 10
INSTANCE : 1
PREFERENCES : [    3    0    1    2    0  
   3    1    0    0    2  
   0    3    0    2    1  
   0    2    3    1    0  
   2    3    0    1    0  
   0    1    3    0    2  
   2    1    0    0    3  
   1    3    0    2    0  
   3    1    2    0    0  
   0    1    0    2    3  
   2    0    3    0    1  
   2    3    0    0    1  
   1    0    3    0    2  
   0    3    0    1    2  
   2    1    0    3    0  
   3    0    2    1    0  
   2    0    3    1    0  
   0    2    1    0    3  
   0    2    0    3    1  
   0    2    0    3    1  
   0    0    2    1    3  
   1    0    3    0    2  
   2    3    1    0    0  
   3    0    0    1    2  
   0    3    2    1    0  
   3    0    2    0    1  
   0    1    3    0    2  
   0    1    3    2    0  
   0    0    1    2    3  
   1    0    0    3    2  
   0    1    2    3    0  
   1    0    0    2    3  
   3    0    0    1    2  
   0    3    2    1    0  
   0    2    3    0    1  
   2    1    3    0    0  
   0    1    0    3    2  
   0    1    2    0    3  
   0    1    0    2    3  
   3    2    0    0    1  
   0    3    1    0    2  
   3    1    0    2    0  
   2    1    0    0    3  
   1    0    0    3    2  
   2    0    3    0    1  
   0    2    1    0    3  
   2    1    3    0    0  
   3    0    2    1    0  
   0    3    1    0    2  
   0    3    1    2    0  
   0    1    2    0    3  
   2    3    0    1    0  
   3    1    0    0    2  
   3    0    2    0    1  
   2    1    3    0    0  
   0    1    0    2    3  
   3    0    0    1    2  
   0    0    1    2    3  
   1    3    0    2    0  
   0    3    2    1    0  
   0    2    0    3    1  
   2    0    0    3    1  
   0    3    1    2    0  
   2    0    3    1    0  
   1    0    2    3    0  
   1    3    2    0    0  
   0    2    3    1    0  
   0    1    2    0    3  
   0    0    3    2    1  
   0    1    3    0    2  
   1    0    2    0    3  
   3    2    0    0    1  
   1    0    0    3    2  
   3    1    0    0    2  
   1    0    2    0    3  
   0    0    1    3    2  
   2    0    1    3    0  
   0    2    3    0    1  
   2    0    1    3    0  
   1    3    0    2    0  
   0    0    2    3    1  
   0    3    2    0    1  
   0    0    1    3    2  
   3    1    2    0    0  
   1    2    3    0    0  
   1    3    0    2    0  
   2    3    0    0    1  
   3    0    0    1    2  
   1    2    0    0    3  
   1    3    2    0    0  
   1    0    3    0    2  
   2    3    1    0    0  
   1    3    0    0    2  
   0    1    0    3    2  
   0    0    1    2    3  
   1    2    0    3    0  
   0    2    1    0    3  
   0    3    0    2    1  
   0    0    3    1    2  
   3    2    0    0    1  ] 
RESERVATION PRICES : [    7    0    6    7    0  
  11   10    0    0    9  
   0   14    0   16   18  
   0   18   21   20    0  
  23   28    0   26    0  
   0   21   25    0   26  
  30   32    0    0   30  
  35   33    0   31    0  
  30   38   30    0    0  
   0   36    0   39   34  
  45    0   41    0   50  
  46   42    0    0   42  
  50    0   44    0   49  
   0   52    0   53   51  
  50   58    0   46    0  
  55    0   48   53    0  
  57    0   53   60    0  
   0   53   68    0   58  
   0   74    0   55   59  
   0   61    0   76   68  
   0    0   68   60   62  
  67    0   69    0   87  
  82   76   84    0    0  
  84    0    0   83   84  
   0   92   71   78    0  
  97    0   89    0   98  
   0   85   76    0   92  
   0  106  102   83    0  
   0    0  100   84   97  
  88    0    0  118  114  
   0  104  115  112    0  
 122    0    0  122  129  
  98    0    0  126  130  
   0  124  126  116    0  
   0  113  105    0  130  
 133  139  130    0    0  
   0  111    0  142  109  
   0  142  119    0  126  
   0  155    0  152  155  
 133  145    0    0  146  
   0  162  162    0  135  
 166  142    0  152    0  
 150  167    0    0  128  
 162    0    0  165  163  
 171    0  161    0  172  
   0  145  164    0  133  
 165  141  191    0    0  
 150    0  182  146    0  
   0  158  178    0  172  
   0  200  169  196    0  
   0  157  187    0  192  
 150  175    0  167    0  
 162  187    0    0  188  
 192    0  182    0  196  
 221  171  178    0    0  
   0  189    0  192  172  
 183    0    0  191  207  
   0    0  219  183  175  
 227  213    0  225    0  
   0  201  217  184    0  
   0  240    0  175  225  
 223    0    0  210  187  
   0  203  196  188    0  
 208    0  220  190    0  
 255    0  184  239    0  
 237  223  225    0    0  
   0  199  230  207    0  
   0  229  198    0  240  
   0    0  236  207  256  
   0  252  241    0  209  
 249    0  253    0  223  
 259  220    0    0  215  
 260    0    0  256  210  
 257  224    0    0  250  
 236    0  258    0  249  
   0    0  241  216  281  
 230    0  274  268    0  
   0  271  263    0  276  
 240    0  236  228    0  
 282  262    0  240    0  
   0    0  292  290  272  
   0  256  302    0  298  
   0    0  269  285  287  
 243  253  270    0    0  
 321  261  250    0    0  
 315  263    0  289    0  
 316  248    0    0  303  
 301    0    0  270  241  
 332  309    0    0  278  
 268  259  330    0    0  
 305    0  327    0  297  
 272  306  272    0    0  
 288  337    0    0  286  
   0  352    0  334  276  
   0    0  325  314  293  
 326  273    0  284    0  
   0  316  360    0  290  
   0  335    0  274  279  
   0    0  341  351  366  
 326  372    0    0  294  ] 
 ] 
