K : 75
I : 5
C : 8
INSTANCE : 5
PREFERENCES : [    2    1    0    0    3  
   3    1    2    0    0  
   0    2    1    3    0  
   3    0    2    1    0  
   2    0    0    3    1  
   0    2    0    1    3  
   3    0    1    2    0  
   0    1    2    0    3  
   2    0    0    1    3  
   2    0    3    1    0  
   3    1    0    0    2  
   3    1    0    0    2  
   0    0    3    2    1  
   0    0    1    3    2  
   2    0    0    1    3  
   1    3    0    2    0  
   1    0    2    3    0  
   0    1    3    2    0  
   1    0    2    0    3  
   0    1    3    0    2  
   0    2    3    0    1  
   2    1    0    3    0  
   1    0    2    3    0  
   0    1    0    3    2  
   3    2    0    0    1  
   3    0    2    1    0  
   2    0    1    0    3  
   0    0    3    2    1  
   2    0    0    1    3  
   3    1    0    0    2  
   0    1    3    0    2  
   0    3    1    0    2  
   0    0    3    1    2  
   0    0    1    3    2  
   0    1    3    0    2  
   0    1    0    3    2  
   0    1    3    2    0  
   1    3    0    2    0  
   2    3    1    0    0  
   2    0    3    0    1  
   3    0    0    2    1  
   3    2    0    0    1  
   0    3    2    0    1  
   1    2    0    0    3  
   0    2    1    3    0  
   2    3    0    1    0  
   0    2    3    0    1  
   2    0    0    1    3  
   3    2    0    1    0  
   0    3    1    0    2  
   1    2    0    3    0  
   0    2    1    3    0  
   1    0    2    0    3  
   0    0    1    2    3  
   0    3    0    1    2  
   2    0    1    0    3  
   1    3    0    2    0  
   1    2    0    0    3  
   2    1    0    0    3  
   0    3    1    0    2  
   0    2    0    3    1  
   0    1    2    0    3  
   0    3    2    1    0  
   2    3    0    1    0  
   0    1    3    2    0  
   1    2    0    0    3  
   2    3    0    0    1  
   0    2    3    0    1  
   3    0    0    2    1  
   2    3    1    0    0  
   2    0    1    3    0  
   2    1    0    3    0  
   0    2    3    1    0  
   3    0    2    1    0  
   0    0    3    1    2  ] 
RESERVATION PRICES : [   10    8    0    0    8  
  13   11   12    0    0  
   0   17   17   17    0  
  17    0   17   17    0  
  24    0    0   23   26  
   0   27    0   33   25  
  29    0   31   31    0  
   0   31   30    0   31  
  36    0    0   34   39  
  34    0   35   35    0  
  48   50    0    0   41  
  47   42    0    0   38  
   0    0   41   40   45  
   0    0   43   39   43  
  56    0    0   54   58  
  60   48    0   60    0  
  66    0   49   62    0  
   0   55   59   56    0  
  56    0   75    0   64  
   0   62   75    0   58  
   0   62   66    0   77  
  74   67    0   81    0  
  89    0   87   67    0  
   0   95    0   92   81  
  81   95    0    0   98  
  98    0   93   90    0  
  86    0   83    0   99  
   0    0   89  104   98  
 103    0    0  104  108  
  87   95    0    0   96  
   0  117   99    0   87  
   0  112   95    0  117  
   0    0   93  119  122  
   0    0  106  106  105  
   0  126  121    0  116  
   0  136    0  105  107  
   0  116  132  122    0  
 146  138    0  128    0  
 146  130  111    0    0  
 140    0  144    0  111  
 128    0    0  117  145  
 117  138    0    0  140  
   0  145  123    0  147  
 164  168    0    0  135  
   0  152  150  132    0  
 147  143    0  139    0  
   0  162  177    0  134  
 174    0    0  190  156  
 187  154    0  149    0  
   0  188  165    0  158  
 177  188    0  198    0  
   0  153  149  173    0  
 186    0  166    0  189  
   0    0  199  182  175  
   0  165    0  162  168  
 152    0  179    0  178  
 205  185    0  204    0  
 214  174    0    0  160  
 168  212    0    0  209  
   0  213  194    0  213  
   0  169    0  219  213  
   0  203  198    0  205  
   0  230  236  214    0  
 217  175    0  213    0  
   0  238  201  211    0  
 205  209    0    0  232  
 205  228    0    0  218  
   0  193  203    0  197  
 188    0    0  226  200  
 228  247  225    0    0  
 196    0  252  257    0  
 247  268    0  247    0  
   0  269  215  246    0  
 264    0  252  276    0  
   0    0  275  218  223  ] 
 ] 
