K : 150
I : 5
C : 15
INSTANCE : 2
PREFERENCES : [    0    2    0    1    3  
   0    0    2    1    3  
   2    1    0    3    0  
   0    2    3    0    1  
   3    2    1    0    0  
   0    1    3    0    2  
   1    3    2    0    0  
   3    0    1    0    2  
   1    0    2    3    0  
   0    0    2    3    1  
   1    0    0    3    2  
   1    0    3    0    2  
   1    3    0    2    0  
   2    3    0    0    1  
   2    1    0    3    0  
   3    0    1    0    2  
   3    2    1    0    0  
   1    0    3    0    2  
   0    3    2    1    0  
   2    0    1    0    3  
   2    0    1    0    3  
   1    3    0    2    0  
   0    3    2    0    1  
   2    0    3    0    1  
   2    1    0    0    3  
   0    1    2    3    0  
   2    1    3    0    0  
   0    2    0    3    1  
   0    2    3    0    1  
   1    3    0    0    2  
   3    1    0    0    2  
   0    2    0    1    3  
   1    0    0    3    2  
   0    1    2    0    3  
   2    3    1    0    0  
   0    0    3    1    2  
   0    3    0    2    1  
   1    0    3    2    0  
   1    3    0    0    2  
   3    0    1    0    2  
   2    1    0    3    0  
   1    3    0    0    2  
   2    1    0    3    0  
   1    2    0    3    0  
   1    0    2    0    3  
   2    0    0    1    3  
   0    3    1    2    0  
   3    0    2    1    0  
   1    2    0    0    3  
   3    0    2    1    0  
   0    3    0    1    2  
   0    0    3    1    2  
   0    1    0    2    3  
   1    0    0    3    2  
   0    0    3    2    1  
   2    1    3    0    0  
   0    3    0    2    1  
   0    2    3    0    1  
   3    1    0    0    2  
   2    0    1    0    3  
   0    1    3    0    2  
   1    3    0    0    2  
   3    0    2    0    1  
   3    1    0    0    2  
   3    0    2    1    0  
   0    3    2    0    1  
   0    2    1    3    0  
   0    1    0    2    3  
   0    1    0    2    3  
   0    3    1    2    0  
   3    0    2    1    0  
   0    2    3    0    1  
   0    0    3    2    1  
   3    0    1    2    0  
   0    2    3    1    0  
   0    2    0    3    1  
   0    0    2    3    1  
   0    1    3    2    0  
   0    1    3    2    0  
   0    2    0    1    3  
   2    0    3    1    0  
   1    3    0    2    0  
   0    1    0    3    2  
   0    0    3    1    2  
   3    0    2    1    0  
   2    0    1    0    3  
   0    1    2    0    3  
   0    3    2    0    1  
   1    0    0    2    3  
   1    0    0    2    3  
   0    1    0    3    2  
   0    0    1    2    3  
   2    3    1    0    0  
   1    0    0    2    3  
   1    2    0    3    0  
   0    2    1    3    0  
   0    1    2    3    0  
   1    3    0    2    0  
   1    0    0    3    2  
   3    0    1    2    0  
   0    3    0    1    2  
   2    0    1    3    0  
   1    0    3    2    0  
   1    2    0    3    0  
   3    0    0    2    1  
   2    0    1    0    3  
   0    2    1    0    3  
   1    2    3    0    0  
   0    3    0    2    1  
   3    0    1    0    2  
   2    0    3    0    1  
   0    2    3    0    1  
   2    0    0    3    1  
   1    2    0    0    3  
   1    2    3    0    0  
   0    3    0    1    2  
   2    3    1    0    0  
   0    2    0    1    3  
   1    3    0    2    0  
   1    3    0    0    2  
   2    0    3    1    0  
   0    3    2    0    1  
   3    2    0    0    1  
   3    0    1    2    0  
   1    2    0    0    3  
   1    3    2    0    0  
   2    3    0    0    1  
   0    1    2    0    3  
   2    1    0    0    3  
   3    0    2    1    0  
   3    0    0    2    1  
   0    1    2    3    0  
   1    2    0    0    3  
   0    1    0    3    2  
   0    1    2    3    0  
   0    2    1    0    3  
   0    3    2    1    0  
   0    3    1    2    0  
   2    3    0    1    0  
   1    2    0    0    3  
   0    3    1    0    2  
   3    0    1    0    2  
   0    3    0    1    2  
   3    1    0    0    2  
   0    3    0    1    2  
   2    0    0    1    3  
   1    2    3    0    0  
   0    2    0    3    1  
   3    0    1    2    0  
   1    0    2    0    3  ] 
RESERVATION PRICES : [    0    7    0    6    6  
   0    0    6    6    6  
   9   12    0   10    0  
   0   12   15    0   15  
  17   16   20    0    0  
   0   19   23    0   19  
  23   24   19    0    0  
  25    0   25    0   26  
  31    0   32   31    0  
   0    0   30   27   31  
  29    0    0   31   26  
  31    0   33    0   36  
  41   35    0   34    0  
  46   39    0    0   38  
  56   48    0   45    0  
  54    0   44    0   51  
  61   58   50    0    0  
  60    0   62    0   62  
   0   60   66   57    0  
  58    0   66    0   60  
  62    0   69    0   60  
  68   64    0   66    0  
   0   74   67    0   76  
  73    0   85    0   70  
  79   89    0    0   78  
   0   88   78   91    0  
  74   72   87    0    0  
   0   82    0   81   75  
   0   96   90    0   95  
  91   99    0    0   87  
 115  115    0    0  103  
   0  108    0   97  118  
 101    0    0  118  119  
   0  114  104    0  109  
 101   98   99    0    0  
   0    0  111  116  122  
   0  131    0  106  102  
 136    0  130  118    0  
 126  139    0    0  136  
 120    0  142    0  148  
 153  149    0  134    0  
 147  128    0    0  114  
 134  127    0  156    0  
 134  146    0  132    0  
 166    0  164    0  164  
 136    0    0  159  171  
   0  176  147  162    0  
 156    0  165  142    0  
 162  165    0    0  169  
 146    0  191  186    0  
   0  147    0  157  180  
   0    0  185  182  189  
   0  181    0  167  196  
 182    0    0  182  178  
   0    0  152  209  171  
 170  171  177    0    0  
   0  194    0  182  195  
   0  207  214    0  172  
 159  207    0    0  168  
 206    0  193    0  182  
   0  202  181    0  210  
 193  190    0    0  178  
 166    0  228    0  192  
 206  178    0    0  209  
 207    0  175  198    0  
   0  201  174    0  212  
   0  223  193  210    0  
   0  192    0  241  232  
   0  189    0  208  224  
   0  208  253  232    0  
 244    0  250  243    0  
   0  207  253    0  255  
   0    0  247  224  204  
 219    0  254  197    0  
   0  243  239  204    0  
   0  206    0  252  222  
   0    0  267  217  219  
   0  260  240  280    0  
   0  267  238  281    0  
   0  242    0  237  251  
 248    0  276  260    0  
 286  234    0  272    0  
   0  265    0  310  278  
   0    0  263  284  237  
 243    0  253  308    0  
 276    0  303    0  271  
   0  311  295    0  254  
   0  328  305    0  308  
 295    0    0  268  292  
 272    0    0  328  286  
   0  304    0  339  309  
   0    0  319  292  314  
 349  260  292    0    0  
 267    0    0  306  325  
 341  281    0  281    0  
   0  306  287  295    0  
   0  350  354  324    0  
 277  347    0  361    0  
 273    0    0  300  355  
 304    0  312  299    0  
   0  317    0  353  309  
 322    0  379  367    0  
 280    0  340  337    0  
 342  388    0  312    0  
 296    0    0  387  299  
 318    0  361    0  291  
   0  393  313    0  297  
 365  315  369    0    0  
   0  335    0  352  347  
 399    0  382    0  337  
 311    0  317    0  390  
   0  338  404    0  384  
 407    0    0  351  342  
 381  383    0    0  406  
 359  378  390    0    0  
   0  322    0  394  321  
 331  397  395    0    0  
   0  398    0  414  390  
 391  389    0  371    0  
 396  416    0    0  360  
 336    0  386  418    0  
   0  392  458    0  371  
 461  360    0    0  441  
 376    0  369  445    0  
 368  409    0    0  393  
 462  351  362    0    0  
 433  372    0    0  345  
   0  418  349    0  442  
 483  452    0    0  486  
 482    0  487  362    0  
 401    0    0  364  401  
   0  430  386  389    0  
 422  441    0    0  412  
   0  497    0  482  389  
   0  407  450  455    0  
   0  380  452    0  397  
   0  475  432  376    0  
   0  474  412  473    0  
 501  450    0  455    0  
 427  418    0    0  500  
   0  418  422    0  461  
 426    0  428    0  504  
   0  481    0  532  491  
 489  530    0    0  438  
   0  439    0  525  543  
 432    0    0  520  443  
 485  524  414    0    0  
   0  476    0  530  434  
 501    0  446  517    0  
 517    0  554    0  440  ] 
 ] 
