K : 150
I : 15
C : 15
INSTANCE : 3
PREFERENCES : [    0    0    0    0    4    5    0    0    0    0    1    3    0    2    0  
   4    5    0    0    0    0    0    1    0    3    0    2    0    0    0  
   5    2    3    4    0    0    1    0    0    0    0    0    0    0    0  
   0    4    5    0    0    0    0    0    3    0    0    1    0    2    0  
   0    0    0    0    0    4    3    0    0    0    2    1    0    0    5  
   0    0    4    0    0    2    0    1    0    0    3    0    0    5    0  
   0    0    0    0    4    2    5    0    0    0    1    0    3    0    0  
   0    4    0    0    3    0    5    0    1    0    0    2    0    0    0  
   2    1    0    0    0    0    5    0    4    0    3    0    0    0    0  
   2    0    0    0    1    0    4    0    3    0    5    0    0    0    0  
   1    0    0    0    0    0    0    0    5    0    0    2    3    4    0  
   1    0    0    3    0    2    0    0    0    0    4    0    0    0    5  
   1    0    0    3    0    0    4    0    0    0    0    0    0    2    5  
   0    2    0    0    0    0    5    0    0    0    4    0    3    1    0  
   3    0    0    0    0    0    2    0    0    4    0    5    0    1    0  
   0    0    1    0    0    4    0    0    5    0    0    0    3    0    2  
   0    0    5    0    0    1    0    0    0    0    2    4    0    0    3  
   0    0    1    0    2    5    0    0    0    0    4    0    0    3    0  
   0    1    5    0    0    0    0    3    0    4    2    0    0    0    0  
   1    3    4    0    0    0    0    0    5    0    2    0    0    0    0  
   4    5    0    0    0    0    0    0    3    0    1    0    2    0    0  
   0    4    0    1    3    0    2    0    0    0    0    0    5    0    0  
   4    2    0    0    0    1    0    5    0    0    0    0    0    3    0  
   0    0    0    4    0    3    0    1    0    0    0    0    0    2    5  
   0    0    2    0    0    1    0    0    5    4    0    3    0    0    0  
   1    0    2    4    0    3    5    0    0    0    0    0    0    0    0  
   2    0    1    0    0    0    4    0    0    0    0    3    0    0    5  
   4    0    1    5    0    0    0    0    0    0    0    0    3    2    0  
   4    3    5    0    0    0    0    0    0    0    0    0    2    0    1  
   0    0    0    0    3    0    0    0    2    0    0    0    1    4    5  
   0    4    0    0    0    0    3    5    2    0    1    0    0    0    0  
   0    0    0    3    0    0    5    0    1    2    0    0    4    0    0  
   2    0    0    0    0    0    4    5    0    1    3    0    0    0    0  
   0    2    4    3    0    5    0    0    0    1    0    0    0    0    0  
   3    1    0    2    0    0    0    0    0    0    4    0    5    0    0  
   2    0    0    0    0    3    0    0    0    5    1    0    4    0    0  
   0    5    2    1    0    0    0    0    0    0    0    4    0    3    0  
   0    0    0    0    4    0    2    5    1    0    0    0    0    3    0  
   0    0    0    0    0    0    4    3    0    5    0    1    0    0    2  
   0    0    0    5    0    3    1    0    0    0    0    0    0    4    2  
   0    0    0    0    1    0    0    3    0    5    0    0    0    4    2  
   0    0    4    0    5    0    0    0    1    0    0    0    0    3    2  
   2    0    4    3    0    0    0    0    0    5    0    0    0    1    0  
   1    0    0    0    0    5    3    0    4    0    2    0    0    0    0  
   2    0    0    3    0    1    0    0    0    5    0    0    0    0    4  
   1    0    3    0    0    2    0    0    4    0    5    0    0    0    0  
   0    0    0    0    4    0    0    3    5    0    0    2    0    1    0  
   0    0    1    0    3    2    5    0    4    0    0    0    0    0    0  
   3    1    4    0    0    0    0    0    0    0    5    2    0    0    0  
   0    0    0    0    0    1    0    3    5    0    2    4    0    0    0  
   3    0    0    0    0    4    2    0    0    1    0    0    0    0    5  
   4    0    0    0    0    1    0    0    0    0    3    5    0    2    0  
   0    0    1    3    0    0    0    0    5    0    0    0    4    2    0  
   0    4    0    0    3    0    0    5    0    0    0    0    2    0    1  
   0    0    0    2    3    0    0    0    1    0    4    5    0    0    0  
   0    0    0    5    0    4    0    0    0    0    3    1    0    0    2  
   3    1    0    0    0    0    0    2    0    4    0    0    0    0    5  
   3    0    0    1    0    5    0    0    4    0    0    0    0    0    2  
   0    2    0    0    0    0    5    3    1    0    4    0    0    0    0  
   5    0    1    0    2    0    0    0    0    0    3    0    0    0    4  
   5    0    0    0    0    0    0    0    4    3    0    1    0    2    0  
   5    0    0    0    2    4    1    0    3    0    0    0    0    0    0  
   0    0    0    0    0    0    0    1    0    0    2    0    4    3    5  
   0    0    0    1    2    3    0    0    0    0    0    5    0    0    4  
   3    1    0    0    0    0    4    0    0    0    5    0    0    0    2  
   0    5    0    3    0    0    0    0    0    0    0    0    2    4    1  
   5    0    0    0    0    0    0    0    0    4    2    3    0    0    1  
   0    0    4    3    0    0    1    0    5    0    0    2    0    0    0  
   0    0    5    2    0    0    0    0    3    0    0    0    1    0    4  
   0    0    4    0    0    2    3    5    0    1    0    0    0    0    0  
   1    0    0    0    4    0    5    0    0    0    2    0    0    0    3  
   2    0    0    5    3    0    0    4    0    0    0    0    0    0    1  
   0    2    1    0    4    0    0    0    0    0    0    3    5    0    0  
   0    4    2    0    0    0    0    1    0    3    0    0    0    5    0  
   0    0    4    0    0    0    0    0    0    0    5    2    3    1    0  
   0    0    0    0    0    0    5    4    1    3    2    0    0    0    0  
   0    4    1    0    0    0    0    0    0    2    0    3    0    5    0  
   0    4    0    0    0    2    0    0    0    0    0    3    0    1    5  
   0    0    0    2    3    5    0    0    0    0    4    0    0    1    0  
   5    0    0    0    1    0    0    2    4    3    0    0    0    0    0  
   0    0    1    5    0    3    0    0    2    0    0    0    0    4    0  
   0    0    3    1    2    0    0    0    0    0    5    0    0    0    4  
   0    0    0    0    5    0    0    1    4    0    0    3    0    2    0  
   0    0    0    0    0    0    3    0    0    5    0    2    0    4    1  
   0    5    0    0    0    0    0    2    1    0    0    3    0    0    4  
   0    0    0    1    0    2    0    0    4    0    0    3    0    5    0  
   2    0    0    0    1    0    0    4    0    0    3    5    0    0    0  
   0    4    0    5    0    0    3    0    0    1    0    0    2    0    0  
   0    0    3    2    0    0    0    4    0    1    5    0    0    0    0  
   0    0    0    3    5    2    1    4    0    0    0    0    0    0    0  
   0    0    0    1    0    3    0    2    5    0    0    0    0    4    0  
   0    0    0    2    4    0    5    0    0    0    0    0    1    0    3  
   1    0    0    3    0    0    4    5    0    0    2    0    0    0    0  
   0    5    1    0    3    0    0    0    2    4    0    0    0    0    0  
   0    5    1    4    0    3    0    0    0    0    2    0    0    0    0  
   0    0    3    0    0    0    1    0    5    4    2    0    0    0    0  
   5    4    0    2    1    0    0    0    0    0    3    0    0    0    0  
   5    0    0    0    0    0    3    0    4    0    0    2    0    0    1  
   0    0    0    3    5    0    1    0    0    2    0    4    0    0    0  
   0    0    0    2    0    0    4    0    0    5    0    0    1    3    0  
   0    0    4    1    0    5    0    0    2    0    0    0    0    0    3  
   4    0    0    3    0    2    0    0    0    5    0    1    0    0    0  
   0    4    0    0    0    2    0    5    0    0    3    0    0    1    0  
   0    0    0    2    1    4    5    0    0    3    0    0    0    0    0  
   5    0    0    0    0    3    1    2    0    0    0    4    0    0    0  
   0    0    0    0    5    0    1    0    0    0    2    3    0    4    0  
   3    0    0    0    0    2    0    0    0    4    1    0    5    0    0  
   0    0    0    5    3    0    2    0    0    4    0    0    0    0    1  
   0    0    2    5    3    0    1    0    0    0    0    0    0    0    4  
   2    1    0    5    0    0    0    0    4    3    0    0    0    0    0  
   3    0    0    1    5    0    0    0    0    0    2    4    0    0    0  
   0    0    0    0    2    0    0    0    3    5    0    0    1    0    4  
   0    0    0    0    0    3    0    0    5    2    4    0    0    1    0  
   0    5    0    0    4    0    3    0    2    0    0    0    0    1    0  
   0    0    2    3    0    0    1    4    0    0    0    0    0    5    0  
   0    0    0    0    0    0    0    0    0    0    5    2    1    3    4  
   0    0    0    0    5    3    0    0    1    4    0    2    0    0    0  
   0    2    3    5    0    0    0    0    1    0    0    0    0    4    0  
   0    0    4    0    2    0    1    0    0    0    0    5    0    0    3  
   1    3    0    0    0    0    5    0    0    0    4    0    0    2    0  
   3    0    0    0    1    0    5    0    0    2    4    0    0    0    0  
   0    0    0    4    1    0    0    0    0    0    2    0    0    5    3  
   0    4    2    1    3    0    0    0    5    0    0    0    0    0    0  
   0    0    1    5    3    2    0    4    0    0    0    0    0    0    0  
   4    2    3    0    0    0    0    0    0    1    0    0    0    5    0  
   1    3    0    0    4    0    5    0    0    0    0    2    0    0    0  
   0    3    0    0    4    0    0    5    0    0    0    2    0    0    1  
   0    1    4    5    2    0    0    0    0    0    3    0    0    0    0  
   0    0    1    3    0    0    0    0    0    4    0    5    0    0    2  
   1    0    0    3    0    0    0    5    0    0    4    0    0    0    2  
   0    5    0    0    3    0    4    0    2    0    0    0    0    0    1  
   5    0    3    2    0    0    0    4    0    0    0    0    0    0    1  
   0    0    5    2    0    0    4    0    0    0    3    0    1    0    0  
   2    0    4    0    0    0    1    0    0    5    0    0    3    0    0  
   0    0    0    3    0    4    2    1    0    5    0    0    0    0    0  
   0    1    0    5    0    0    0    0    0    0    0    4    2    3    0  
   5    0    0    3    0    0    2    0    0    4    0    1    0    0    0  
   1    0    5    4    0    0    0    2    0    0    0    0    3    0    0  
   0    0    0    4    1    0    0    0    5    2    0    3    0    0    0  
   0    0    0    0    4    0    0    5    0    1    0    0    3    0    2  
   0    4    3    2    0    0    0    0    0    0    0    1    5    0    0  
   0    0    0    1    0    2    0    0    3    5    0    0    0    0    4  
   0    3    0    0    0    0    2    0    0    0    4    0    5    0    1  
   0    0    0    0    0    3    0    1    0    0    0    2    0    5    4  
   0    2    0    4    0    5    0    0    0    0    1    3    0    0    0  
   2    0    5    0    0    0    3    0    0    0    4    1    0    0    0  
   1    0    0    0    0    3    0    2    5    0    4    0    0    0    0  
   3    0    2    4    0    0    0    0    0    1    0    0    0    0    5  
   5    4    1    0    2    0    0    3    0    0    0    0    0    0    0  
   0    0    0    0    2    0    0    0    4    0    1    5    0    0    3  ] 
RESERVATION PRICES : [    0    0    0    0    6    6    0    0    0    0    5    6    0    5    0  
  11    9    0    0    0    0    0    9    0   10    0   11    0    0    0  
  17   14   16   16    0    0   15    0    0    0    0    0    0    0    0  
   0   19   22    0    0    0    0    0   18    0    0   23    0   18    0  
   0    0    0    0    0   19   17    0    0    0   17   19    0    0   19  
   0    0   25    0    0   22    0   25    0    0   22    0    0   24    0  
   0    0    0    0   29   31   25    0    0    0   28    0   24    0    0  
   0   32    0    0   36    0   30    0   35    0    0   32    0    0    0  
  33   34    0    0    0    0   34    0   37    0   37    0    0    0    0  
  41    0    0    0   36    0   35    0   35    0   33    0    0    0    0  
  42    0    0    0    0    0    0    0   44    0    0   37   33   39    0  
  42    0    0   35    0   41    0    0    0    0   34    0    0    0   42  
  43    0    0   37    0    0   37    0    0    0    0    0    0   45   43  
   0   44    0    0    0    0   36    0    0    0   42    0   40   47    0  
  39    0    0    0    0    0   49    0    0   52    0   52    0   46    0  
   0    0   57    0    0   55    0    0   57    0    0    0   61    0   44  
   0    0   48    0    0   54    0    0    0    0   55   56    0    0   56  
   0    0   48    0   58   50    0    0    0    0   53    0    0   48    0  
   0   49   59    0    0    0    0   59    0   50   56    0    0    0    0  
  56   67   58    0    0    0    0    0   59    0   56    0    0    0    0  
  71   62    0    0    0    0    0    0   61    0   63    0   61    0    0  
   0   72    0   69   77    0   79    0    0    0    0    0   59    0    0  
  64   75    0    0    0   62    0   62    0    0    0    0    0   78    0  
   0    0    0   58    0   69    0   59    0    0    0    0    0   58   78  
   0    0   59    0    0   81    0    0   62   72    0   62    0    0    0  
  74    0   82   72    0   68   67    0    0    0    0    0    0    0    0  
  66    0   83    0    0    0   85    0    0    0    0   71    0    0   65  
  74    0   79   70    0    0    0    0    0    0    0    0   90   87    0  
  82   96   93    0    0    0    0    0    0    0    0    0   78    0   83  
   0    0    0    0  106    0    0    0   83    0    0    0   78   82   88  
   0   78    0    0    0    0   97   81  101    0   79    0    0    0    0  
   0    0    0   80    0    0  108    0  109   80    0    0  111    0    0  
  89    0    0    0    0    0   81   82    0  105   87    0    0    0    0  
   0   88  104   97    0   90    0    0    0  102    0    0    0    0    0  
 107   98    0  120    0    0    0    0    0    0   98    0   88    0    0  
 110    0    0    0    0  100    0    0    0  104  104    0  111    0    0  
   0  104  108  110    0    0    0    0    0    0    0  128    0  110    0  
   0    0    0    0  133    0  110  105  101    0    0    0    0  100    0  
   0    0    0    0    0    0  123  138    0  126    0  105    0    0  122  
   0    0    0  105    0  138  129    0    0    0    0    0    0  104  144  
   0    0    0    0  107    0    0  148    0  131    0    0    0  143  140  
   0    0  117    0  145    0    0    0  126    0    0    0    0  121  138  
 117    0  130  128    0    0    0    0    0  142    0    0    0  145    0  
 144    0    0    0    0  115  125    0  154    0  134    0    0    0    0  
 143    0    0  155    0  121    0    0    0  142    0    0    0    0  122  
 120    0  141    0    0  166    0    0  129    0  159    0    0    0    0  
   0    0    0    0  168    0    0  139  127    0    0  139    0  158    0  
   0    0  147    0  154  175  144    0  155    0    0    0    0    0    0  
 150  147  142    0    0    0    0    0    0    0  157  139    0    0    0  
   0    0    0    0    0  135    0  175  179    0  142  149    0    0    0  
 135    0    0    0    0  153  165    0    0  137    0    0    0    0  174  
 161    0    0    0    0  176    0    0    0    0  171  189    0  143    0  
   0    0  174  180    0    0    0    0  151    0    0    0  194  142    0  
   0  178    0    0  144    0    0  194    0    0    0    0  197    0  171  
   0    0    0  197  189    0    0    0  178    0  191  189    0    0    0  
   0    0    0  162    0  185    0    0    0    0  197  200    0    0  202  
 205  167    0    0    0    0    0  155    0  183    0    0    0    0  160  
 174    0    0  180    0  184    0    0  202    0    0    0    0    0  160  
   0  211    0    0    0    0  208  163  183    0  162    0    0    0    0  
 167    0  215    0  215    0    0    0    0    0  189    0    0    0  182  
 211    0    0    0    0    0    0    0  223  171    0  166    0  206    0  
 204    0    0    0  172  170  215    0  179    0    0    0    0    0    0  
   0    0    0    0    0    0    0  191    0    0  223    0  166  220  195  
   0    0    0  180  208  206    0    0    0    0    0  167    0    0  222  
 207  172    0    0    0    0  231    0    0    0  230    0    0    0  213  
   0  234    0  198    0    0    0    0    0    0    0    0  177  178  192  
 209    0    0    0    0    0    0    0    0  195  232  180    0    0  228  
   0    0  204  215    0    0  231    0  185    0    0  187    0    0    0  
   0    0  241  185    0    0    0    0  224    0    0    0  219    0  241  
   0    0  231    0    0  246  231  217    0  185    0    0    0    0    0  
 199    0    0    0  216    0  190    0    0    0  213    0    0    0  246  
 186    0    0  186  206    0    0  253    0    0    0    0    0    0  228  
   0  236  250    0  215    0    0    0    0    0    0  254  191    0    0  
   0  233  260    0    0    0    0  237    0  252    0    0    0  229    0  
   0    0  230    0    0    0    0    0    0    0  227  210  268  207    0  
   0    0    0    0    0    0  246  256  257  242  201    0    0    0    0  
   0  235  205    0    0    0    0    0    0  263    0  246    0  201    0  
   0  249    0    0    0  260    0    0    0    0    0  267    0  258  254  
   0    0    0  284  211  235    0    0    0    0  236    0    0  281    0  
 235    0    0    0  245    0    0  269  258  248    0    0    0    0    0  
   0    0  279  262    0  273    0    0  241    0    0    0    0  288    0  
   0    0  286  268  223    0    0    0    0    0  235    0    0    0  268  
   0    0    0    0  219    0    0  253  229    0    0  283    0  286    0  
   0    0    0    0    0    0  241    0    0  223    0  229    0  220  256  
   0  222    0    0    0    0    0  298  304    0    0  253    0    0  248  
   0    0    0  269    0  300    0    0  282    0    0  291    0  305    0  
 237    0    0    0  255    0    0  226    0    0  310  308    0    0    0  
   0  313    0  314    0    0  313    0    0  265    0    0  269    0    0  
   0    0  324  304    0    0    0  276    0  263  295    0    0    0    0  
   0    0    0  305  326  288  328  295    0    0    0    0    0    0    0  
   0    0    0  281    0  325    0  242  322    0    0    0    0  322    0  
   0    0    0  336  275    0  313    0    0    0    0    0  314    0  321  
 285    0    0  282    0    0  257  269    0    0  295    0    0    0    0  
   0  298  264    0  263    0    0    0  255  306    0    0    0    0    0  
   0  258  293  304    0  305    0    0    0    0  264    0    0    0    0  
   0    0  340    0    0    0  349    0  315  335  324    0    0    0    0  
 355  289    0  311  285    0    0    0    0    0  293    0    0    0    0  
 290    0    0    0    0    0  286    0  336    0    0  261    0    0  328  
   0    0    0  281  304    0  286    0    0  269    0  286    0    0    0  
   0    0    0  281    0    0  310    0    0  307    0    0  321  358    0  
   0    0  275  338    0  293    0    0  295    0    0    0    0    0  279  
 317    0    0  283    0  282    0    0    0  332    0  343    0    0    0  
   0  360    0    0    0  373    0  362    0    0  363    0    0  330    0  
   0    0    0  379  354  360  349    0    0  351    0    0    0    0    0  
 322    0    0    0    0  302  350  367    0    0    0  291    0    0    0  
   0    0    0    0  303    0  395    0    0    0  297  353    0  324    0  
 288    0    0    0    0  305    0    0    0  375  294    0  368    0    0  
   0    0    0  315  376    0  318    0    0  355    0    0    0    0  311  
   0    0  355  391  342    0  302    0    0    0    0    0    0    0  298  
 333  333    0  319    0    0    0    0  299  334    0    0    0    0    0  
 336    0    0  357  378    0    0    0    0    0  314  396    0    0    0  
   0    0    0    0  317    0    0    0  392  366    0    0  397    0  395  
   0    0    0    0    0  421    0    0  363  323  303    0    0  344    0  
   0  345    0    0  324    0  326    0  392    0    0    0    0  309    0  
   0    0  354  369    0    0  391  379    0    0    0    0    0  316    0  
   0    0    0    0    0    0    0    0    0    0  412  418  335  403  399  
   0    0    0    0  349  335    0    0  397  375    0  386    0    0    0  
   0  385  431  316    0    0    0    0  393    0    0    0    0  356    0  
   0    0  380    0  435    0  365    0    0    0    0  424    0    0  381  
 385  443    0    0    0    0  396    0    0    0  419    0    0  326    0  
 391    0    0    0  415    0  392    0    0  347  389    0    0    0    0  
   0    0    0  397  408    0    0    0    0    0  420    0    0  443  355  
   0  407  462  371  363    0    0    0  332    0    0    0    0    0    0  
   0    0  369  395  353  411    0  356    0    0    0    0    0    0    0  
 410  387  422    0    0    0    0    0    0  438    0    0    0  414    0  
 466  462    0    0  385    0  466    0    0    0    0  468    0    0    0  
   0  354    0    0  448    0    0  422    0    0    0  385    0    0  380  
   0  421  405  448  410    0    0    0    0    0  374    0    0    0    0  
   0    0  426  442    0    0    0    0    0  438    0  460    0    0  372  
 388    0    0  437    0    0    0  472    0    0  369    0    0    0  462  
   0  352    0    0  463    0  391    0  422    0    0    0    0    0  426  
 424    0  382  432    0    0    0  456    0    0    0    0    0    0  468  
   0    0  462  478    0    0  491    0    0    0  387    0  401    0    0  
 385    0  469    0    0    0  393    0    0  394    0    0  361    0    0  
   0    0    0  462    0  456  422  502    0  394    0    0    0    0    0  
   0  445    0  403    0    0    0    0    0    0    0  496  485  367    0  
 402    0    0  486    0    0  392    0    0  393    0  464    0    0    0  
 371    0  419  489    0    0    0  462    0    0    0    0  505    0    0  
   0    0    0  517  467    0    0    0  427  487    0  406    0    0    0  
   0    0    0    0  446    0    0  389    0  398    0    0  377    0  502  
   0  439  402  409    0    0    0    0    0    0    0  512  460    0    0  
   0    0    0  396    0  521    0    0  426  454    0    0    0    0  401  
   0  521    0    0    0    0  474    0    0    0  464    0  411    0  389  
   0    0    0    0    0  503    0  409    0    0    0  490    0  423  493  
   0  526    0  528    0  442    0    0    0    0  459  443    0    0    0  
 527    0  402    0    0    0  525    0    0    0  467  500    0    0    0  
 406    0    0    0    0  527    0  487  509    0  551    0    0    0    0  
 485    0  476  403    0    0    0    0    0  430    0    0    0    0  514  
 430  522  501    0  479    0    0  555    0    0    0    0    0    0    0  
   0    0    0    0  407    0    0    0  442    0  465  435    0    0  476  ] 
 ] 
