K : 150
I : 10
C : 6
INSTANCE : 4
PREFERENCES : [    0    5    4    0    0    3    0    2    1    0  
   0    2    5    0    1    0    3    0    4    0  
   1    0    0    0    3    2    0    4    0    5  
   2    0    5    1    0    0    0    4    3    0  
   0    3    5    4    0    2    0    1    0    0  
   0    3    2    0    0    5    0    4    1    0  
   0    0    0    0    0    4    1    2    3    5  
   0    5    3    0    1    2    0    0    0    4  
   0    0    5    0    0    4    3    2    1    0  
   3    0    4    5    2    1    0    0    0    0  
   0    3    0    4    1    0    2    0    5    0  
   4    3    1    2    5    0    0    0    0    0  
   2    0    0    5    0    1    0    0    3    4  
   1    0    2    5    0    4    0    0    0    3  
   5    0    3    0    0    1    0    0    2    4  
   1    0    0    0    0    5    0    4    2    3  
   4    0    2    0    3    1    0    5    0    0  
   3    4    0    1    0    0    0    2    0    5  
   0    0    0    1    4    3    5    2    0    0  
   5    3    1    0    2    0    0    4    0    0  
   0    1    0    4    0    5    0    0    2    3  
   5    0    3    0    1    2    4    0    0    0  
   0    5    2    3    1    0    4    0    0    0  
   3    0    0    4    2    1    0    0    0    5  
   1    0    5    0    0    3    4    2    0    0  
   0    5    4    1    0    3    0    0    0    2  
   2    0    4    3    0    5    0    0    1    0  
   1    0    0    0    5    4    0    2    3    0  
   0    5    0    0    2    3    1    0    4    0  
   5    0    0    2    1    0    4    0    0    3  
   4    1    0    0    0    2    3    5    0    0  
   4    0    3    0    1    0    0    0    2    5  
   4    0    0    1    5    0    2    0    3    0  
   1    4    0    0    2    5    3    0    0    0  
   0    0    0    0    3    0    5    2    1    4  
   0    0    0    3    1    2    0    5    0    4  
   4    5    0    0    0    0    1    2    3    0  
   0    1    5    0    0    2    0    3    0    4  
   2    0    0    1    4    3    0    0    0    5  
   0    0    0    4    5    0    2    3    0    1  
   4    2    0    0    0    0    1    3    5    0  
   1    0    0    0    3    5    2    0    0    4  
   5    0    0    0    0    4    0    2    3    1  
   0    0    1    0    0    2    0    3    5    4  
   0    5    0    0    3    4    0    2    1    0  
   2    0    0    0    0    4    5    3    1    0  
   4    0    0    0    0    2    3    0    5    1  
   2    0    0    0    0    5    4    0    1    3  
   5    2    0    0    0    4    1    3    0    0  
   4    0    2    0    1    5    3    0    0    0  
   0    0    4    2    0    5    3    0    0    1  
   0    0    0    0    2    3    5    0    1    4  
   0    5    4    0    1    3    0    0    2    0  
   0    0    0    4    2    3    0    0    1    5  
   1    2    4    0    0    0    3    0    5    0  
   3    4    0    0    0    0    1    0    5    2  
   0    0    0    2    3    1    5    0    4    0  
   3    0    1    0    5    0    0    2    4    0  
   3    2    0    0    4    5    1    0    0    0  
   4    0    1    3    5    0    2    0    0    0  
   5    1    0    0    3    0    2    4    0    0  
   0    2    0    5    3    4    0    0    1    0  
   0    4    2    1    0    0    5    0    3    0  
   0    0    2    0    0    0    1    4    3    5  
   3    5    0    0    0    0    0    4    2    1  
   0    5    0    0    0    0    4    3    2    1  
   5    2    3    4    0    0    0    0    1    0  
   0    5    4    0    2    3    0    0    0    1  
   0    2    3    0    4    1    0    0    5    0  
   0    4    3    2    0    5    0    0    0    1  
   0    5    0    0    0    1    4    2    0    3  
   1    5    0    4    3    0    0    2    0    0  
   1    0    4    0    5    3    0    0    2    0  
   0    1    0    2    4    3    0    0    5    0  
   0    1    4    0    0    2    0    0    5    3  
   0    0    0    4    3    1    0    0    2    5  
   0    5    0    0    0    3    0    1    4    2  
   0    1    0    2    0    5    3    0    4    0  
   1    4    0    2    0    3    0    5    0    0  
   1    0    2    5    0    0    0    4    3    0  
   2    1    4    0    3    0    5    0    0    0  
   2    0    0    1    0    0    4    0    3    5  
   3    2    0    1    0    5    0    4    0    0  
   0    2    3    4    5    0    0    0    0    1  
   0    2    0    1    0    5    0    4    0    3  
   1    2    5    4    0    3    0    0    0    0  
   0    4    0    2    3    0    1    5    0    0  
   0    0    0    5    2    1    0    4    0    3  
   0    3    4    0    0    2    1    0    0    5  
   2    0    0    0    3    5    4    0    1    0  
   3    0    0    1    5    0    0    0    4    2  
   2    1    3    4    5    0    0    0    0    0  
   0    4    0    0    1    2    0    0    3    5  
   0    3    1    2    0    4    0    0    5    0  
   0    0    3    0    4    2    1    5    0    0  
   0    3    0    1    5    4    0    0    0    2  
   3    0    5    0    0    0    0    2    4    1  
   2    3    0    4    1    0    0    0    0    5  
   0    3    5    0    0    2    4    1    0    0  
   0    0    5    3    0    0    1    0    4    2  
   0    2    0    0    4    0    1    3    0    5  
   4    3    0    0    0    5    1    2    0    0  
   0    0    0    2    5    3    0    0    4    1  
   0    4    1    0    0    3    0    2    0    5  
   2    0    1    0    4    3    0    5    0    0  
   3    0    4    0    0    2    1    0    5    0  
   0    5    4    0    0    3    1    2    0    0  
   0    2    1    3    0    0    5    4    0    0  
   0    3    1    2    0    4    0    5    0    0  
   0    2    0    0    3    4    0    5    0    1  
   0    4    1    0    0    0    2    0    5    3  
   0    0    4    3    1    0    5    0    0    2  
   0    1    2    0    0    4    0    0    5    3  
   4    0    0    5    0    3    1    0    2    0  
   0    0    0    0    3    0    1    4    5    2  
   1    2    0    0    5    0    0    3    4    0  
   3    0    1    2    4    0    5    0    0    0  
   1    5    3    4    0    0    0    0    0    2  
   3    0    0    4    0    2    1    5    0    0  
   4    5    0    1    0    2    0    0    0    3  
   1    3    2    0    0    0    4    5    0    0  
   0    3    0    5    0    1    0    0    4    2  
   0    0    0    1    0    3    4    5    2    0  
   0    3    1    0    2    5    4    0    0    0  
   0    0    4    5    0    2    0    3    1    0  
   0    0    1    4    0    0    3    5    0    2  
   2    0    5    0    3    0    0    0    4    1  
   0    0    1    2    5    0    3    0    0    4  
   1    0    5    0    0    3    0    4    2    0  
   0    0    2    0    5    0    3    4    0    1  
   0    0    0    3    0    2    5    0    4    1  
   0    2    0    0    0    4    5    0    1    3  
   0    3    2    0    0    0    1    0    4    5  
   5    2    4    0    0    0    3    1    0    0  
   0    0    3    0    1    5    0    4    2    0  
   4    5    2    3    0    0    1    0    0    0  
   4    1    5    0    3    0    0    2    0    0  
   0    3    0    4    1    2    5    0    0    0  
   0    5    3    0    0    0    4    0    2    1  
   0    2    5    0    0    4    0    0    1    3  
   0    0    0    5    1    2    3    4    0    0  
   4    2    1    0    0    0    0    3    0    5  
   0    3    2    4    5    0    0    1    0    0  
   0    3    0    0    1    5    4    0    2    0  
   0    0    0    3    2    0    4    0    1    5  
   0    0    2    3    5    0    0    4    1    0  
   0    0    2    4    3    0    0    0    5    1  
   5    4    1    0    0    2    0    3    0    0  
   5    0    2    0    0    1    3    0    4    0  
   4    0    0    3    0    1    0    2    5    0  ] 
RESERVATION PRICES : [    0    6    5    0    0    5    0    6    6    0  
   0   10   12    0   10    0   12    0   11    0  
  16    0    0    0   17   15    0   19    0   16  
  17    0   17   19    0    0    0   18   16    0  
   0   23   25   26    0   24    0   25    0    0  
   0   28   25    0    0   33    0   27   26    0  
   0    0    0    0    0   27   24   26   26   30  
   0   30   35    0   29   37    0    0    0   36  
   0    0   32    0    0   35   33   35   38    0  
  34    0   33   32   38   38    0    0    0    0  
   0   38    0   39   35    0   42    0   46    0  
  41   44   39   47   42    0    0    0    0    0  
  42    0    0   47    0   48    0    0   46   37  
  42    0   48   35    0   45    0    0    0   45  
  40    0   44    0    0   42    0    0   46   50  
  44    0    0    0    0   51    0   53   60   48  
  53    0   54    0   49   55    0   62    0    0  
  55   54    0   50    0    0    0   50    0   63  
   0    0    0   49   65   56   65   59    0    0  
  70   53   67    0   56    0    0   57    0    0  
   0   63    0   62    0   69    0    0   59   79  
  62    0   66    0   77   77   57    0    0    0  
   0   62   60   60   62    0   78    0    0    0  
  80    0    0   82   66   63    0    0    0   68  
  68    0   71    0    0   75   83   69    0    0  
   0   84   69   93    0   86    0    0    0   83  
  90    0   87   95    0   69    0    0   95    0  
  90    0    0    0   95   76    0   84   95    0  
   0   90    0    0  105   94   98    0  106    0  
  93    0    0   85  108    0   81    0    0   84  
  84  107    0    0    0   99  107  100    0    0  
 118    0   91    0   91    0    0    0  119  110  
 111    0    0   91  101    0  102    0  122    0  
 110   93    0    0  126   99  116    0    0    0  
   0    0    0    0  128    0  112  120  123  124  
   0    0    0  122  122  137    0  131    0  112  
 114  124    0    0    0    0  129  114  103    0  
   0  114  110    0    0  111    0  135    0  105  
 142    0    0  119  132  120    0    0    0  125  
   0    0    0  128  117    0  144  118    0  144  
 134  123    0    0    0    0  147  124  151    0  
 160    0    0    0  121  150  158    0    0  159  
 145    0    0    0    0  125    0  125  147  133  
   0    0  127    0    0  132    0  130  129  130  
   0  135    0    0  169  173    0  130  151    0  
 145    0    0    0    0  152  132  154  128    0  
 147    0    0    0    0  139  166    0  163  153  
 172    0    0    0    0  156  146    0  172  145  
 147  151    0    0    0  153  180  172    0    0  
 153    0  152    0  153  180  169    0    0    0  
   0    0  152  148    0  157  175    0    0  187  
   0    0    0    0  172  189  156    0  187  181  
   0  176  149    0  154  145    0    0  153    0  
   0    0    0  147  143  171    0    0  181  154  
 147  176  197    0    0    0  149    0  166    0  
 190  159    0    0    0    0  203    0  206  200  
   0    0    0  202  160  158  179    0  167    0  
 198    0  161    0  162    0    0  161  167    0  
 162  155    0    0  215  171  177    0    0    0  
 163    0  198  164  175    0  205    0    0    0  
 218  190    0    0  205    0  192  175    0    0  
   0  200    0  225  215  190    0    0  198    0  
   0  189  173  234    0    0  225    0  196    0  
   0    0  199    0    0    0  214  203  199  190  
 209  212    0    0    0    0    0  240  189  212  
   0  241    0    0    0    0  238  187  211  218  
 196  195  218  190    0    0    0    0  189    0  
   0  206  242    0  191  184    0    0    0  205  
   0  245  245    0  238  242    0    0  197    0  
   0  200  194  242    0  212    0    0    0  248  
   0  259    0    0    0  247  194  253    0  219  
 252  241    0  223  239    0    0  200    0    0  
 222    0  194    0  240  225    0    0  257    0  
   0  253    0  247  265  271    0    0  230    0  
   0  271  240    0    0  274    0    0  249  212  
   0    0    0  267  251  224    0    0  206  253  
   0  273    0    0    0  221    0  276  256  223  
   0  246    0  242    0  263  213    0  237    0  
 236  215    0  263    0  242    0  265    0    0  
 286    0  262  276    0    0    0  261  264    0  
 217  220  267    0  231    0  234    0    0    0  
 247    0    0  272    0    0  291    0  224  256  
 289  258    0  238    0  243    0  235    0    0  
   0  232  251  270  281    0    0    0    0  233  
   0  273    0  298    0  235    0  292    0  298  
 237  256  258  248    0  285    0    0    0    0  
   0  304    0  301  239    0  303  311    0    0  
   0    0    0  285  300  310    0  294    0  278  
   0  300  289    0    0  267  298    0    0  299  
 275    0    0    0  288  306  311    0  323    0  
 273    0    0  242  278    0    0    0  274  289  
 318  285  281  289  259    0    0    0    0    0  
   0  256    0    0  301  244    0    0  269  310  
   0  337  312  257    0  249    0    0  270    0  
   0    0  320    0  296  349  268  285    0    0  
   0  350    0  339  299  278    0    0    0  272  
 304    0  303    0    0    0    0  355  324  335  
 317  308    0  291  347    0    0    0    0  333  
   0  321  277    0    0  349  347  291    0    0  
   0    0  323  276    0    0  291    0  320  323  
   0  307    0    0  367    0  309  361    0  284  
 295  312    0    0    0  376  321  291    0    0  
   0    0    0  348  301  380    0    0  327  321  
   0  335  302    0    0  325    0  299    0  321  
 289    0  314    0  391  316    0  322    0    0  
 313    0  392    0    0  350  352    0  313    0  
   0  317  403    0    0  399  341  340    0    0  
   0  328  401  392    0    0  322  342    0    0  
   0  364  376  400    0  335    0  342    0    0  
   0  374    0    0  358  402    0  336    0  338  
   0  396  381    0    0    0  333    0  377  366  
   0    0  406  332  341    0  420    0    0  339  
   0  396  353    0    0  402    0    0  374  314  
 435    0    0  383    0  375  381    0  425    0  
   0    0    0    0  370    0  351  400  428  408  
 366  330    0    0  327    0    0  366  432    0  
 420    0  409  421  439    0  383    0    0    0  
 380  363  399  386    0    0    0    0    0  397  
 431    0    0  422    0  329  382  328    0    0  
 354  380    0  445    0  438    0    0    0  355  
 360  361  415    0    0    0  411  352    0    0  
   0  381    0  374    0  442    0    0  433  378  
   0    0    0  433    0  428  354  451  336    0  
   0  442  342    0  428  407  335    0    0    0  
   0    0  362  336    0  416    0  404  349    0  
   0    0  351  411    0    0  346  344    0  410  
 462    0  465    0  421    0    0    0  439  385  
   0    0  386  385  345    0  475    0    0  470  
 392    0  374    0    0  412    0  358  433    0  
   0    0  479    0  357    0  459  383    0  407  
   0    0    0  478    0  429  416    0  459  378  
   0  387    0    0    0  413  408    0  484  395  
   0  427  406    0    0    0  464    0  435  464  
 422  409  466    0    0    0  448  434    0    0  
   0    0  489    0  396  432    0  452  496    0  
 499  470  436  407    0    0  462    0    0    0  
 491  471  383    0  495    0    0  423    0    0  
   0  371    0  375  499  513  431    0    0    0  
   0  448  425    0    0    0  385    0  517  505  
   0  402  401    0    0  496    0    0  414  429  
   0    0    0  404  381  403  453  512    0    0  
 508  426  430    0    0    0    0  387    0  442  
   0  486  507  469  512    0    0  459    0    0  
   0  538    0    0  480  469  497    0  517    0  
   0    0    0  487  507    0  411    0  523  460  
   0    0  544  529  460    0    0  518  493    0  
   0    0  483  417  458    0    0    0  457  524  
 526  399  549    0    0  510    0  414    0    0  
 453    0  417    0    0  458  513    0  420    0  
 485    0    0  444    0  463    0  531  424    0  ] 
 ] 
