K : 75
I : 5
C : 15
INSTANCE : 4
PREFERENCES : [    3    0    1    2    0  
   1    3    2    0    0  
   0    2    3    1    0  
   3    1    2    0    0  
   0    1    2    0    3  
   3    0    0    2    1  
   0    2    1    3    0  
   2    0    3    0    1  
   0    2    1    0    3  
   1    0    3    2    0  
   1    3    0    0    2  
   0    1    0    3    2  
   1    2    3    0    0  
   0    2    0    1    3  
   0    2    0    3    1  
   1    0    2    0    3  
   3    1    0    0    2  
   1    0    3    0    2  
   3    0    1    2    0  
   2    3    1    0    0  
   0    3    1    0    2  
   0    1    3    2    0  
   1    0    3    0    2  
   2    3    0    0    1  
   0    0    1    3    2  
   2    0    3    0    1  
   1    0    3    2    0  
   1    0    0    2    3  
   0    2    0    3    1  
   0    0    1    2    3  
   2    0    1    3    0  
   0    0    1    3    2  
   0    0    1    2    3  
   1    3    0    0    2  
   2    3    0    0    1  
   3    0    2    1    0  
   0    2    0    3    1  
   0    3    0    2    1  
   1    0    0    3    2  
   0    3    0    1    2  
   2    0    0    1    3  
   1    0    0    3    2  
   1    3    0    2    0  
   3    0    2    1    0  
   3    0    2    1    0  
   2    3    0    1    0  
   0    3    2    0    1  
   1    0    2    3    0  
   0    1    0    3    2  
   2    0    3    0    1  
   3    1    2    0    0  
   0    2    1    3    0  
   1    0    3    2    0  
   0    2    3    1    0  
   2    1    3    0    0  
   2    0    3    1    0  
   0    0    3    2    1  
   2    0    3    1    0  
   0    3    0    1    2  
   0    0    1    2    3  
   0    2    3    1    0  
   0    2    1    0    3  
   0    2    0    1    3  
   0    0    2    3    1  
   0    0    1    3    2  
   0    3    1    0    2  
   3    0    2    0    1  
   1    3    2    0    0  
   1    3    0    0    2  
   3    0    1    0    2  
   0    0    1    2    3  
   0    1    2    0    3  
   0    0    1    2    3  
   2    1    0    3    0  
   2    0    3    0    1  ] 
RESERVATION PRICES : [    5    0    6    6    0  
   6    5    5    0    0  
   0   10   13   13    0  
  15   14   17    0    0  
   0   17   18    0   16  
  23    0    0   21   24  
   0   26   32   30    0  
  26    0   32    0   31  
   0   34   34    0   36  
  45    0   41   42    0  
  43   44    0    0   45  
   0   40    0   50   43  
  47   50   50    0    0  
   0   48    0   45   51  
   0   45    0   55   49  
  53    0   60    0   55  
  61   68    0    0   63  
  61    0   73    0   70  
  66    0   67   76    0  
  60   60   71    0    0  
   0   72   68    0   67  
   0   73   82   76    0  
  85    0   75    0   86  
  71   92    0    0   88  
   0    0   86   75   88  
  92    0   90    0   84  
 108    0   82  105    0  
 101    0    0   83  103  
   0   93    0  100  109  
   0    0  122   98  114  
 108    0  124  117    0  
   0    0  114  110  114  
   0    0  131  124  106  
 106  132    0    0  104  
 134  113    0    0  108  
 153    0  127  114    0  
   0  127    0  134  121  
   0  131    0  155  138  
 129    0    0  155  119  
   0  161    0  125  158  
 125    0    0  141  155  
 127    0    0  156  158  
 135  130    0  161    0  
 146    0  132  151    0  
 149    0  133  135    0  
 158  162    0  152    0  
   0  172  149    0  174  
 182    0  154  158    0  
   0  148    0  184  181  
 160    0  192    0  189  
 174  176  187    0    0  
   0  145  159  155    0  
 157    0  151  159    0  
   0  187  183  178    0  
 174  181  149    0    0  
 154    0  194  188    0  
   0    0  178  180  161  
 191    0  176  202    0  
   0  209    0  217  203  
   0    0  197  182  180  
   0  206  201  193    0  
   0  195  228    0  171  
   0  213    0  218  174  
   0    0  183  174  219  
   0    0  227  199  221  
   0  203  239    0  233  
 218    0  255    0  198  
 219  186  191    0    0  
 198  233    0    0  196  
 217    0  204    0  234  
   0    0  249  268  193  
   0  262  205    0  197  
   0    0  223  268  238  
 262  201    0  276    0  
 242    0  205    0  204  ] 
 ] 
