K : 150
I : 15
C : 6
INSTANCE : 2
PREFERENCES : [    1    4    2    0    0    0    5    0    0    0    0    0    0    3    0  
   0    4    0    2    1    3    0    0    0    0    0    0    0    0    5  
   0    0    0    0    2    0    0    0    5    0    0    4    0    1    3  
   0    0    0    2    5    0    0    3    0    4    0    0    0    0    1  
   1    0    0    0    0    3    2    0    5    0    4    0    0    0    0  
   0    1    4    0    0    0    0    0    0    0    2    0    0    3    5  
   0    5    4    0    1    0    0    0    2    0    0    0    0    0    3  
   0    5    4    0    1    0    0    3    0    0    0    0    2    0    0  
   0    3    0    0    1    2    5    0    0    0    0    0    0    4    0  
   0    0    1    4    5    0    0    0    2    3    0    0    0    0    0  
   0    0    0    1    5    2    0    0    0    0    0    0    4    3    0  
   1    0    2    0    0    0    0    0    0    0    0    5    4    0    3  
   1    4    0    0    0    0    3    0    0    0    0    0    2    5    0  
   0    0    0    1    0    2    3    0    0    0    0    4    5    0    0  
   0    4    2    0    0    0    0    0    0    0    0    3    5    1    0  
   5    0    0    3    4    0    0    0    0    0    0    0    1    2    0  
   0    0    4    5    0    0    1    0    0    0    0    0    2    3    0  
   4    0    3    0    0    0    5    2    0    1    0    0    0    0    0  
   0    0    0    4    2    1    0    0    0    0    0    3    0    5    0  
   0    0    0    0    5    1    0    0    4    2    0    0    0    3    0  
   1    0    0    0    0    3    5    2    4    0    0    0    0    0    0  
   0    3    0    0    0    1    0    0    5    0    4    0    2    0    0  
   5    4    0    3    0    0    0    0    0    0    0    0    0    2    1  
   0    0    0    4    2    1    0    0    5    0    3    0    0    0    0  
   0    4    0    0    5    0    0    1    0    0    0    0    2    0    3  
   4    0    0    0    3    0    0    0    0    1    2    5    0    0    0  
   4    0    0    0    0    0    0    3    0    1    2    0    0    5    0  
   1    0    0    2    0    0    3    0    5    0    4    0    0    0    0  
   0    0    0    0    0    5    0    0    2    3    0    0    0    4    1  
   2    0    5    0    3    0    0    1    0    0    0    0    0    4    0  
   0    1    0    0    0    0    2    0    0    0    0    5    0    4    3  
   5    0    0    0    0    0    2    3    0    0    0    4    1    0    0  
   0    0    4    0    0    0    2    0    0    0    5    0    1    3    0  
   4    0    0    0    0    1    0    0    0    0    0    5    0    3    2  
   2    0    0    3    0    0    0    0    0    1    5    0    0    4    0  
   0    5    0    0    4    1    0    0    0    2    0    0    3    0    0  
   0    5    1    0    0    3    4    0    0    0    0    0    2    0    0  
   5    0    0    0    0    1    0    2    3    0    0    0    0    4    0  
   0    5    0    0    0    0    0    4    2    0    0    3    0    1    0  
   0    0    0    0    4    0    2    1    0    0    0    5    0    3    0  
   1    0    0    0    0    0    3    0    0    0    5    0    4    0    2  
   0    0    0    0    0    2    3    1    0    5    4    0    0    0    0  
   2    0    1    0    0    0    4    5    0    3    0    0    0    0    0  
   0    0    3    0    0    2    0    0    0    5    0    1    0    4    0  
   1    0    2    0    0    5    0    3    0    0    0    0    0    0    4  
   4    0    0    1    0    0    0    0    0    3    0    0    0    5    2  
   0    0    5    1    0    0    0    0    0    0    4    0    3    2    0  
   0    0    0    2    1    4    0    5    0    3    0    0    0    0    0  
   1    2    0    0    0    4    5    0    0    0    0    0    0    0    3  
   4    5    0    0    0    0    0    0    2    0    0    1    3    0    0  
   0    0    4    0    0    0    0    5    3    0    2    0    1    0    0  
   0    0    2    5    3    0    4    1    0    0    0    0    0    0    0  
   4    0    0    0    0    0    0    3    0    5    2    0    1    0    0  
   2    0    0    0    0    4    1    5    0    0    0    0    0    0    3  
   0    0    0    2    0    0    0    0    4    0    0    0    3    5    1  
   3    4    0    0    0    5    0    0    0    0    1    0    0    0    2  
   4    0    0    2    0    0    0    0    5    0    0    3    1    0    0  
   0    0    0    0    3    0    5    0    0    0    0    1    0    4    2  
   0    0    0    4    0    5    0    1    0    2    3    0    0    0    0  
   4    3    5    0    0    0    0    1    0    0    0    0    0    2    0  
   0    1    0    0    0    2    0    4    0    3    5    0    0    0    0  
   2    3    0    0    0    0    0    5    0    0    4    0    1    0    0  
   2    0    0    1    5    4    0    0    0    0    0    0    3    0    0  
   5    4    0    1    0    0    0    0    3    2    0    0    0    0    0  
   0    0    0    0    0    0    0    3    0    2    0    5    0    1    4  
   3    0    0    2    0    0    0    1    0    0    0    0    4    0    5  
   3    0    0    2    0    0    0    5    0    0    0    4    0    1    0  
   2    0    3    5    0    0    4    0    0    1    0    0    0    0    0  
   2    0    0    0    3    0    0    0    0    5    4    0    1    0    0  
   5    0    0    3    0    0    1    0    0    2    0    0    0    4    0  
   1    0    4    0    0    3    2    0    0    0    0    5    0    0    0  
   0    5    4    0    1    3    0    0    2    0    0    0    0    0    0  
   0    4    2    0    0    0    0    5    0    0    0    1    3    0    0  
   0    0    0    4    2    0    3    0    0    1    5    0    0    0    0  
   0    4    1    0    0    0    0    3    0    5    0    0    0    0    2  
   0    5    3    0    1    0    0    0    0    0    0    0    0    2    4  
   0    0    1    4    0    0    5    0    3    0    0    0    0    2    0  
   0    0    0    0    4    0    0    5    0    0    1    0    3    2    0  
   0    4    0    1    3    0    0    0    0    2    0    0    5    0    0  
   0    0    3    2    0    0    1    0    5    0    0    0    0    4    0  
   2    3    0    0    0    0    5    0    4    0    0    0    0    1    0  
   0    2    0    0    4    0    0    0    0    3    5    1    0    0    0  
   0    0    4    0    0    3    1    0    0    0    0    0    0    2    5  
   0    0    2    5    3    0    0    1    4    0    0    0    0    0    0  
   0    0    0    0    0    3    0    0    4    1    0    2    0    5    0  
   2    1    0    0    0    0    3    0    0    0    0    4    5    0    0  
   0    0    5    1    0    0    3    0    4    0    0    0    0    0    2  
   0    3    4    0    0    0    0    0    5    0    0    1    2    0    0  
   0    0    0    2    0    0    0    0    0    0    0    3    4    5    1  
   0    0    0    1    3    0    2    4    0    0    0    0    5    0    0  
   0    0    0    0    0    0    0    0    2    4    1    5    0    3    0  
   0    2    3    0    0    0    5    0    0    0    1    4    0    0    0  
   0    0    0    0    2    3    0    0    1    0    0    0    4    5    0  
   5    4    0    2    0    0    3    0    0    0    0    0    0    1    0  
   4    3    2    1    5    0    0    0    0    0    0    0    0    0    0  
   0    0    0    0    0    0    3    0    5    0    0    4    1    2    0  
   5    0    2    0    0    0    3    0    0    0    0    0    4    0    1  
   0    4    0    0    0    3    0    2    0    5    0    1    0    0    0  
   0    0    2    0    0    4    0    0    0    5    1    0    0    3    0  
   0    2    0    0    0    0    0    4    5    0    0    0    0    3    1  
   0    0    0    0    0    4    0    0    3    5    0    1    2    0    0  
   5    0    0    0    0    3    2    0    0    0    4    1    0    0    0  
   0    0    0    0    0    0    0    1    0    4    3    0    5    0    2  
   0    1    3    0    2    0    0    5    0    0    0    0    0    0    4  
   1    0    0    2    3    0    0    0    0    5    4    0    0    0    0  
   0    4    2    0    0    5    0    0    0    1    0    3    0    0    0  
   0    3    0    0    0    2    0    0    0    0    0    1    0    5    4  
   0    0    0    0    5    0    0    4    0    0    0    3    0    1    2  
   0    0    0    5    1    0    0    0    3    0    4    0    0    2    0  
   0    5    3    0    0    0    0    0    2    0    0    0    4    0    1  
   0    2    0    3    5    0    0    0    4    0    0    0    0    1    0  
   0    0    0    5    3    0    1    4    0    0    0    0    2    0    0  
   0    0    3    0    4    0    0    0    2    0    5    0    0    1    0  
   0    0    0    0    2    4    0    0    0    0    1    5    0    3    0  
   0    0    1    0    0    4    0    3    0    5    0    0    0    0    2  
   1    0    0    0    4    0    0    5    0    3    0    2    0    0    0  
   5    0    0    0    0    0    4    3    0    1    0    0    0    2    0  
   0    0    0    0    0    0    5    0    0    1    4    0    0    3    2  
   0    0    0    5    0    0    4    0    0    2    0    3    0    1    0  
   0    4    3    0    0    1    0    0    0    2    0    0    5    0    0  
   0    2    0    0    0    0    0    5    0    4    1    0    0    0    3  
   0    0    4    2    3    0    0    0    0    1    0    0    0    0    5  
   0    5    0    0    0    0    0    2    0    4    0    0    3    0    1  
   0    1    0    0    0    0    2    5    0    0    4    3    0    0    0  
   0    3    0    0    0    0    2    0    0    0    1    4    5    0    0  
   0    0    0    0    4    0    0    2    1    5    0    3    0    0    0  
   0    1    0    0    0    5    0    3    0    0    4    2    0    0    0  
   1    0    2    0    4    0    0    3    0    5    0    0    0    0    0  
   0    0    0    0    0    4    5    0    1    3    0    0    0    2    0  
   0    0    3    1    0    0    4    0    0    0    5    0    0    2    0  
   0    0    2    1    0    3    0    0    0    0    0    0    0    5    4  
   0    2    0    0    0    0    0    3    4    0    0    1    0    5    0  
   0    2    0    3    0    0    0    0    0    4    1    0    5    0    0  
   0    0    0    4    2    3    0    0    0    1    0    5    0    0    0  
   1    0    0    4    0    0    0    0    0    0    2    0    5    0    3  
   0    1    0    0    0    0    0    0    0    3    2    0    0    5    4  
   0    2    0    0    1    0    3    0    0    0    4    5    0    0    0  
   4    1    0    0    0    3    0    0    0    0    0    2    0    0    5  
   0    4    0    2    5    0    0    0    0    0    3    0    0    1    0  
   5    0    1    0    0    2    0    4    0    0    3    0    0    0    0  
   3    4    0    0    0    0    0    0    5    1    0    0    0    0    2  
   0    4    3    0    2    0    0    0    1    0    0    5    0    0    0  
   0    1    0    0    0    0    0    0    2    3    4    0    0    5    0  
   0    0    0    3    0    0    0    4    0    2    1    0    0    0    5  
   0    4    3    0    0    0    0    5    0    1    0    0    0    2    0  
   0    4    0    0    2    0    0    0    0    0    3    0    0    5    1  
   3    0    2    4    0    0    0    0    1    0    0    5    0    0    0  
   0    1    0    5    0    0    0    0    2    3    0    0    4    0    0  
   5    0    0    0    4    3    0    0    1    0    0    0    0    0    2  
   3    5    0    0    0    0    0    0    1    0    2    0    4    0    0  ] 
RESERVATION PRICES : [    7    8    9    0    0    0    9    0    0    0    0    0    0    8    0  
   0   13    0   14   11   13    0    0    0    0    0    0    0    0   12  
   0    0    0    0   15    0    0    0   19    0    0   14    0   17   14  
   0    0    0   20   22    0    0   17    0   18    0    0    0    0   20  
  22    0    0    0    0   23   24    0   26    0   27    0    0    0    0  
   0   28   25    0    0    0    0    0    0    0   30    0    0   32   30  
   0   34   31    0   26    0    0    0   28    0    0    0    0    0   33  
   0   31   37    0   37    0    0   29    0    0    0    0   32    0    0  
   0   37    0    0   29   30   31    0    0    0    0    0    0   35    0  
   0    0   39   42   38    0    0    0   36   39    0    0    0    0    0  
   0    0    0   46   39   45    0    0    0    0    0    0   47   38    0  
  53    0   47    0    0    0    0    0    0    0    0   40   43    0   40  
  51   42    0    0    0    0   48    0    0    0    0    0   55   53    0  
   0    0    0   64    0   56   60    0    0    0    0   58   58    0    0  
   0   52   56    0    0    0    0    0    0    0    0   64   52   55    0  
  57    0    0   61   64    0    0    0    0    0    0    0   64   59    0  
   0    0   62   63    0    0   69    0    0    0    0    0   59   69    0  
  59    0   73    0    0    0   63   64    0   65    0    0    0    0    0  
   0    0    0   70   61   61    0    0    0    0    0   73    0   73    0  
   0    0    0    0   71   73    0    0   65   76    0    0    0   72    0  
  76    0    0    0    0   73   91   74   67    0    0    0    0    0    0  
   0   86    0    0    0   92    0    0   73    0   83    0   86    0    0  
  89   76    0   83    0    0    0    0    0    0    0    0    0   74   77  
   0    0    0   80   77   75    0    0   81    0   80    0    0    0    0  
   0  112    0    0   86    0    0  100    0    0    0    0  100    0  110  
 109    0    0    0  115    0    0    0    0   93  114  109    0    0    0  
  92    0    0    0    0    0    0  114    0  104   98    0    0   86    0  
 108    0    0   91    0    0  122    0  110    0  119    0    0    0    0  
   0    0    0    0    0  107    0    0  114  105    0    0    0  113  113  
 115    0  108    0  109    0    0   96    0    0    0    0    0  113    0  
   0  104    0    0    0    0  104    0    0    0    0  120    0  106   98  
 109    0    0    0    0    0  105  137    0    0    0  112  136    0    0  
   0    0  138    0    0    0  128    0    0    0  110    0  134  124    0  
 141    0    0    0    0  133    0    0    0    0    0  140    0  122  139  
 120    0    0  129    0    0    0    0    0  147  144    0    0  130    0  
   0  142    0    0  155  127    0    0    0  146    0    0  155    0    0  
   0  119  131    0    0  124  148    0    0    0    0    0  141    0    0  
 121    0    0    0    0  153    0  145  146    0    0    0    0  133    0  
   0  159    0    0    0    0    0  138  162    0    0  140    0  164    0  
   0    0    0    0  156    0  154  162    0    0    0  156    0  139    0  
 136    0    0    0    0    0  140    0    0    0  171    0  129    0  141  
   0    0    0    0    0  165  131  161    0  159  129    0    0    0    0  
 184    0  156    0    0    0  151  187    0  187    0    0    0    0    0  
   0    0  160    0    0  148    0    0    0  152    0  138    0  163    0  
 151    0  146    0    0  157    0  166    0    0    0    0    0    0  192  
 157    0    0  185    0    0    0    0    0  145    0    0    0  142  155  
   0    0  166  153    0    0    0    0    0    0  162    0  147  179    0  
   0    0    0  177  182  176    0  174    0  173    0    0    0    0    0  
 168  191    0    0    0  163  195    0    0    0    0    0    0    0  156  
 157  198    0    0    0    0    0    0  151    0    0  152  182    0    0  
   0    0  191    0    0    0    0  187  210    0  159    0  164    0    0  
   0    0  215  205  160    0  183  212    0    0    0    0    0    0    0  
 162    0    0    0    0    0    0  210    0  164  222    0  188    0    0  
 173    0    0    0    0  227  227  186    0    0    0    0    0    0  218  
   0    0    0  198    0    0    0    0  188    0    0    0  173  216  230  
 201  175    0    0    0  213    0    0    0    0  169    0    0    0  201  
 234    0    0  228    0    0    0    0  222    0    0  210  182    0    0  
   0    0    0    0  183    0  173    0    0    0    0  184    0  189  216  
   0    0    0  239    0  242    0  176    0  206  190    0    0    0    0  
 201  207  240    0    0    0    0  198    0    0    0    0    0  214    0  
   0  238    0    0    0  206    0  201    0  215  181    0    0    0    0  
 197  197    0    0    0    0    0  212    0    0  250    0  188    0    0  
 196    0    0  204  184  202    0    0    0    0    0    0  240    0    0  
 217  227    0  189    0    0    0    0  241  189    0    0    0    0    0  
   0    0    0    0    0    0    0  246    0  266    0  199    0  233  219  
 237    0    0  244    0    0    0  221    0    0    0    0  223    0  202  
 216    0    0  197    0    0    0  226    0    0    0  269    0  221    0  
 264    0  220  215    0    0  209    0    0  255    0    0    0    0    0  
 251    0    0    0  255    0    0    0    0  213  217    0  237    0    0  
 203    0    0  202    0    0  250    0    0  249    0    0    0  274    0  
 269    0  214    0    0  253  261    0    0    0    0  269    0    0    0  
   0  266  285    0  280  287    0    0  207    0    0    0    0    0    0  
   0  282  263    0    0    0    0  225    0    0    0  212  248    0    0  
   0    0    0  287  279    0  238    0    0  241  270    0    0    0    0  
   0  262  223    0    0    0    0  270    0  220    0    0    0    0  217  
   0  290  292    0  217    0    0    0    0    0    0    0    0  233  252  
   0    0  277  247    0    0  219    0  235    0    0    0    0  229    0  
   0    0    0    0  271    0    0  282    0    0  303    0  297  280    0  
   0  255    0  288  243    0    0    0    0  234    0    0  282    0    0  
   0    0  294  276    0    0  281    0  231    0    0    0    0  239    0  
 291  303    0    0    0    0  242    0  302    0    0    0    0  269    0  
   0  291    0    0  307    0    0    0    0  262  242  281    0    0    0  
   0    0  250    0    0  267  258    0    0    0    0    0    0  306  313  
   0    0  327  261  245    0    0  292  291    0    0    0    0    0    0  
   0    0    0    0    0  271    0    0  313  253    0  279    0  273    0  
 251  319    0    0    0    0  243    0    0    0    0  295  330    0    0  
   0    0  339  281    0    0  340    0  309    0    0    0    0    0  282  
   0  289  297    0    0    0    0    0  313    0    0  262  263    0    0  
   0    0    0  245    0    0    0    0    0    0    0  317  306  325  275  
   0    0    0  324  341    0  289  270    0    0    0    0  268    0    0  
   0    0    0    0    0    0    0    0  306  264  340  319    0  333    0  
   0  328  274    0    0    0  337    0    0    0  332  287    0    0    0  
   0    0    0    0  274  322    0    0  326    0    0    0  303  285    0  
 268  306    0  325    0    0  360    0    0    0    0    0    0  361    0  
 314  365  265  269  329    0    0    0    0    0    0    0    0    0    0  
   0    0    0    0    0    0  319    0  268    0    0  271  340  305    0  
 347    0  367    0    0    0  281    0    0    0    0    0  369    0  344  
   0  286    0    0    0  338    0  345    0  376    0  273    0    0    0  
   0    0  341    0    0  293    0    0    0  332  291    0    0  336    0  
   0  349    0    0    0    0    0  297  342    0    0    0    0  323  378  
   0    0    0    0    0  312    0    0  345  369    0  329  320    0    0  
 372    0    0    0    0  281  300    0    0    0  351  324    0    0    0  
   0    0    0    0    0    0    0  305    0  325  347    0  372    0  347  
   0  359  357    0  294    0    0  283    0    0    0    0    0    0  381  
 287    0    0  392  337    0    0    0    0  290  368    0    0    0    0  
   0  389  316    0    0  286    0    0    0  388    0  290    0    0    0  
   0  322    0    0    0  310    0    0    0    0    0  364    0  305  386  
   0    0    0    0  328    0    0  339    0    0    0  396    0  389  354  
   0    0    0  319  381    0    0    0  390    0  396    0    0  314    0  
   0  326  326    0    0    0    0    0  332    0    0    0  375    0  406  
   0  377    0  399  309    0    0    0  323    0    0    0    0  335    0  
   0    0    0  369  374    0  416  305    0    0    0    0  314    0    0  
   0    0  329    0  412    0    0    0  310    0  363    0    0  419    0  
   0    0    0    0  363  307    0    0    0    0  324  315    0  385    0  
   0    0  335    0    0  372    0  378    0  317    0    0    0    0  428  
 410    0    0    0  342    0    0  331    0  418    0  430    0    0    0  
 369    0    0    0    0    0  409  409    0  350    0    0    0  414    0  
   0    0    0    0    0    0  403    0    0  319  367    0    0  413  370  
   0    0    0  438    0    0  410    0    0  387    0  377    0  400    0  
   0  446  385    0    0  429    0    0    0  367    0    0  370    0    0  
   0  377    0    0    0    0    0  378    0  360  401    0    0    0  347  
   0    0  411  409  448    0    0    0    0  329    0    0    0    0  414  
   0  342    0    0    0    0    0  383    0  443    0    0  386    0  350  
   0  392    0    0    0    0  358  342    0    0  461  346    0    0    0  
   0  378    0    0    0    0  425    0    0    0  434  400  442    0    0  
   0    0    0    0  352    0    0  373  372  398    0  389    0    0    0  
   0  368    0    0    0  422    0  427    0    0  452  435    0    0    0  
 482    0  381    0  377    0    0  412    0  360    0    0    0    0    0  
   0    0    0    0    0  483  394    0  416  412    0    0    0  406    0  
   0    0  374  402    0    0  355    0    0    0  438    0    0  409    0  
   0    0  426  415    0  421    0    0    0    0    0    0    0  395  435  
   0  426    0    0    0    0    0  486  499    0    0  455    0  467    0  
   0  362    0  388    0    0    0    0    0  407  433    0  431    0    0  
   0    0    0  468  364  390    0    0    0  472    0  384    0    0    0  
 484    0    0  428    0    0    0    0    0    0  502    0  396    0  433  
   0  372    0    0    0    0    0    0    0  463  500    0    0  396  411  
   0  466    0    0  415    0  490    0    0    0  366  462    0    0    0  
 397  473    0    0    0  446    0    0    0    0    0  408    0    0  472  
   0  387    0  381  453    0    0    0    0    0  407    0    0  378    0  
 509    0  512    0    0  429    0  427    0    0  513    0    0    0    0  
 443  480    0    0    0    0    0    0  455  500    0    0    0    0  392  
   0  462  462    0  407    0    0    0  403    0    0  517    0    0    0  
   0  414    0    0    0    0    0    0  496  475  385    0    0  393    0  
   0    0    0  498    0    0    0  407    0  424  396    0    0    0  533  
   0  416  407    0    0    0    0  508    0  518    0    0    0  537    0  
   0  456    0    0  405    0    0    0    0    0  502    0    0  494  410  
 493    0  449  545    0    0    0    0  422    0    0  523    0    0    0  
   0  519    0  524    0    0    0    0  501  524    0    0  445    0    0  
 486    0    0    0  448  540    0    0  491    0    0    0    0    0  448  
 525  521    0    0    0    0    0    0  536    0  493    0  417    0    0  ] 
 ] 
