K : 100
I : 10
C : 10
INSTANCE : 5
PREFERENCES : [    0    1    0    0    0    2    4    0    5    3  
   3    0    2    1    4    5    0    0    0    0  
   2    1    3    4    0    0    0    5    0    0  
   0    5    0    3    2    1    0    0    0    4  
   5    2    4    3    1    0    0    0    0    0  
   0    0    0    2    4    3    5    0    1    0  
   0    2    0    0    0    5    4    3    0    1  
   3    2    0    5    0    0    4    1    0    0  
   1    4    0    0    2    0    0    5    0    3  
   1    0    0    2    0    4    3    0    0    5  
   0    3    5    0    0    2    0    4    1    0  
   0    0    5    0    2    4    1    3    0    0  
   0    4    0    0    0    3    1    0    5    2  
   0    0    3    0    1    0    2    5    0    4  
   0    0    0    1    0    2    0    3    5    4  
   2    0    0    1    0    3    0    0    5    4  
   0    1    3    2    0    0    4    0    5    0  
   0    2    0    0    4    0    1    5    0    3  
   0    3    0    4    0    0    5    1    0    2  
   3    0    1    0    0    2    4    0    0    5  
   5    0    3    0    1    4    0    2    0    0  
   1    0    5    0    0    4    0    2    3    0  
   0    0    1    2    3    4    0    0    5    0  
   0    0    4    0    5    2    0    0    3    1  
   5    2    1    0    3    0    0    0    0    4  
   5    0    0    1    0    0    3    4    2    0  
   5    0    0    1    3    4    0    0    0    2  
   0    4    3    2    5    0    0    0    1    0  
   4    3    2    0    5    1    0    0    0    0  
   2    0    3    5    4    0    0    0    1    0  
   0    1    5    2    4    0    0    3    0    0  
   2    0    4    1    0    5    0    3    0    0  
   0    3    0    0    2    0    4    0    5    1  
   4    5    0    2    0    0    1    0    3    0  
   4    0    0    2    3    5    1    0    0    0  
   1    4    0    0    2    0    3    0    0    5  
   2    0    0    3    0    0    4    1    0    5  
   5    0    0    0    0    2    3    0    4    1  
   4    0    1    3    0    0    0    2    5    0  
   0    0    0    5    3    4    2    0    0    1  
   0    0    4    1    0    0    3    2    5    0  
   0    5    0    4    1    0    3    2    0    0  
   0    0    4    0    3    5    2    1    0    0  
   0    2    0    4    0    5    0    1    0    3  
   5    0    3    2    1    4    0    0    0    0  
   0    3    0    4    1    0    0    5    2    0  
   0    0    0    3    1    4    0    2    0    5  
   0    0    4    0    2    3    5    1    0    0  
   5    0    4    2    0    0    0    3    0    1  
   0    5    0    2    0    1    0    4    3    0  
   0    3    2    1    5    0    4    0    0    0  
   1    0    0    0    0    4    2    5    3    0  
   0    1    5    0    0    0    0    3    4    2  
   1    2    4    0    0    3    0    0    0    5  
   3    1    4    0    0    2    5    0    0    0  
   0    0    4    2    3    0    0    0    1    5  
   0    4    2    5    0    3    0    0    0    1  
   4    2    3    1    0    0    0    5    0    0  
   1    2    0    0    0    3    0    0    5    4  
   2    0    0    0    3    5    4    0    1    0  
   0    1    3    0    4    0    0    0    5    2  
   2    0    0    0    5    4    1    0    0    3  
   0    1    3    4    0    0    2    0    0    5  
   2    5    0    4    0    3    0    1    0    0  
   2    0    0    5    4    3    0    1    0    0  
   4    5    0    1    0    0    3    2    0    0  
   0    0    0    4    3    1    5    0    0    2  
   0    5    0    2    4    3    0    0    0    1  
   0    1    0    0    0    5    0    2    3    4  
   0    2    3    0    1    0    0    4    0    5  
   2    0    0    0    5    4    0    0    3    1  
   4    0    0    5    0    0    2    0    3    1  
   1    0    2    0    5    0    3    4    0    0  
   1    0    0    3    2    5    4    0    0    0  
   3    4    0    0    0    0    0    1    2    5  
   5    0    0    0    1    3    4    0    2    0  
   5    0    4    1    0    0    3    0    2    0  
   2    0    4    3    0    1    0    0    5    0  
   5    2    0    0    4    1    0    0    3    0  
   4    0    2    3    0    0    0    5    0    1  
   2    4    0    3    0    0    1    0    0    5  
   2    0    0    0    3    0    5    1    0    4  
   3    0    0    4    0    2    5    1    0    0  
   0    0    5    2    3    1    0    0    0    4  
   4    0    0    0    0    0    3    2    5    1  
   4    0    5    0    0    3    0    2    1    0  
   2    1    5    0    0    4    3    0    0    0  
   0    0    0    0    0    4    2    3    1    5  
   5    1    0    0    2    0    3    0    4    0  
   0    0    3    0    5    2    1    0    0    4  
   2    0    1    0    5    0    3    0    0    4  
   0    0    3    0    1    2    0    0    4    5  
   0    2    5    0    1    4    0    0    0    3  
   5    2    0    0    0    0    0    1    3    4  
   4    0    1    0    2    3    0    0    5    0  
   0    1    0    5    2    0    0    0    3    4  
   5    0    1    2    0    0    0    4    3    0  
   0    2    0    0    4    5    0    3    0    1  
   0    0    1    4    0    3    0    2    5    0  
   5    0    0    2    1    0    3    0    4    0  ] 
RESERVATION PRICES : [    0    7    0    0    0    9    9    0    8    7  
   8    0    7    9    7    7    0    0    0    0  
  13   10   10   10    0    0    0   13    0    0  
   0   15    0   16   18   18    0    0    0   15  
  17   18   18   18   16    0    0    0    0    0  
   0    0    0   18   16   17   20    0   15    0  
   0   17    0    0    0   17   17   17    0   18  
  19   20    0   15    0    0   17   18    0    0  
  23   20    0    0   20    0    0   22    0   19  
  28    0    0   31    0   25   30    0    0   28  
   0   29   27    0    0   27    0   29   34    0  
   0    0   38    0   30   30   34   40    0    0  
   0   40    0    0    0   35   45    0   41   39  
   0    0   43    0   40    0   42   43    0   43  
   0    0    0   43    0   43    0   42   45   40  
  45    0    0   44    0   49    0    0   53   47  
   0   61   46   53    0    0   53    0   57    0  
   0   49    0    0   57    0   62   50    0   49  
   0   60    0   61    0    0   67   60    0   67  
  62    0   63    0    0   73   70    0    0   68  
  58    0   76    0   79   79    0   71    0    0  
  83    0   78    0    0   70    0   66   61    0  
   0    0   74   82   77   65    0    0   84    0  
   0    0   76    0   88   81    0    0   91   74  
  80   94   91    0   90    0    0    0    0   78  
  74    0    0   78    0    0   86   92   98    0  
 104    0    0   80   93   99    0    0    0   88  
   0  102   91  111  101    0    0    0  102    0  
 101  105  100    0   84  104    0    0    0    0  
 105    0  108   99  110    0    0    0  101    0  
   0  114   87  107  107    0    0   97    0    0  
 108    0  102  106    0   96    0   99    0    0  
   0  119    0    0  104    0  127    0  123   97  
 106  119    0  135    0    0  117    0  102    0  
 104    0    0  115  112  115  113    0    0    0  
 137  131    0    0  119    0  128    0    0  122  
 118    0    0  130    0    0  110  114    0  136  
 115    0    0    0    0  113  140    0  114  125  
 120    0  146  109    0    0    0  113  137    0  
   0    0    0  116  152  136  137    0    0  125  
   0    0  134  150    0    0  139  151  142    0  
   0  155    0  148  128    0  151  145    0    0  
   0    0  120    0  126  139  154  142    0    0  
   0  151    0  129    0  147    0  167    0  169  
 165    0  139  128  155  147    0    0    0    0  
   0  136    0  176  144    0    0  151  162    0  
   0    0    0  183  151  175    0  155    0  171  
   0    0  179    0  141  168  172  153    0    0  
 185    0  175  150    0    0    0  166    0  154  
   0  169    0  140    0  141    0  147  182    0  
   0  191  185  175  190    0  145    0    0    0  
 182    0    0    0    0  171  204  161  177    0  
   0  153  200    0    0    0    0  178  183  155  
 171  173  182    0    0  182    0    0    0  212  
 212  219  182    0    0  213  179    0    0    0  
   0    0  208  195  187    0    0    0  165  190  
   0  205  173  186    0  195    0    0    0  186  
 197  165  202  176    0    0    0  218    0    0  
 212  216    0    0    0  220    0    0  187  203  
 204    0    0    0  171  214  204    0  200    0  
   0  216  232    0  167    0    0    0  211  211  
 232    0    0    0  170  197  192    0    0  188  
   0  220  212  211    0    0  181    0    0  174  
 190  233    0  232    0  194    0  209    0    0  
 184    0    0  204  222  219    0  212    0    0  
 209  196    0  179    0    0  213  229    0    0  
   0    0    0  222  242  222  202    0    0  180  
   0  229    0  189  229  186    0    0    0  242  
   0  256    0    0    0  228    0  187  250  186  
   0  225  205    0  232    0    0  205    0  223  
 258    0    0    0  221  247    0    0  217  199  
 197    0    0  235    0    0  263    0  256  193  
 248    0  209    0  243    0  219  210    0    0  
 245    0    0  233  214  265  269    0    0    0  
 268  239    0    0    0    0    0  205  256  248  
 254    0    0    0  277  206  241    0  281    0  
 229    0  244  209    0    0  283    0  287    0  
 232    0  212  220    0  269    0    0  286    0  
 283  270    0    0  241  278    0    0  290    0  
 260    0  274  271    0    0    0  263    0  291  
 287  303    0  231    0    0  260    0    0  246  
 286    0    0    0  291    0  234  273    0  272  
 270    0    0  232    0  268  270  302    0    0  
   0    0  298  242  239  317    0    0    0  275  
 257    0    0    0    0    0  237  309  261  258  
 239    0  304    0    0  301    0  290  304    0  
 310  245  310    0    0  281  241    0    0    0  
   0    0    0    0    0  285  243  279  283  311  
 309  244    0    0  254    0  262    0  291    0  
   0    0  329    0  263  303  261    0    0  245  
 268    0  267    0  262    0  325    0    0  271  
   0    0  295    0  311  310    0    0  325  344  
   0  280  336    0  344  342    0    0    0  301  
 320  260    0    0    0    0    0  341  279  336  
 261    0  354    0  289  349    0    0  293    0  
   0  359    0  331  321    0    0    0  316  344  
 302    0  343  354    0    0    0  283  268    0  
   0  343    0    0  306  327    0  280    0  358  
   0    0  326  345    0  357    0  273  335    0  
 352    0    0  364  356    0  341    0  339    0  ] 
 ] 
