K : 75
I : 10
C : 15
INSTANCE : 4
PREFERENCES : [    0    1    0    5    0    0    3    0    2    4  
   0    4    0    0    0    3    0    1    5    2  
   0    0    0    4    0    1    0    3    2    5  
   2    1    0    4    0    0    3    5    0    0  
   0    3    4    1    0    0    0    2    5    0  
   2    4    0    0    0    3    1    5    0    0  
   0    0    4    5    1    0    2    3    0    0  
   3    0    0    2    4    0    1    0    0    5  
   0    0    1    0    0    5    4    3    2    0  
   4    0    1    0    0    3    2    0    5    0  
   0    0    5    0    0    2    3    4    1    0  
   0    2    1    0    4    3    5    0    0    0  
   2    0    0    4    0    0    5    3    0    1  
   5    2    0    0    4    1    0    0    3    0  
   4    0    2    0    5    1    0    3    0    0  
   1    0    0    4    2    3    5    0    0    0  
   0    0    0    4    0    1    3    2    5    0  
   2    5    0    4    0    1    3    0    0    0  
   3    0    0    4    0    1    2    0    5    0  
   0    0    1    0    4    0    0    5    2    3  
   5    3    0    0    1    0    2    0    0    4  
   2    0    1    0    0    0    0    4    3    5  
   3    0    2    1    0    0    0    4    0    5  
   2    0    0    0    5    3    0    4    0    1  
   4    0    0    0    2    0    0    5    1    3  
   3    0    2    5    4    1    0    0    0    0  
   0    3    0    5    4    1    2    0    0    0  
   0    0    3    0    2    1    5    0    4    0  
   0    2    3    4    1    0    0    0    0    5  
   4    1    3    5    0    0    2    0    0    0  
   3    0    0    4    0    5    0    2    0    1  
   2    0    0    1    4    0    0    0    5    3  
   0    4    1    0    2    5    3    0    0    0  
   0    0    0    5    4    0    3    2    1    0  
   0    5    3    0    0    1    2    0    0    4  
   0    5    2    0    0    4    0    3    0    1  
   0    5    0    0    0    3    0    2    1    4  
   2    0    5    0    0    1    4    0    3    0  
   2    0    3    0    0    4    0    5    1    0  
   4    5    2    0    3    1    0    0    0    0  
   4    0    0    0    2    5    0    0    1    3  
   3    5    0    2    0    0    1    0    4    0  
   5    2    0    0    4    1    0    3    0    0  
   0    3    1    4    0    2    0    0    0    5  
   5    3    2    0    1    0    0    0    0    4  
   0    0    4    0    1    0    2    5    3    0  
   0    5    0    0    3    4    2    1    0    0  
   1    0    3    2    0    0    4    0    5    0  
   2    0    0    1    0    4    0    0    5    3  
   3    1    5    0    0    0    2    0    0    4  
   0    0    2    5    4    1    0    0    3    0  
   3    4    0    0    2    5    1    0    0    0  
   3    0    5    4    1    0    2    0    0    0  
   5    1    3    0    2    4    0    0    0    0  
   4    3    0    0    5    2    1    0    0    0  
   0    5    0    1    0    4    0    2    0    3  
   0    1    0    0    2    4    0    5    3    0  
   0    0    0    2    0    5    1    3    4    0  
   0    0    4    0    1    0    3    0    2    5  
   0    3    4    0    1    0    5    0    0    2  
   0    3    0    0    0    0    5    4    2    1  
   0    3    0    1    0    5    2    0    0    4  
   5    0    3    4    1    0    0    0    2    0  
   0    0    4    1    3    0    0    5    0    2  
   1    2    0    5    0    0    0    0    3    4  
   0    2    0    0    4    0    0    1    3    5  
   0    0    0    3    1    5    0    0    4    2  
   0    0    2    0    3    0    5    4    0    1  
   0    4    1    5    0    0    3    2    0    0  
   3    0    5    0    0    0    0    1    2    4  
   5    0    3    4    0    0    2    0    0    1  
   0    0    3    2    0    5    1    4    0    0  
   0    4    3    2    0    0    1    5    0    0  
   3    0    0    2    5    0    0    0    1    4  
   4    0    3    5    0    2    0    0    0    1  ] 
RESERVATION PRICES : [    0    6    0    6    0    0    6    0    5    6  
   0   11    0    0    0   11    0   12   10   12  
   0    0    0   14    0   15    0   17   14   16  
  16   17    0   15    0    0   16   15    0    0  
   0   19   20   17    0    0    0   19   15    0  
  19   20    0    0    0   22   23   24    0    0  
   0    0   30   29   32    0   32   30    0    0  
  24    0    0   32   29    0   28    0    0   25  
   0    0   37    0    0   30   28   33   32    0  
  31    0   30    0    0   39   39    0   31    0  
   0    0   38    0    0   36   32   34   40    0  
   0   38   46    0   42   39   45    0    0    0  
  53    0    0   45    0    0   44   43    0   45  
  46   58    0    0   53   47    0    0   56    0  
  53    0   51    0   59   51    0   60    0    0  
  58    0    0   61   56   61   50    0    0    0  
   0    0    0   52    0   53   49   62   54    0  
  72   62    0   69    0   69   66    0    0    0  
  77    0    0   58    0   70   67    0   64    0  
   0    0   80    0   67    0    0   75   83   77  
  85   72    0    0   86    0   89    0    0   69  
  74    0   72    0    0    0    0   84   64   85  
  79    0   66   82    0    0    0   77    0   78  
  84    0    0    0   84   96    0   95    0   94  
  83    0    0    0   90    0    0   85   95   75  
  84    0   85   94   78   88    0    0    0    0  
   0   80    0  108  108   98   79    0    0    0  
   0    0   79    0  107   94   88    0  102    0  
   0   95   97   96   99    0    0    0    0   90  
  99   90   88   86    0    0  109    0    0    0  
  90    0    0  106    0  109    0  123    0   95  
 102    0    0  118  110    0    0    0  101  104  
   0  119  102    0  123  119  118    0    0    0  
   0    0    0  126  111    0  116  122  122    0  
   0  142  114    0    0  134  113    0    0  119  
   0  116  144    0    0  123    0  142    0  117  
   0  145    0    0    0  138    0  116  130  114  
 135    0  111    0    0  124  125    0  136    0  
 123    0  123    0    0  121    0  119  147    0  
 119  137  145    0  158  148    0    0    0    0  
 164    0    0    0  125  136    0    0  120  141  
 153  159    0  134    0    0  162    0  163    0  
 149  128    0    0  136  171    0  131    0    0  
   0  153  133  153    0  149    0    0    0  167  
 166  173  151    0  157    0    0    0    0  142  
   0    0  134    0  183    0  177  171  142    0  
   0  187    0    0  185  148  156  168    0    0  
 153    0  166  140    0    0  163    0  182    0  
 152    0    0  176    0  159    0    0  172  190  
 148  196  167    0    0    0  171    0    0  177  
   0    0  152  169  174  198    0    0  207    0  
 168  156    0    0  195  157  212    0    0    0  
 196    0  194  190  167    0  210    0    0    0  
 191  169  203    0  217  195    0    0    0    0  
 187  187    0    0  222  205  162    0    0    0  
   0  193    0  213    0  204    0  186    0  219  
   0  228    0    0  226  216    0  213  211    0  
   0    0    0  181    0  234  233  173  189    0  
   0    0  175    0  197    0  221    0  193  220  
   0  237  221    0  209    0  215    0    0  173  
   0  206    0    0    0    0  225  206  236  195  
   0  196    0  245    0  198  179    0    0  219  
 212    0  205  226  196    0    0    0  236    0  
   0    0  186  197  233    0    0  226    0  246  
 239  251    0  188    0    0    0    0  234  219  
   0  220    0    0  238    0    0  226  213  247  
   0    0    0  229  214  220    0    0  236  198  
   0    0  246    0  200    0  217  245    0  211  
   0  266  218  216    0    0  197  229    0    0  
 253    0  217    0    0    0    0  241  261  259  
 266    0  237  226    0    0  250    0    0  234  
   0    0  246  244    0  223  240  258    0    0  
   0  236  263  274    0    0  226  243    0    0  
 206    0    0  225  236    0    0    0  222  231  
 270    0  225  250    0  204    0    0    0  251  ] 
 ] 
