K : 75
I : 15
C : 15
INSTANCE : 2
PREFERENCES : [    0    0    4    0    5    3    0    0    2    1    0    0    0    0    0  
   0    2    5    0    0    1    0    0    0    0    4    3    0    0    0  
   1    0    3    2    4    0    0    0    0    0    0    0    0    0    5  
   0    0    0    5    3    0    4    0    0    0    0    0    1    2    0  
   5    0    0    0    0    0    0    3    2    0    0    1    4    0    0  
   0    0    2    0    0    0    0    0    5    4    0    0    3    1    0  
   0    5    0    3    1    0    2    0    0    0    0    0    0    4    0  
   0    0    3    4    0    0    1    0    2    0    0    0    0    0    5  
   0    0    0    0    0    2    0    1    3    0    5    0    4    0    0  
   0    1    5    0    0    0    0    0    0    2    3    0    0    4    0  
   1    0    2    0    0    0    0    0    0    0    5    3    4    0    0  
   0    0    2    0    0    0    0    0    0    0    3    5    1    4    0  
   3    0    0    0    0    4    0    5    0    0    1    0    0    0    2  
   0    2    4    3    0    0    0    0    0    0    1    0    0    0    5  
   0    5    2    0    4    0    0    3    1    0    0    0    0    0    0  
   1    2    0    0    5    0    0    0    0    4    0    0    3    0    0  
   2    4    0    0    0    0    0    0    5    0    1    0    0    3    0  
   0    1    5    0    0    0    0    4    0    3    0    0    0    0    2  
   0    4    3    0    0    5    0    1    0    0    0    0    0    0    2  
   3    0    0    0    1    2    5    4    0    0    0    0    0    0    0  
   0    0    2    0    5    0    4    0    0    0    0    3    0    1    0  
   3    0    0    2    0    0    0    1    0    0    4    5    0    0    0  
   3    0    0    0    0    0    0    0    2    1    0    0    0    5    4  
   0    1    0    0    0    0    0    4    0    0    5    3    2    0    0  
   1    0    0    0    0    3    4    0    0    0    2    0    0    0    5  
   0    0    0    0    0    0    5    0    3    1    2    0    0    4    0  
   0    0    1    0    0    5    0    0    3    0    4    2    0    0    0  
   0    0    0    0    0    4    0    2    0    1    0    0    3    5    0  
   0    0    0    0    4    0    3    1    5    0    0    0    2    0    0  
   0    0    0    3    0    4    0    0    1    0    0    2    0    0    5  
   5    0    2    4    0    0    0    0    0    0    0    1    3    0    0  
   0    3    0    1    5    0    0    0    0    2    0    0    0    4    0  
   0    4    0    0    0    5    1    0    0    0    0    2    3    0    0  
   0    0    0    0    0    1    0    2    0    0    0    4    5    0    3  
   4    0    1    3    0    0    0    2    0    0    5    0    0    0    0  
   0    0    0    5    3    0    0    0    0    0    0    2    4    0    1  
   0    0    0    4    3    5    1    2    0    0    0    0    0    0    0  
   3    2    0    0    0    0    0    1    0    0    0    5    0    0    4  
   0    2    1    0    5    0    0    0    0    3    0    0    0    4    0  
   0    0    0    0    5    0    0    0    3    0    0    0    1    4    2  
   0    2    5    0    3    0    0    1    0    0    0    4    0    0    0  
   0    0    0    0    4    0    2    0    5    3    0    1    0    0    0  
   2    1    0    0    0    4    5    3    0    0    0    0    0    0    0  
   2    0    0    0    0    3    4    0    1    0    0    0    0    0    5  
   0    0    0    0    0    4    0    5    0    0    1    3    0    2    0  
   0    0    0    4    0    1    0    2    0    0    3    5    0    0    0  
   5    0    3    0    0    0    1    0    0    2    0    0    0    0    4  
   5    0    0    0    3    0    2    0    0    1    0    0    0    0    4  
   0    0    3    0    0    0    1    0    5    0    0    4    0    2    0  
   0    1    0    5    0    0    0    0    2    0    3    0    0    0    4  
   5    0    0    0    0    0    0    0    4    0    3    1    0    0    2  
   0    0    5    0    1    4    2    3    0    0    0    0    0    0    0  
   0    0    1    0    0    0    2    0    5    0    0    3    4    0    0  
   3    5    0    2    0    0    0    0    0    4    1    0    0    0    0  
   1    0    3    0    4    0    0    0    0    0    2    5    0    0    0  
   2    0    0    4    1    0    0    0    0    0    3    0    0    5    0  
   0    1    2    0    0    0    5    0    0    3    0    0    4    0    0  
   0    0    1    2    0    5    0    0    0    4    0    3    0    0    0  
   3    0    0    0    5    1    2    0    0    0    0    0    0    0    4  
   0    1    0    0    2    0    4    0    5    0    0    0    0    0    3  
   0    0    4    0    0    1    0    2    0    0    0    0    5    0    3  
   0    0    0    2    1    0    0    0    0    3    0    0    0    4    5  
   0    1    0    0    3    0    2    0    0    0    0    0    4    0    5  
   0    4    0    0    3    2    0    0    5    0    0    0    0    1    0  
   0    0    0    0    3    0    0    0    0    1    2    0    4    5    0  
   2    0    0    0    0    1    0    3    0    0    0    4    0    0    5  
   2    1    0    0    0    0    4    0    0    0    0    0    0    5    3  
   0    2    0    0    5    4    0    3    0    0    1    0    0    0    0  
   0    0    2    5    0    4    0    3    1    0    0    0    0    0    0  
   3    0    0    0    1    0    4    2    5    0    0    0    0    0    0  
   2    0    0    5    0    0    0    3    0    0    0    1    0    4    0  
   4    0    0    5    0    0    3    0    0    2    0    0    0    0    1  
   1    0    4    0    0    0    2    0    0    3    0    0    0    0    5  
   2    0    0    0    0    0    0    3    0    5    1    0    0    4    0  
   4    1    0    0    2    0    0    0    0    3    5    0    0    0    0  ] 
RESERVATION PRICES : [    0    0   10    0    9    9    0    0   10    8    0    0    0    0    0  
   0   10   11    0    0   12    0    0    0    0   13   13    0    0    0  
  10    0   10   11   11    0    0    0    0    0    0    0    0    0   13  
   0    0    0   14   18    0   19    0    0    0    0    0   18   14    0  
  15    0    0    0    0    0    0   15   15    0    0   18   16    0    0  
   0    0   20    0    0    0    0    0   21   24    0    0   23   21    0  
   0   29    0   26   27    0   27    0    0    0    0    0    0   22    0  
   0    0   33   27    0    0   27    0   31    0    0    0    0    0   31  
   0    0    0    0    0   39    0   35   39    0   34    0   38    0    0  
   0   40   42    0    0    0    0    0    0   42   33    0    0   34    0  
  36    0   44    0    0    0    0    0    0    0   37   45   49    0    0  
   0    0   39    0    0    0    0    0    0    0   47   52   51   45    0  
  44    0    0    0    0   41    0   41    0    0   39    0    0    0   48  
   0   46   50   50    0    0    0    0    0    0   45    0    0    0   61  
   0   60   46    0   50    0    0   46   61    0    0    0    0    0    0  
  63   62    0    0   66    0    0    0    0   57    0    0   64    0    0  
  69   72    0    0    0    0    0    0   56    0   59    0    0   60    0  
   0   75   73    0    0    0    0   70    0   65    0    0    0    0   56  
   0   82   74    0    0   71    0   72    0    0    0    0    0    0   70  
  65    0    0    0   66   77   62   72    0    0    0    0    0    0    0  
   0    0   90    0   65    0   69    0    0    0    0   68    0   71    0  
  76    0    0   73    0    0    0   81    0    0   91   91    0    0    0  
  96    0    0    0    0    0    0    0   76   94    0    0    0   72   78  
   0   80    0    0    0    0    0   92    0    0   80   86   84    0    0  
  89    0    0    0    0   79  104    0    0    0  102    0    0    0   92  
   0    0    0    0    0    0  100    0  112  112  111    0    0  106    0  
   0    0   97    0    0   93    0    0   85    0   85   88    0    0    0  
   0    0    0    0    0  102    0  102    0   93    0    0   92   90    0  
   0    0    0    0  113    0  112  112   91    0    0    0  109    0    0  
   0    0    0  106    0  113    0    0  108    0    0   96    0    0  103  
  96    0   89  108    0    0    0    0    0    0    0   87   87    0    0  
   0  109    0   97  110    0    0    0    0   91    0    0    0  112    0  
   0  102    0    0    0  103  116    0    0    0    0   95   94    0    0  
   0    0    0    0    0  107    0  120    0    0    0  118  112    0   96  
 109    0   98  126    0    0    0  122    0    0  124    0    0    0    0  
   0    0    0  122  119    0    0    0    0    0    0  130  102    0  130  
   0    0    0  107  108  135  110  138    0    0    0    0    0    0    0  
 121  132    0    0    0    0    0  122    0    0    0  136    0    0  124  
   0  142  127    0  129    0    0    0    0  129    0    0    0  109    0  
   0    0    0    0  108    0    0    0  114    0    0    0  140  129  111  
   0  137  135    0  124    0    0  133    0    0    0  122    0    0    0  
   0    0    0    0  141    0  147    0  151  121    0  132    0    0    0  
 119  131    0    0    0  152  162  150    0    0    0    0    0    0    0  
 147    0    0    0    0  162  134    0  152    0    0    0    0    0  125  
   0    0    0    0    0  165    0  122    0    0  152  119    0  138    0  
   0    0    0  153    0  140    0  147    0    0  158  138    0    0    0  
 125    0  127    0    0    0  168    0    0  145    0    0    0    0  130  
 152    0    0    0  180    0  161    0    0  177    0    0    0    0  154  
   0    0  175    0    0    0  179    0  161    0    0  184    0  174    0  
   0  180    0  180    0    0    0    0  175    0  169    0    0    0  148  
 190    0    0    0    0    0    0    0  170    0  185  139    0    0  149  
   0    0  158    0  169  183  193  162    0    0    0    0    0    0    0  
   0    0  193    0    0    0  170    0  193    0    0  189  183    0    0  
 173  177    0  176    0    0    0    0    0  182  190    0    0    0    0  
 152    0  202    0  170    0    0    0    0    0  166  198    0    0    0  
 160    0    0  198  152    0    0    0    0    0  198    0    0  167    0  
   0  185  181    0    0    0  197    0    0  155    0    0  203    0    0  
   0    0  195  166    0  183    0    0    0  199    0  187    0    0    0  
 188    0    0    0  200  205  172    0    0    0    0    0    0    0  166  
   0  176    0    0  182    0  187    0  208    0    0    0    0    0  183  
   0    0  170    0    0  175    0  168    0    0    0    0  211    0  164  
   0    0    0  168  168    0    0    0    0  219    0    0    0  184  209  
   0  227    0    0  204    0  213    0    0    0    0    0  200    0  229  
   0  195    0    0  231  213    0    0  191    0    0    0    0  229    0  
   0    0    0    0  216    0    0    0    0  231  235    0  192  232    0  
 239    0    0    0    0  200    0  230    0    0    0  227    0    0  231  
 239  233    0    0    0    0  247    0    0    0    0    0    0  186  189  
   0  248    0    0  188  250    0  205    0    0  208    0    0    0    0  
   0    0  229  239    0  200    0  246  227    0    0    0    0    0    0  
 238    0    0    0  216    0  209  251  253    0    0    0    0    0    0  
 198    0    0  247    0    0    0  270    0    0    0  218    0  221    0  
 246    0    0  196    0    0  196    0    0  196    0    0    0    0  230  
 197    0  263    0    0    0  227    0    0  266    0    0    0    0  214  
 225    0    0    0    0    0    0  199    0  210  275    0    0  234    0  
 250  242    0    0  220    0    0    0    0  227  270    0    0    0    0  ] 
 ] 
