K : 50
I : 10
C : 8
INSTANCE : 4
PREFERENCES : [    0    0    0    0    3    5    0    2    4    1  
   0    4    3    0    0    0    1    2    5    0  
   0    0    0    3    4    5    1    2    0    0  
   4    5    0    3    0    2    0    0    0    1  
   3    2    0    0    0    0    0    4    5    1  
   4    1    5    2    0    0    3    0    0    0  
   0    4    0    0    0    2    0    1    5    3  
   0    5    0    4    3    2    0    0    0    1  
   5    2    0    1    0    0    4    0    0    3  
   5    4    0    0    0    3    0    2    0    1  
   5    0    0    2    0    3    0    0    4    1  
   2    0    0    4    0    1    0    5    0    3  
   0    0    5    3    0    0    1    0    2    4  
   0    0    3    0    0    4    2    5    0    1  
   3    0    0    4    1    5    2    0    0    0  
   3    0    0    4    0    0    1    0    2    5  
   0    0    0    3    0    4    5    2    1    0  
   0    5    4    0    0    1    2    3    0    0  
   0    0    3    0    4    0    0    1    2    5  
   0    0    0    3    1    5    2    0    0    4  
   2    0    5    3    0    0    1    4    0    0  
   0    2    0    1    0    3    5    0    4    0  
   0    0    0    0    1    5    2    3    0    4  
   0    4    5    0    0    1    0    3    2    0  
   3    4    1    0    2    0    0    0    5    0  
   0    5    4    3    0    0    0    1    2    0  
   3    0    2    0    1    5    0    0    0    4  
   1    2    3    0    4    0    0    0    5    0  
   2    0    0    0    4    5    1    0    0    3  
   0    5    2    0    4    0    0    0    3    1  
   4    0    3    0    0    0    0    2    1    5  
   3    0    5    1    0    0    4    0    0    2  
   3    0    4    1    0    0    5    0    2    0  
   0    1    0    0    4    2    5    3    0    0  
   0    0    4    0    0    5    0    1    2    3  
   0    5    0    3    0    2    0    4    0    1  
   5    3    4    0    0    0    1    0    0    2  
   2    1    0    0    4    0    0    0    3    5  
   2    0    0    5    1    0    3    0    4    0  
   0    0    4    0    0    1    3    0    5    2  
   0    0    0    1    0    4    2    0    3    5  
   0    0    0    0    0    5    4    2    3    1  
   2    0    1    0    0    3    5    0    0    4  
   0    3    0    0    0    4    2    5    0    1  
   0    4    1    0    0    5    3    0    2    0  
   0    3    5    4    2    0    1    0    0    0  
   0    0    0    3    5    0    2    4    0    1  
   0    0    3    1    0    0    0    5    2    4  
   0    4    0    0    3    2    1    5    0    0  
   0    5    4    3    0    1    0    2    0    0  ] 
RESERVATION PRICES : [    0    0    0    0   10   10    0    8    8   10  
   0   11   10    0    0    0   12   10   12    0  
   0    0    0   16   16   14   19   16    0    0  
  15   20    0   15    0   18    0    0    0   19  
  19   20    0    0    0    0    0   18   18   17  
  18   15   15   15    0    0   17    0    0    0  
   0   21    0    0    0   27    0   21   24   23  
   0   22    0   25   20   26    0    0    0   22  
  23   24    0   30    0    0   25    0    0   26  
  35   30    0    0    0   27    0   30    0   29  
  37    0    0   39    0   36    0    0   31   36  
  40    0    0   38    0   34    0   33    0   33  
   0    0   38   45    0    0   39    0   37   46  
   0    0   43    0    0   45   43   45    0   49  
  51    0    0   57   54   59   47    0    0    0  
  54    0    0   46    0    0   56    0   58   54  
   0    0    0   52    0   57   53   51   54    0  
   0   58   52    0    0   56   63   57    0    0  
   0    0   68    0   61    0    0   75   56   54  
   0    0    0   69   69   73   63    0    0   62  
  63    0   60   70    0    0   62   60    0    0  
   0   65    0   73    0   80   65    0   73    0  
   0    0    0    0   67   65   80   80    0   63  
   0   83   71    0    0   86    0   93   87    0  
  94   91   90    0   86    0    0    0   94    0  
   0  100   78   75    0    0    0   77   85    0  
 102    0   93    0   94   94    0    0    0  101  
  94   99  105    0   80    0    0    0   84    0  
 101    0    0    0  112   82   83    0    0   88  
   0  112   98    0  111    0    0    0  107  101  
  94    0   95    0    0    0    0  107   94   92  
 119    0   94   93    0    0  104    0    0   91  
 106    0  100   91    0    0   90    0   89    0  
   0  119    0    0   97  120  111  121    0    0  
   0    0  121    0    0   99    0  100  121  113  
   0  106    0  125    0  112    0  110    0  118  
 130  103  122    0    0    0  133    0    0  116  
 131  121    0    0  108    0    0    0  111  141  
 151    0    0  123  140    0  125    0  129    0  
   0    0  152    0    0  143  142    0  134  118  
   0    0    0  123    0  152  131    0  126  117  
   0    0    0    0    0  130  139  145  124  131  
 152    0  152    0    0  136  146    0    0  151  
   0  132    0    0    0  135  151  146    0  154  
   0  151  161    0    0  133  157    0  167    0  
   0  159  141  168  164    0  155    0    0    0  
   0    0    0  178  134    0  164  152    0  134  
   0    0  138  133    0    0    0  178  134  165  
   0  188    0    0  148  149  188  152    0    0  
   0  155  179  178    0  169    0  158    0    0  ] 
 ] 
