K : 150
I : 5
C : 30
INSTANCE : 1
PREFERENCES : [    0    2    1    3    0  
   3    2    0    0    1  
   1    0    3    0    2  
   3    1    0    0    2  
   1    0    2    0    3  
   0    1    2    3    0  
   2    0    3    0    1  
   3    0    0    1    2  
   0    0    2    1    3  
   3    2    0    1    0  
   3    2    0    0    1  
   2    0    0    1    3  
   2    1    0    0    3  
   2    1    0    0    3  
   1    3    0    2    0  
   0    0    1    3    2  
   3    2    0    1    0  
   0    2    1    0    3  
   2    1    0    3    0  
   0    1    0    2    3  
   2    0    0    1    3  
   2    1    3    0    0  
   1    0    3    2    0  
   2    0    1    3    0  
   1    3    0    0    2  
   3    0    2    0    1  
   1    3    2    0    0  
   0    1    3    2    0  
   2    0    0    1    3  
   0    3    0    2    1  
   3    0    2    1    0  
   1    2    3    0    0  
   0    1    2    0    3  
   1    2    3    0    0  
   1    0    3    0    2  
   3    2    1    0    0  
   0    3    0    1    2  
   2    3    0    1    0  
   3    0    2    1    0  
   0    1    2    0    3  
   3    0    0    2    1  
   0    2    0    3    1  
   2    0    3    0    1  
   1    0    3    2    0  
   0    1    3    0    2  
   2    1    0    3    0  
   0    2    1    3    0  
   2    1    0    3    0  
   1    0    0    3    2  
   2    1    0    0    3  
   2    0    3    0    1  
   1    0    2    3    0  
   2    1    0    3    0  
   0    2    3    1    0  
   0    3    2    0    1  
   3    0    1    0    2  
   2    3    0    0    1  
   2    0    1    3    0  
   2    3    1    0    0  
   0    0    3    2    1  
   3    0    0    1    2  
   0    0    1    2    3  
   0    0    2    3    1  
   3    2    0    0    1  
   0    2    1    3    0  
   3    1    0    2    0  
   2    1    0    0    3  
   0    2    3    1    0  
   1    2    0    0    3  
   2    1    0    0    3  
   1    0    0    2    3  
   0    1    0    2    3  
   0    3    2    1    0  
   1    3    0    0    2  
   0    2    3    1    0  
   0    0    2    1    3  
   1    0    0    2    3  
   1    0    3    0    2  
   2    0    0    3    1  
   0    1    0    2    3  
   0    2    0    3    1  
   1    0    2    3    0  
   1    3    2    0    0  
   1    3    0    2    0  
   0    1    2    3    0  
   0    2    0    1    3  
   0    1    0    2    3  
   0    0    1    3    2  
   0    0    3    2    1  
   0    0    2    3    1  
   0    2    3    1    0  
   2    1    0    3    0  
   1    0    0    2    3  
   3    1    0    2    0  
   2    3    1    0    0  
   0    3    1    0    2  
   1    0    0    2    3  
   2    0    3    1    0  
   0    3    2    1    0  
   0    2    1    3    0  
   1    2    0    3    0  
   0    2    1    3    0  
   2    1    0    0    3  
   1    3    2    0    0  
   3    1    2    0    0  
   0    0    1    3    2  
   3    2    1    0    0  
   0    2    1    3    0  
   0    1    0    2    3  
   0    2    3    1    0  
   1    0    3    2    0  
   1    0    3    2    0  
   0    2    3    1    0  
   0    3    0    1    2  
   0    0    1    2    3  
   2    0    0    3    1  
   3    2    0    1    0  
   0    3    1    2    0  
   0    1    0    3    2  
   0    1    3    0    2  
   2    0    3    1    0  
   0    1    0    3    2  
   0    2    1    0    3  
   3    1    2    0    0  
   2    3    0    0    1  
   2    3    1    0    0  
   3    2    0    1    0  
   3    0    0    1    2  
   3    0    0    1    2  
   2    0    0    1    3  
   3    0    1    2    0  
   0    1    3    2    0  
   2    0    1    3    0  
   2    0    3    0    1  
   0    1    3    2    0  
   3    0    1    2    0  
   0    2    1    3    0  
   1    2    3    0    0  
   0    2    0    3    1  
   1    3    0    0    2  
   3    2    1    0    0  
   2    1    3    0    0  
   0    0    2    3    1  
   0    1    2    3    0  
   1    2    3    0    0  
   0    0    1    3    2  
   0    2    1    0    3  
   2    3    0    0    1  
   3    1    0    2    0  
   2    3    1    0    0  ] 
RESERVATION PRICES : [    0    7    7    7    0  
  12   10    0    0   11  
  15    0   16    0   15  
  19   17    0    0   21  
  21    0   20    0   18  
   0   22   21   27    0  
  30    0   26    0   25  
  30    0    0   37   34  
   0    0   35   36   32  
  45   44    0   46    0  
  50   43    0    0   42  
  43    0    0   40   45  
  53   51    0    0   49  
  54   60    0    0   57  
  47   51    0   45    0  
   0    0   63   59   54  
  64   60    0   64    0  
   0   60   61    0   51  
  54   59    0   75    0  
   0   56    0   77   60  
  72    0    0   76   71  
  85   89   77    0    0  
  69    0   86   79    0  
  87    0   78   74    0  
  85  100    0    0   97  
 102    0   98    0   96  
  95  110  111    0    0  
   0   89  106   83    0  
  89    0    0  115  102  
   0  118    0  118  108  
 105    0  130  125    0  
 130  109   97    0    0  
   0  112  100    0  126  
 114  111  108    0    0  
 106    0  112    0  137  
 111  120  123    0    0  
   0  118    0  150  144  
 145  128    0  143    0  
 132    0  146  152    0  
   0  160  130    0  156  
 142    0    0  135  166  
   0  153    0  132  147  
 123    0  151    0  158  
 173    0  155  127    0  
   0  144  167    0  142  
 182  143    0  187    0  
   0  173  159  141    0  
 177  183    0  155    0  
 149    0    0  170  186  
 179  148    0    0  184  
 154    0  147    0  184  
 161    0  205  192    0  
 157  163    0  182    0  
   0  187  175  172    0  
   0  180  168    0  174  
 207    0  180    0  179  
 170  171    0    0  189  
 207    0  172  221    0  
 173  193  206    0    0  
   0    0  234  197  215  
 199    0    0  174  200  
   0    0  201  210  185  
   0    0  247  233  190  
 223  209    0    0  232  
   0  200  231  226    0  
 224  262    0  229    0  
 231  217    0    0  256  
   0  201  262  227    0  
 260  217    0    0  264  
 202  207    0    0  241  
 251    0    0  211  271  
   0  245    0  234  269  
   0  233  267  213    0  
 218  275    0    0  228  
   0  254  227  220    0  
   0    0  279  282  268  
 218    0    0  254  228  
 226    0  281    0  238  
 261    0    0  278  237  
   0  289    0  264  256  
   0  252    0  271  258  
 294    0  287  238    0  
 303  305  309    0    0  
 258  241    0  255    0  
   0  259  288  304    0  
   0  236    0  326  282  
   0  319    0  324  267  
   0    0  339  319  331  
   0    0  290  288  315  
   0    0  301  333  299  
   0  275  283  290    0  
 270  351    0  294    0  
 289    0    0  358  272  
 346  292    0  284    0  
 330  359  317    0    0  
   0  275  320    0  276  
 329    0    0  345  358  
 280    0  268  345    0  
   0  374  287  286    0  
   0  354  299  346    0  
 276  337    0  328    0  
   0  277  336  315    0  
 385  363    0    0  365  
 301  358  379    0    0  
 376  372  342    0    0  
   0    0  344  314  375  
 334  314  382    0    0  
   0  328  323  335    0  
   0  308    0  355  397  
   0  317  345  341    0  
 384    0  313  388    0  
 322    0  410  411    0  
   0  416  320  373    0  
   0  389    0  340  384  
   0    0  371  396  414  
 383    0    0  318  359  
 425  317    0  348    0  
   0  343  333  433    0  
   0  326    0  389  375  
   0  356  419    0  370  
 357    0  376  458    0  
   0  349    0  458  359  
   0  335  373    0  387  
 456  352  403    0    0  
 403  380    0    0  447  
 422  353  430    0    0  
 401  458    0  426    0  
 376    0    0  409  449  
 359    0    0  456  441  
 390    0    0  458  454  
 375    0  383  366    0  
   0  494  464  357    0  
 440    0  464  376    0  
 395    0  490    0  428  
   0  408  446  503    0  
 398    0  404  421    0  
   0  374  383  409    0  
 494  484  498    0    0  
   0  471    0  424  420  
 400  403    0    0  430  
 418  526  392    0    0  
 526  513  504    0    0  
   0    0  426  499  467  
   0  412  465  530    0  
 497  442  446    0    0  
   0    0  469  538  505  
   0  467  454    0  524  
 508  545    0    0  456  
 535  443    0  520    0  
 488  469  462    0    0  ] 
 ] 
