K : 100
I : 15
C : 10
INSTANCE : 1
PREFERENCES : [    0    0    3    0    0    2    0    5    0    0    0    4    0    0    1  
   0    0    1    0    2    0    3    0    0    0    0    5    4    0    0  
   0    0    0    0    0    0    3    2    0    4    0    0    1    5    0  
   0    0    0    0    5    0    0    2    0    0    0    4    1    3    0  
   0    0    0    5    0    0    0    2    0    3    0    0    1    0    4  
   0    0    1    4    0    0    0    0    0    5    0    2    3    0    0  
   0    0    0    0    1    0    0    0    5    2    4    0    3    0    0  
   0    5    2    4    0    0    1    0    0    0    0    0    0    3    0  
   0    1    2    0    5    4    0    0    3    0    0    0    0    0    0  
   0    0    0    0    4    0    0    1    0    2    0    3    0    0    5  
   0    3    2    0    5    4    0    0    1    0    0    0    0    0    0  
   4    0    0    1    0    0    0    2    0    0    0    0    3    0    5  
   0    0    1    0    0    0    4    5    0    0    0    0    0    3    2  
   1    2    5    4    0    0    0    0    3    0    0    0    0    0    0  
   0    0    3    1    0    0    2    0    4    0    0    0    0    0    5  
   4    0    0    3    0    0    0    0    0    5    0    0    1    2    0  
   0    0    0    0    5    0    3    1    0    0    0    2    0    0    4  
   0    0    2    0    1    0    0    0    0    4    3    0    0    0    5  
   2    3    0    1    0    0    0    4    0    0    0    5    0    0    0  
   2    0    0    0    4    0    0    1    0    0    0    3    0    5    0  
   5    1    0    0    0    4    0    0    0    0    3    0    0    0    2  
   0    1    0    0    0    0    0    0    4    0    0    2    0    3    5  
   0    0    0    0    0    0    4    3    5    0    1    2    0    0    0  
   0    4    0    5    0    0    1    0    0    3    0    2    0    0    0  
   3    1    0    4    0    0    2    0    0    0    0    0    0    5    0  
   0    2    0    0    0    0    0    3    0    0    1    0    0    4    5  
   0    0    3    2    4    5    0    0    0    0    1    0    0    0    0  
   0    1    0    0    0    0    0    0    4    0    5    0    3    2    0  
   5    0    4    0    3    0    2    0    0    0    0    1    0    0    0  
   0    3    0    5    0    0    0    0    4    0    2    0    0    1    0  
   0    0    0    0    2    0    0    0    0    4    0    1    5    3    0  
   0    0    3    0    0    0    2    0    0    1    0    5    0    4    0  
   0    0    3    0    2    0    0    5    0    0    0    1    0    4    0  
   1    0    3    5    0    2    0    0    0    0    0    0    0    4    0  
   0    0    0    0    0    0    0    3    0    0    5    4    1    0    2  
   2    0    0    0    0    0    0    0    0    0    4    0    5    3    1  
   2    0    5    0    0    3    4    0    0    0    0    0    0    0    1  
   5    0    0    4    3    0    0    0    0    2    0    0    1    0    0  
   0    4    5    2    0    0    0    0    0    0    1    0    0    3    0  
   0    0    2    0    0    0    0    0    5    0    1    0    0    3    4  
   0    4    0    0    0    2    0    0    0    0    0    1    3    5    0  
   0    2    4    5    0    0    0    0    0    0    0    0    1    0    3  
   3    0    0    0    4    0    5    1    0    2    0    0    0    0    0  
   0    0    2    0    4    0    0    0    5    0    1    0    3    0    0  
   0    0    4    0    0    0    0    1    0    3    0    0    2    0    5  
   0    4    2    0    0    5    0    1    3    0    0    0    0    0    0  
   0    0    0    2    0    0    4    0    0    1    0    0    3    0    5  
   4    0    0    0    0    0    1    0    0    5    2    3    0    0    0  
   0    0    0    0    5    0    1    3    0    0    0    2    4    0    0  
   3    4    0    0    0    0    0    0    0    0    2    5    0    0    1  
   0    0    0    2    0    3    0    0    5    0    0    0    0    1    4  
   4    0    0    1    0    2    0    0    0    3    0    5    0    0    0  
   1    0    4    0    0    0    3    0    5    0    0    0    0    0    2  
   0    0    5    0    0    0    1    0    0    0    0    0    3    4    2  
   4    1    0    0    0    0    0    2    0    0    5    0    3    0    0  
   0    0    0    0    3    1    0    4    2    0    0    0    5    0    0  
   0    0    0    3    4    1    0    0    2    0    0    0    0    5    0  
   0    0    1    0    0    0    0    2    3    4    0    0    0    0    5  
   4    0    5    0    0    0    0    0    0    0    0    3    2    1    0  
   0    0    0    0    4    0    1    0    0    0    3    0    2    5    0  
   0    3    0    2    5    0    4    0    0    0    1    0    0    0    0  
   1    0    0    4    0    0    3    0    0    0    5    2    0    0    0  
   0    0    0    4    0    0    2    3    0    0    1    5    0    0    0  
   0    3    4    0    0    0    2    0    1    0    0    0    0    5    0  
   0    4    1    0    0    2    0    5    0    0    3    0    0    0    0  
   0    0    0    1    3    0    0    5    2    4    0    0    0    0    0  
   1    3    0    0    0    2    0    4    0    0    0    0    0    5    0  
   3    0    0    0    5    4    0    1    0    2    0    0    0    0    0  
   1    3    0    4    5    0    0    0    0    0    0    2    0    0    0  
   0    0    0    5    2    0    0    4    0    0    0    0    0    3    1  
   0    0    1    0    5    2    0    0    0    0    0    0    3    4    0  
   0    3    2    0    4    0    5    0    0    0    0    0    0    1    0  
   0    3    1    0    0    0    0    4    0    0    0    0    5    2    0  
   0    0    3    0    2    0    5    0    0    0    1    4    0    0    0  
   1    0    0    0    0    0    0    0    5    2    4    0    0    3    0  
   0    0    0    0    0    0    0    1    0    4    0    5    2    3    0  
   5    0    3    0    0    0    0    0    4    2    0    0    0    0    1  
   0    0    0    5    0    1    0    0    0    2    3    0    0    0    4  
   0    0    0    0    1    0    0    3    0    0    0    4    0    5    2  
   0    0    4    0    5    0    3    0    0    0    0    1    0    0    2  
   5    4    0    0    0    0    0    3    1    2    0    0    0    0    0  
   0    0    5    1    4    0    0    0    0    0    3    0    2    0    0  
   0    3    1    0    0    0    0    0    0    4    2    0    0    0    5  
   0    0    0    3    4    1    0    0    0    0    0    2    0    0    5  
   0    5    0    0    0    0    3    0    4    0    0    1    0    2    0  
   0    0    2    1    0    0    0    0    5    0    0    0    4    3    0  
   0    1    2    5    0    0    0    0    0    0    0    4    0    3    0  
   5    0    0    0    0    3    0    0    4    0    0    0    0    2    1  
   0    0    0    0    0    0    0    2    4    1    5    0    3    0    0  
   0    0    0    3    0    2    0    5    0    0    4    1    0    0    0  
   0    0    2    0    0    0    1    5    0    3    0    0    0    0    4  
   4    0    2    0    0    0    3    0    0    5    0    0    0    0    1  
   1    5    0    2    0    0    0    0    4    0    3    0    0    0    0  
   0    0    0    0    0    0    0    0    2    5    0    4    3    1    0  
   2    4    0    5    0    0    0    0    3    0    0    1    0    0    0  
   0    3    0    0    0    0    0    4    2    5    0    0    0    0    1  
   0    5    2    0    1    0    4    0    3    0    0    0    0    0    0  
   1    4    0    0    0    3    2    0    0    0    5    0    0    0    0  
   0    0    3    4    0    1    5    0    2    0    0    0    0    0    0  
   0    0    5    0    0    0    0    0    3    2    1    0    4    0    0  ] 
RESERVATION PRICES : [    0    0    9    0    0    9    0    7    0    0    0    9    0    0    8  
   0    0    8    0    9    0    9    0    0    0    0    7    9    0    0  
   0    0    0    0    0    0   11    9    0   11    0    0    9   10    0  
   0    0    0    0   15    0    0   15    0    0    0   16   19   16    0  
   0    0    0   21    0    0    0   21    0   22    0    0   24    0   23  
   0    0   20   20    0    0    0    0    0   24    0   18   21    0    0  
   0    0    0    0   19    0    0    0   24   19   21    0   19    0    0  
   0   31   25   24    0    0   28    0    0    0    0    0    0   30    0  
   0   32   28    0   29   31    0    0   28    0    0    0    0    0    0  
   0    0    0    0   37    0    0   37    0   42    0   34    0    0   31  
   0   37   44    0   35   44    0    0   46    0    0    0    0    0    0  
  42    0    0   42    0    0    0   44    0    0    0    0   38    0   39  
   0    0   42    0    0    0   35   47    0    0    0    0    0   38   39  
  40   49   44   46    0    0    0    0   53    0    0    0    0    0    0  
   0    0   43   51    0    0   42    0   52    0    0    0    0    0   45  
  53    0    0   45    0    0    0    0    0   43    0    0   45   49    0  
   0    0    0    0   56    0   56   58    0    0    0   45    0    0   53  
   0    0   54    0   46    0    0    0    0   48   57    0    0    0   60  
  53   45    0   49    0    0    0   59    0    0    0   60    0    0    0  
  62    0    0    0   55    0    0   63    0    0    0   64    0   65    0  
  56   72    0    0    0   71    0    0    0    0   55    0    0    0   69  
   0   62    0    0    0    0    0    0   72    0    0   63    0   72   73  
   0    0    0    0    0    0   76   78   80    0   73   77    0    0    0  
   0   87    0   71    0    0   82    0    0   73    0   75    0    0    0  
  85   85    0   81    0    0   83    0    0    0    0    0    0   78    0  
   0   87    0    0    0    0    0   82    0    0   70    0    0   72   76  
   0    0   72   74   79   89    0    0    0    0   73    0    0    0    0  
   0   75    0    0    0    0    0    0   93    0   96    0   91   94    0  
  81    0   99    0   91    0  104    0    0    0    0   95    0    0    0  
   0  101    0   87    0    0    0    0   81    0   90    0    0   88    0  
   0    0    0    0   95    0    0    0    0   94    0  108   99   82    0  
   0    0  112    0    0    0  117    0    0   96    0   85    0  112    0  
   0    0  104    0  111    0    0   99    0    0    0  122    0  106    0  
 118    0  106  109    0  113    0    0    0    0    0    0    0  104    0  
   0    0    0    0    0    0    0  103    0    0   94   96   92    0   92  
 111    0    0    0    0    0    0    0    0    0  105    0  113   96  120  
 133    0  113    0    0  116  110    0    0    0    0    0    0    0  121  
 132    0    0  131  130    0    0    0    0  123    0    0  122    0    0  
   0  124  110  106    0    0    0    0    0    0  134    0    0  119    0  
   0    0  108    0    0    0    0    0  127    0  119    0    0  135  118  
   0  144    0    0    0  129    0    0    0    0    0  137  129  136    0  
   0  130  157  131    0    0    0    0    0    0    0    0  119    0  117  
 122    0    0    0  154    0  147  147    0  118    0    0    0    0    0  
   0    0  134    0  165    0    0    0  129    0  150    0  159    0    0  
   0    0  146    0    0    0    0  155    0  129    0    0  161    0  130  
   0  147  153    0    0  128    0  163  125    0    0    0    0    0    0  
   0    0    0  150    0    0  145    0    0  159    0    0  137    0  152  
 172    0    0    0    0    0  140    0    0  159  167  131    0    0    0  
   0    0    0    0  162    0  143  157    0    0    0  158  172    0    0  
 181  143    0    0    0    0    0    0    0    0  182  139    0    0  165  
   0    0    0  168    0  168    0    0  165    0    0    0    0  138  172  
 154    0    0  141    0  161    0    0    0  188    0  181    0    0    0  
 180    0  166    0    0    0  187    0  145    0    0    0    0    0  154  
   0    0  165    0    0    0  165    0    0    0    0    0  172  176  166  
 182  172    0    0    0    0    0  195    0    0  165    0  146    0    0  
   0    0    0    0  148  192    0  190  142    0    0    0  163    0    0  
   0    0    0  182  144  167    0    0  181    0    0    0    0  173    0  
   0    0  169    0    0    0    0  193  164  196    0    0    0    0  181  
 177    0  155    0    0    0    0    0    0    0    0  171  180  170    0  
   0    0    0    0  213    0  160    0    0    0  187    0  214  209    0  
   0  163    0  216  215    0  212    0    0    0  178    0    0    0    0  
 186    0    0  197    0    0  201    0    0    0  177  205    0    0    0  
   0    0    0  195    0    0  174  226    0    0  220  185    0    0    0  
   0  177  207    0    0    0  199    0  169    0    0    0    0  182    0  
   0  208  211    0    0  179    0  185    0    0  213    0    0    0    0  
   0    0    0  176  243    0    0  232  176  179    0    0    0    0    0  
 221  235    0    0    0  203    0  242    0    0    0    0    0  229    0  
 211    0    0    0  207  248    0  194    0  209    0    0    0    0    0  
 208  214    0  210  239    0    0    0    0    0    0  187    0    0    0  
   0    0    0  194  193    0    0  260    0    0    0    0    0  252  232  
   0    0  190    0  203  196    0    0    0    0    0    0  255  248    0  
   0  261  196    0  253    0  251    0    0    0    0    0    0  261    0  
   0  218  251    0    0    0    0  208    0    0    0    0  242  259    0  
   0    0  227    0  202    0  208    0    0    0  261  254    0    0    0  
 217    0    0    0    0    0    0    0  204  207  204    0    0  203    0  
   0    0    0    0    0    0    0  252    0  243    0  256  245  225    0  
 209    0  227    0    0    0    0    0  287  277    0    0    0    0  235  
   0    0    0  213    0  265    0    0    0  288  249    0    0    0  211  
   0    0    0    0  269    0    0  295    0    0    0  266    0  223  292  
   0    0  272    0  249    0  243    0    0    0    0  270    0    0  263  
 280  241    0    0    0    0    0  266  259  246    0    0    0    0    0  
   0    0  261  279  281    0    0    0    0    0  234    0  238    0    0  
   0  255  244    0    0    0    0    0    0  281  234    0    0    0  302  
   0    0    0  240  280  273    0    0    0    0    0  282    0    0  271  
   0  252    0    0    0    0  275    0  267    0    0  257    0  283    0  
   0    0  255  239    0    0    0    0  246    0    0    0  238  290    0  
   0  255  251  237    0    0    0    0    0    0    0  282    0  301    0  
 304    0    0    0    0  246    0    0  325    0    0    0    0  250  240  
   0    0    0    0    0    0    0  276  243  281  304    0  287    0    0  
   0    0    0  305    0  305    0  325    0    0  267  262    0    0    0  
   0    0  269    0    0    0  295  252    0  314    0    0    0    0  266  
 284    0  302    0    0    0  343    0    0  328    0    0    0    0  337  
 343  251    0  315    0    0    0    0  267    0  327    0    0    0    0  
   0    0    0    0    0    0    0    0  305  271    0  308  338  277    0  
 301  277    0  320    0    0    0    0  324    0    0  350    0    0    0  
   0  319    0    0    0    0    0  259  262  351    0    0    0    0  257  
   0  332  361    0  328    0  314    0  361    0    0    0    0    0    0  
 356  287    0    0    0  345  344    0    0    0  266    0    0    0    0  
   0    0  322  353    0  283  306    0  288    0    0    0    0    0    0  
   0    0  329    0    0    0    0    0  367  303  355    0  360    0    0  ] 
 ] 
