K : 100
I : 5
C : 10
INSTANCE : 2
PREFERENCES : [    0    2    3    0    1  
   1    0    0    2    3  
   2    0    1    3    0  
   0    1    2    3    0  
   2    3    0    1    0  
   0    2    0    3    1  
   0    1    0    2    3  
   0    1    3    2    0  
   3    1    0    2    0  
   3    0    1    0    2  
   0    1    3    2    0  
   1    0    0    3    2  
   0    1    0    2    3  
   2    1    0    3    0  
   0    1    3    2    0  
   0    0    1    3    2  
   0    0    2    1    3  
   2    0    3    0    1  
   0    2    0    1    3  
   2    1    0    3    0  
   0    3    1    2    0  
   3    2    1    0    0  
   3    0    2    0    1  
   0    1    3    0    2  
   0    3    1    0    2  
   0    3    0    2    1  
   2    3    0    0    1  
   0    1    2    0    3  
   3    2    0    0    1  
   0    3    0    1    2  
   1    3    0    2    0  
   0    3    0    2    1  
   0    3    1    2    0  
   1    2    0    0    3  
   0    0    3    1    2  
   0    2    3    1    0  
   0    2    1    0    3  
   1    2    3    0    0  
   2    3    0    0    1  
   0    3    1    0    2  
   0    2    0    3    1  
   2    3    0    1    0  
   0    3    1    0    2  
   1    3    0    2    0  
   3    0    0    2    1  
   1    0    2    3    0  
   1    0    3    0    2  
   1    0    0    3    2  
   2    0    0    1    3  
   0    3    1    2    0  
   2    1    3    0    0  
   0    1    2    0    3  
   0    1    0    2    3  
   0    1    3    2    0  
   0    0    2    3    1  
   1    2    0    3    0  
   0    2    0    3    1  
   0    0    2    1    3  
   1    2    0    0    3  
   1    3    0    2    0  
   3    1    0    0    2  
   0    0    2    1    3  
   0    2    0    1    3  
   3    1    0    0    2  
   1    3    2    0    0  
   2    1    0    3    0  
   0    1    2    0    3  
   0    2    1    3    0  
   2    0    3    1    0  
   0    3    1    0    2  
   3    0    2    1    0  
   0    3    0    1    2  
   0    3    0    1    2  
   0    0    2    1    3  
   2    0    1    3    0  
   3    0    2    1    0  
   1    0    3    2    0  
   0    3    0    2    1  
   1    2    0    0    3  
   2    1    0    0    3  
   3    0    1    2    0  
   3    1    0    0    2  
   0    1    3    2    0  
   2    1    3    0    0  
   3    2    0    1    0  
   3    0    1    2    0  
   1    3    0    0    2  
   0    2    3    1    0  
   3    2    0    1    0  
   2    3    1    0    0  
   1    3    0    0    2  
   3    1    2    0    0  
   0    0    2    3    1  
   0    1    3    0    2  
   1    0    3    2    0  
   2    3    1    0    0  
   1    0    3    0    2  
   0    3    0    2    1  
   0    3    0    2    1  
   0    2    1    0    3  ] 
RESERVATION PRICES : [    0    7    6    0    7  
  10    0    0   12   12  
  17    0   18   16    0  
   0   18   16   15    0  
  20   24    0   21    0  
   0   29    0   31   28  
   0   32    0   33   32  
   0   30   33   26    0  
  27   28    0   34    0  
  35    0   37    0   40  
   0   39   38   39    0  
  45    0    0   34   44  
   0   45    0   46   35  
  49   44    0   43    0  
   0   41   49   45    0  
   0    0   42   51   50  
   0    0   50   49   57  
  60    0   57    0   58  
   0   55    0   64   57  
  61   68    0   63    0  
   0   71   62   72    0  
  71   66   66    0    0  
  70    0   67    0   67  
   0   71   68    0   62  
   0   84   84    0   85  
   0   92    0   78   89  
  80   92    0    0   88  
   0  101   96    0   81  
  95   79    0    0  104  
   0   99    0   91   92  
 107   94    0   88    0  
   0  110    0  106  112  
   0  115  119   95    0  
 121  102    0    0  123  
   0    0  117  100   96  
   0  128   99  124    0  
   0  129  107    0  104  
 127  131  109    0    0  
 119  121    0    0  122  
   0  127  125    0  140  
   0  138    0  115  137  
 163  145    0  119    0  
   0  159  124    0  160  
 134  131    0  137    0  
 161    0    0  128  127  
 143    0  151  173    0  
 143    0  149    0  156  
 184    0    0  133  149  
 144    0    0  141  143  
   0  155  173  162    0  
 153  176  191    0    0  
   0  192  200    0  203  
   0  204    0  202  161  
   0  193  161  167    0  
   0    0  168  154  178  
 190  173    0  181    0  
   0  195    0  178  169  
   0    0  223  222  188  
 177  201    0    0  221  
 213  199    0  230    0  
 222  230    0    0  178  
   0    0  184  177  183  
   0  177    0  186  195  
 237  214    0    0  195  
 207  241  183    0    0  
 228  186    0  197    0  
   0  225  186    0  194  
   0  218  251  188    0  
 245    0  189  212    0  
   0  256  247    0  199  
 262    0  215  205    0  
   0  222    0  259  234  
   0  223    0  206  219  
   0    0  259  218  205  
 272    0  262  248    0  
 246    0  227  249    0  
 258    0  229  278    0  
   0  289    0  257  215  
 252  225    0    0  283  
 290  296    0    0  232  
 272    0  294  265    0  
 248  256    0    0  280  
   0  307  244  236    0  
 302  310  308    0    0  
 297  312    0  250    0  
 260    0  309  260    0  
 273  277    0    0  259  
   0  279  321  256    0  
 320  251    0  246    0  
 309  245  246    0    0  
 252  252    0    0  266  
 289  258  340    0    0  
   0    0  255  334  286  
   0  336  263    0  341  
 318    0  296  341    0  
 308  302  279    0    0  
 268    0  274    0  296  
   0  301    0  276  268  
   0  303    0  302  314  
   0  317  359    0  303  ] 
 ] 
