K : 100
I : 15
C : 4
INSTANCE : 4
PREFERENCES : [    0    3    0    0    1    0    0    2    0    0    4    5    0    0    0  
   0    3    0    0    0    1    5    0    0    0    0    2    4    0    0  
   0    1    0    0    3    2    0    4    0    0    0    0    0    5    0  
   2    0    0    0    0    0    3    0    0    1    5    0    0    0    4  
   0    0    4    0    2    0    3    1    0    0    5    0    0    0    0  
   0    0    3    0    2    5    0    4    1    0    0    0    0    0    0  
   0    0    0    0    2    4    5    1    0    0    0    0    3    0    0  
   2    0    0    0    0    0    3    0    4    0    0    0    1    0    5  
   0    0    0    1    2    0    5    0    0    4    3    0    0    0    0  
   0    0    0    3    1    0    0    0    0    2    0    4    0    0    5  
   2    0    0    0    0    5    0    3    0    1    0    0    0    4    0  
   4    0    0    0    0    0    2    0    0    5    0    3    1    0    0  
   0    4    0    2    1    0    3    0    5    0    0    0    0    0    0  
   0    0    0    0    0    4    5    0    3    0    2    1    0    0    0  
   0    2    0    0    0    0    0    0    5    0    4    0    0    1    3  
   0    4    0    1    0    5    0    0    0    3    0    2    0    0    0  
   0    0    0    0    0    0    0    0    3    0    5    4    0    1    2  
   0    1    0    0    0    3    0    2    0    0    4    0    0    0    5  
   0    0    0    3    0    0    0    5    0    4    1    0    0    0    2  
   5    0    0    0    4    0    0    0    0    2    0    3    0    1    0  
   5    0    4    0    1    0    3    0    0    0    2    0    0    0    0  
   5    1    0    0    0    0    0    0    0    0    3    0    4    0    2  
   1    2    3    0    5    0    0    0    0    0    4    0    0    0    0  
   0    3    0    1    0    0    0    5    0    4    2    0    0    0    0  
   0    0    4    0    0    0    0    0    0    2    0    1    3    5    0  
   4    0    3    0    1    0    0    5    0    0    0    0    0    0    2  
   0    2    1    0    4    0    0    5    0    0    3    0    0    0    0  
   0    0    0    0    0    5    2    0    0    4    0    1    3    0    0  
   5    0    0    0    0    0    0    0    0    2    3    4    0    0    1  
   2    0    0    0    3    5    0    4    0    0    0    1    0    0    0  
   0    0    1    0    2    0    0    0    5    0    0    0    0    3    4  
   3    4    0    5    0    0    0    0    0    2    0    1    0    0    0  
   0    0    0    2    0    4    1    0    0    0    3    0    0    5    0  
   4    5    0    1    0    2    0    0    0    3    0    0    0    0    0  
   0    0    5    0    0    1    0    0    3    4    0    0    0    2    0  
   3    0    4    0    0    0    0    0    1    5    2    0    0    0    0  
   0    0    0    1    3    0    4    0    0    5    0    0    0    0    2  
   0    0    0    0    1    4    5    0    0    0    0    3    0    0    2  
   0    0    0    5    0    0    4    0    1    0    0    0    0    3    2  
   0    0    0    0    4    3    0    5    0    0    1    0    2    0    0  
   0    0    0    0    1    4    0    5    0    0    2    0    0    0    3  
   0    0    0    0    0    0    5    4    1    3    2    0    0    0    0  
   0    3    0    0    2    4    0    0    0    1    0    5    0    0    0  
   1    0    5    0    0    0    3    0    0    4    0    2    0    0    0  
   0    0    0    0    1    0    0    2    4    5    0    0    3    0    0  
   0    0    4    5    0    0    0    0    0    2    0    0    3    1    0  
   0    0    0    0    0    5    0    1    0    0    3    0    0    4    2  
   0    2    3    0    4    1    0    0    0    0    0    5    0    0    0  
   0    5    0    0    0    3    0    2    0    0    4    0    1    0    0  
   0    0    0    0    0    5    4    2    0    0    0    0    0    1    3  
   3    0    0    0    0    0    0    4    0    1    0    5    0    2    0  
   0    0    0    0    1    2    0    3    0    0    0    4    5    0    0  
   3    2    0    0    0    4    5    0    0    1    0    0    0    0    0  
   0    4    1    0    0    3    0    5    0    2    0    0    0    0    0  
   0    0    4    0    3    1    0    2    0    0    0    0    5    0    0  
   5    1    2    4    0    0    0    0    3    0    0    0    0    0    0  
   4    5    0    2    0    0    0    0    0    0    0    0    3    1    0  
   0    0    0    5    1    0    0    0    0    2    4    0    0    0    3  
   2    4    0    3    5    0    0    0    0    0    0    0    0    1    0  
   4    0    0    2    0    0    1    0    0    0    0    3    5    0    0  
   3    4    5    0    2    0    0    0    1    0    0    0    0    0    0  
   0    0    0    0    1    0    0    2    4    0    3    0    0    5    0  
   0    0    1    0    0    5    3    0    0    0    2    0    4    0    0  
   0    4    0    5    1    0    0    0    2    0    3    0    0    0    0  
   0    0    4    0    0    5    0    0    3    0    0    0    0    2    1  
   2    0    0    1    5    0    0    0    0    0    0    4    0    3    0  
   0    0    0    0    1    0    0    3    5    2    0    0    0    4    0  
   0    0    0    0    4    5    1    0    0    0    0    0    3    2    0  
   0    0    0    0    4    0    0    0    3    0    5    0    0    1    2  
   0    0    0    0    5    1    0    2    0    0    3    4    0    0    0  
   1    4    0    0    0    0    0    0    0    0    3    0    0    5    2  
   2    1    0    0    5    0    0    0    0    4    0    0    0    0    3  
   0    5    0    0    0    0    2    0    0    0    1    3    0    4    0  
   0    3    0    0    0    4    1    0    0    0    0    0    5    0    2  
   4    0    0    0    0    0    2    1    5    3    0    0    0    0    0  
   0    0    4    1    0    0    5    0    2    0    0    0    3    0    0  
   5    2    0    0    0    0    0    1    0    0    4    3    0    0    0  
   0    0    2    3    0    0    0    0    0    4    1    5    0    0    0  
   3    4    0    0    0    0    0    0    0    5    1    0    0    2    0  
   0    0    4    1    0    0    0    0    0    2    0    0    5    0    3  
   0    1    0    0    3    0    0    0    2    5    0    4    0    0    0  
   0    0    0    0    0    3    0    0    2    1    0    4    0    5    0  
   0    0    0    5    0    0    2    3    4    1    0    0    0    0    0  
   1    0    2    0    0    0    0    4    0    0    5    0    0    3    0  
   5    0    0    4    0    0    1    0    0    0    0    3    0    0    2  
   0    0    0    2    0    0    5    0    0    0    3    0    1    0    4  
   0    0    0    0    4    1    0    0    5    2    0    0    0    0    3  
   2    0    0    0    1    3    0    5    0    0    0    0    0    0    4  
   0    4    0    0    0    2    0    0    0    0    0    1    5    3    0  
   0    0    0    0    1    0    0    0    2    4    3    5    0    0    0  
   4    0    0    0    0    0    2    0    5    0    0    1    3    0    0  
   0    0    5    0    0    1    0    0    0    2    0    0    0    3    4  
   0    0    0    5    0    2    0    0    0    0    3    4    0    0    1  
   0    3    1    0    0    0    4    0    0    5    2    0    0    0    0  
   0    0    4    2    1    0    3    0    0    0    0    0    0    0    5  
   0    1    4    5    0    0    2    0    3    0    0    0    0    0    0  
   1    0    0    0    0    0    3    0    0    5    0    0    2    0    4  
   4    0    0    0    0    0    1    0    0    2    0    0    3    5    0  
   0    0    3    4    0    1    0    0    0    0    0    2    0    0    5  
   2    5    0    0    0    0    1    0    0    0    0    0    4    0    3  ] 
RESERVATION PRICES : [    0    7    0    0    7    0    0    9    0    0    7    9    0    0    0  
   0    7    0    0    0    9    9    0    0    0    0    7    9    0    0  
   0    8    0    0    9    8    0    8    0    0    0    0    0    9    0  
  11    0    0    0    0    0   11    0    0   13   13    0    0    0   14  
   0    0   14    0   11    0   11   12    0    0   11    0    0    0    0  
   0    0   17    0   18   16    0   16   15    0    0    0    0    0    0  
   0    0    0    0   22   20   17   22    0    0    0    0   19    0    0  
  22    0    0    0    0    0   21    0   22    0    0    0   24    0   25  
   0    0    0   33   26    0   30    0    0   25   33    0    0    0    0  
   0    0    0   31   32    0    0    0    0   32    0   33    0    0   28  
  32    0    0    0    0   31    0   34    0   33    0    0    0   32    0  
  38    0    0    0    0    0   35    0    0   45    0   34   36    0    0  
   0   41    0   42   42    0   46    0   40    0    0    0    0    0    0  
   0    0    0    0    0   46   50    0   46    0   45   53    0    0    0  
   0   49    0    0    0    0    0    0   40    0   44    0    0   47   52  
   0   45    0   49    0   49    0    0    0   48    0   48    0    0    0  
   0    0    0    0    0    0    0    0   55    0   48   53    0   53   63  
   0   62    0    0    0   68    0   51    0    0   53    0    0    0   57  
   0    0    0   54    0    0    0   50    0   50   68    0    0    0   62  
  58    0    0    0   73    0    0    0    0   62    0   71    0   65    0  
  62    0   73    0   80    0   74    0    0    0   75    0    0    0    0  
  69   78    0    0    0    0    0    0    0    0   64    0   64    0   81  
  75   84   67    0   72    0    0    0    0    0   70    0    0    0    0  
   0   68    0   67    0    0    0   65    0   77   86    0    0    0    0  
   0    0   85    0    0    0    0    0    0   80    0   89   77   87    0  
  87    0   87    0   69    0    0   74    0    0    0    0    0    0   72  
   0  101  100    0   93    0    0   97    0    0   75    0    0    0    0  
   0    0    0    0    0  100   91    0    0   82    0   99   79    0    0  
  90    0    0    0    0    0    0    0    0   98   83  101    0    0  105  
  91    0    0    0  108   97    0  104    0    0    0   95    0    0    0  
   0    0   88    0  103    0    0    0   85    0    0    0    0  106   89  
 103   91    0  121    0    0    0    0    0  114    0   92    0    0    0  
   0    0    0  101    0  102  107    0    0    0   97    0    0  124    0  
 116  106    0  132    0  134    0    0    0  103    0    0    0    0    0  
   0    0  102    0    0  105    0    0  114  106    0    0    0  123    0  
  99    0  116    0    0    0    0    0  109  129  115    0    0    0    0  
   0    0    0  137  107    0  114    0    0  118    0    0    0    0  108  
   0    0    0    0  145  115  105    0    0    0    0  136    0    0  105  
   0    0    0  145    0    0  126    0  121    0    0    0    0  135  120  
   0    0    0    0  147  133    0  158    0    0  126    0  146    0    0  
   0    0    0    0  148  150    0  139    0    0  153    0    0    0  147  
   0    0    0    0    0    0  153  129  142  142  139    0    0    0    0  
   0  122    0    0  134  150    0    0    0  128    0  133    0    0    0  
 167    0  132    0    0    0  128    0    0  125    0  134    0    0    0  
   0    0    0    0  168    0    0  139  129  129    0    0  157    0    0  
   0    0  135  158    0    0    0    0    0  135    0    0  157  138    0  
   0    0    0    0    0  157    0  149    0    0  181    0    0  164  185  
   0  180  141    0  159  150    0    0    0    0    0  171    0    0    0  
   0  185    0    0    0  149    0  172    0    0  165    0  183    0    0  
   0    0    0    0    0  146  179  149    0    0    0    0    0  180  173  
 175    0    0    0    0    0    0  168    0  150    0  188    0  179    0  
   0    0    0    0  204  151    0  185    0    0    0  170  156    0    0  
 181  150    0    0    0  204  171    0    0  155    0    0    0    0    0  
   0  204  173    0    0  179    0  154    0  155    0    0    0    0    0  
   0    0  206    0  185  174    0  191    0    0    0    0  196    0    0  
 161  221  202  173    0    0    0    0  189    0    0    0    0    0    0  
 178  169    0  191    0    0    0    0    0    0    0    0  180  183    0  
   0    0    0  215  176    0    0    0    0  204  212    0    0    0  193  
 168  178    0  168  209    0    0    0    0    0    0    0    0  194    0  
 228    0    0  232    0    0  175    0    0    0    0  186  209    0    0  
 225  199  184    0  230    0    0    0  223    0    0    0    0    0    0  
   0    0    0    0  200    0    0  187  214    0  203    0    0  209    0  
   0    0  211    0    0  218  180    0    0    0  181    0  218    0    0  
   0  195    0  188  181    0    0    0  198    0  180    0    0    0    0  
   0    0  231    0    0  180    0    0  228    0    0    0    0  246  199  
 223    0    0  199  233    0    0    0    0    0    0  188    0  185    0  
   0    0    0    0  260    0    0  210  250  232    0    0    0  241    0  
   0    0    0    0  212  208  206    0    0    0    0    0  206  259    0  
   0    0    0    0  270    0    0    0  196    0  248    0    0  216  257  
   0    0    0    0  264  200    0  211    0    0  202  209    0    0    0  
 253  202    0    0    0    0    0    0    0    0  211    0    0  226  246  
 225  266    0    0  222    0    0    0    0  256    0    0    0    0  231  
   0  231    0    0    0    0  248    0    0    0  232  253    0  217    0  
   0  233    0    0    0  203  226    0    0    0    0    0  203    0  239  
 272    0    0    0    0    0  237  226  270  262    0    0    0    0    0  
   0    0  227  241    0    0  274    0  231    0    0    0  217    0    0  
 242  210    0    0    0    0    0  255    0    0  216  264    0    0    0  
   0    0  266  248    0    0    0    0    0  251  279  289    0    0    0  
 288  251    0    0    0    0    0    0    0  294  239    0    0  239    0  
   0    0  223  230    0    0    0    0    0  267    0    0  281    0  286  
   0  271    0    0  239    0    0    0  285  295    0  273    0    0    0  
   0    0    0    0    0  286    0    0  271  266    0  229    0  292    0  
   0    0    0  251    0    0  257  291  244  272    0    0    0    0    0  
 301    0  316    0    0    0    0  280    0    0  297    0    0  312    0  
 263    0    0  254    0    0  321    0    0    0    0  260    0    0  318  
   0    0    0  290    0    0  264    0    0    0  304    0  291    0  278  
   0    0    0    0  286  259    0    0  259  304    0    0    0    0  311  
 269    0    0    0  247  250    0  243    0    0    0    0    0    0  303  
   0  265    0    0    0  284    0    0    0    0    0  260  276  320    0  
   0    0    0    0  309    0    0    0  273  259  337  335    0    0    0  
 305    0    0    0    0    0  286    0  335    0    0  256  283    0    0  
   0    0  255    0    0  287    0    0    0  328    0    0    0  288  284  
   0    0    0  316    0  275    0    0    0    0  252  312    0    0  347  
   0  305  332    0    0    0  356    0    0  352  347    0    0    0    0  
   0    0  290  265  283    0  268    0    0    0    0    0    0    0  339  
   0  277  345  315    0    0  362    0  319    0    0    0    0    0    0  
 336    0    0    0    0    0  317    0    0  368    0    0  274    0  266  
 351    0    0    0    0    0  289    0    0  318    0    0  335  336    0  
   0    0  363  350    0  282    0    0    0    0    0  327    0    0  330  
 356  355    0    0    0    0  334    0    0    0    0    0  322    0  371  ] 
 ] 
