K : 50
I : 15
C : 2
INSTANCE : 3
PREFERENCES : [    1    0    0    4    3    0    0    0    0    2    0    0    5    0    0  
   5    0    0    0    2    0    1    0    0    4    0    0    0    3    0  
   1    0    3    0    0    4    0    0    2    0    5    0    0    0    0  
   0    3    0    0    4    0    5    1    0    0    0    0    2    0    0  
   0    0    0    0    2    0    0    1    5    0    4    0    0    0    3  
   5    0    0    0    4    0    0    0    2    3    0    0    0    1    0  
   5    0    0    2    0    0    1    0    0    4    0    0    0    3    0  
   0    0    3    0    0    2    0    0    1    0    0    4    5    0    0  
   2    0    0    0    4    1    0    0    0    0    0    0    5    3    0  
   5    2    0    0    0    0    0    0    0    0    4    0    3    1    0  
   0    3    0    0    1    0    0    0    0    5    4    2    0    0    0  
   0    4    3    0    0    2    0    1    5    0    0    0    0    0    0  
   4    0    0    5    0    0    0    2    1    0    0    3    0    0    0  
   0    0    0    3    1    4    0    5    2    0    0    0    0    0    0  
   4    0    0    2    0    3    0    5    1    0    0    0    0    0    0  
   0    0    0    0    0    0    0    0    0    3    0    2    5    4    1  
   3    4    0    0    2    0    0    0    0    0    1    0    5    0    0  
   1    0    0    0    0    0    5    0    0    3    4    0    0    0    2  
   0    3    2    0    0    0    0    0    1    0    0    4    5    0    0  
   5    1    0    2    0    0    0    3    0    0    4    0    0    0    0  
   1    0    3    0    0    5    0    2    0    0    0    4    0    0    0  
   4    0    0    0    0    0    0    0    0    0    2    1    3    0    5  
   0    5    1    2    4    0    0    0    3    0    0    0    0    0    0  
   0    0    0    5    3    0    0    0    0    0    0    4    2    0    1  
   0    2    0    0    0    5    0    0    0    0    0    1    3    4    0  
   0    0    3    2    1    0    0    4    0    5    0    0    0    0    0  
   0    5    2    0    0    4    0    3    0    0    0    0    0    0    1  
   0    0    0    5    0    0    0    0    0    0    4    2    3    0    1  
   0    0    5    0    0    0    0    0    1    4    0    0    2    0    3  
   1    0    0    0    3    2    0    0    0    0    0    4    5    0    0  
   0    0    0    0    5    0    1    0    0    3    0    0    2    0    4  
   0    0    2    0    0    3    0    4    0    0    5    0    0    0    1  
   0    0    0    3    1    2    0    0    0    0    0    0    4    5    0  
   1    0    4    0    3    0    0    0    2    5    0    0    0    0    0  
   5    1    0    0    0    0    0    2    3    4    0    0    0    0    0  
   2    3    1    0    0    0    0    0    4    0    5    0    0    0    0  
   5    2    0    0    0    4    0    0    1    0    0    0    0    0    3  
   0    0    0    0    0    5    0    3    0    1    0    0    0    2    4  
   2    0    3    4    0    0    0    0    1    0    0    0    5    0    0  
   0    0    0    0    0    0    1    3    0    0    2    5    0    4    0  
   2    0    0    0    0    0    0    0    3    4    0    0    1    5    0  
   3    4    0    1    0    2    0    0    0    0    0    0    5    0    0  
   3    0    5    0    1    2    4    0    0    0    0    0    0    0    0  
   4    1    0    0    0    0    0    5    0    3    0    2    0    0    0  
   5    4    0    0    3    0    1    0    0    0    0    0    0    0    2  
   4    0    0    1    2    0    3    0    0    0    0    0    0    5    0  
   3    4    0    1    0    0    5    0    0    0    0    0    0    2    0  
   1    0    5    0    0    0    4    0    0    0    0    0    0    2    3  
   2    0    0    0    0    3    0    0    1    4    0    5    0    0    0  
   4    0    0    0    0    0    0    0    3    1    5    0    0    2    0  ] 
RESERVATION PRICES : [    7    0    0    6    7    0    0    0    0    6    0    0    7    0    0  
   9    0    0    0   11    0   10    0    0   11    0    0    0    9    0  
  16    0   14    0    0   14    0    0   18    0   19    0    0    0    0  
   0   17    0    0   16    0   15   18    0    0    0    0   18    0    0  
   0    0    0    0   19    0    0   15   19    0   17    0    0    0   15  
  23    0    0    0   25    0    0    0   22   23    0    0    0   23    0  
  20    0    0   23    0    0   21    0    0   21    0    0    0   25    0  
   0    0   27    0    0   31    0    0   24    0    0   28   32    0    0  
  37    0    0    0   33   38    0    0    0    0    0    0   35   33    0  
  29   32    0    0    0    0    0    0    0    0   38    0   36   38    0  
   0   34    0    0   37    0    0    0    0   43   35   42    0    0    0  
   0   40   50    0    0   40    0   38   40    0    0    0    0    0    0  
  47    0    0   42    0    0    0   53   41    0    0   45    0    0    0  
   0    0    0   39   52   52    0   54   41    0    0    0    0    0    0  
  45    0    0   53    0   47    0   55   55    0    0    0    0    0    0  
   0    0    0    0    0    0    0    0    0   58    0   53   51   50   53  
  57   62    0    0   57    0    0    0    0    0   51    0   64    0    0  
  61    0    0    0    0    0   72    0    0   60   56    0    0    0   67  
   0   72   69    0    0    0    0    0   69    0    0   60   71    0    0  
  63   63    0   58    0    0    0   74    0    0   54    0    0    0    0  
  68    0   59    0    0   66    0   56    0    0    0   72    0    0    0  
  71    0    0    0    0    0    0    0    0    0   71   72   67    0   69  
   0   70   75   63   76    0    0    0   62    0    0    0    0    0    0  
   0    0    0   77   86    0    0    0    0    0    0   82   70    0   65  
   0   70    0    0    0   65    0    0    0    0    0   87   72   67    0  
   0    0   92   69   69    0    0   84    0   75    0    0    0    0    0  
   0   90   80    0    0   79    0   89    0    0    0    0    0    0   91  
   0    0    0   94    0    0    0    0    0    0   92   81   92    0   79  
   0    0   81    0    0    0    0    0   92   93    0    0  106    0   91  
  89    0    0    0   80   92    0    0    0    0    0  109  107    0    0  
   0    0    0    0  106    0  111    0    0   93    0    0   92    0   88  
   0    0   99    0    0  103    0   99    0    0   98    0    0    0   99  
   0    0    0  102  122   95    0    0    0    0    0    0  108  122    0  
 107    0  118    0  129    0    0    0   96  119    0    0    0    0    0  
 113  108    0    0    0    0    0   96  132  125    0    0    0    0    0  
 128  127  131    0    0    0    0    0   99    0  103    0    0    0    0  
 122  137    0    0    0  117    0    0  105    0    0    0    0    0  120  
   0    0    0    0    0  139    0  132    0  132    0    0    0  145  108  
 126    0  114  142    0    0    0    0  120    0    0    0  112    0    0  
   0    0    0    0    0    0  133  150    0    0  121  119    0  125    0  
 149    0    0    0    0    0    0    0  125  153    0    0  124  136    0  
 157  142    0  136    0  130    0    0    0    0    0    0  123    0    0  
 122    0  154    0  133  135  142    0    0    0    0    0    0    0    0  
 161  142    0    0    0    0    0  149    0  149    0  120    0    0    0  
 155  126    0    0  165    0  163    0    0    0    0    0    0    0  123  
 138    0    0  155  157    0  138    0    0    0    0    0    0  127    0  
 156  167    0  140    0    0  140    0    0    0    0    0    0  154    0  
 187    0  152    0    0    0  150    0    0    0    0    0    0  164  147  
 181    0    0    0    0  177    0    0  191  182    0  185    0    0    0  
 174    0    0    0    0    0    0    0  177  154  192    0    0  152    0  ] 
 ] 
