K : 75
I : 15
C : 8
INSTANCE : 1
PREFERENCES : [    0    2    0    0    0    0    0    5    4    3    0    0    0    1    0  
   0    0    0    5    3    0    0    0    4    0    0    2    1    0    0  
   3    2    0    0    0    0    4    1    5    0    0    0    0    0    0  
   0    0    0    0    4    0    5    0    0    3    0    0    0    1    2  
   5    0    0    0    2    0    0    0    4    3    0    0    1    0    0  
   2    0    0    5    0    1    0    0    0    4    0    3    0    0    0  
   0    2    0    3    1    0    0    0    4    0    0    0    0    5    0  
   0    4    0    5    0    0    0    0    0    3    0    2    0    0    1  
   3    0    0    4    2    0    0    0    0    0    0    0    0    1    5  
   2    0    0    0    1    5    0    0    3    0    0    0    4    0    0  
   0    0    0    0    4    2    5    3    0    1    0    0    0    0    0  
   2    0    4    0    0    0    0    0    0    5    1    0    0    0    3  
   0    0    4    3    1    5    0    0    0    0    0    0    0    2    0  
   3    5    0    0    0    1    0    4    2    0    0    0    0    0    0  
   0    4    0    0    2    0    3    0    1    0    0    0    0    5    0  
   2    0    0    5    0    0    0    0    0    4    0    3    0    1    0  
   5    2    0    4    0    1    0    0    0    0    0    0    0    0    3  
   2    0    0    0    0    0    0    0    0    5    0    3    1    0    4  
   1    0    0    5    0    0    3    0    4    0    0    0    0    2    0  
   0    0    1    0    0    0    0    0    5    0    3    0    2    0    4  
   0    3    2    0    5    0    0    4    0    0    0    1    0    0    0  
   0    2    0    0    0    1    0    4    0    0    0    0    0    5    3  
   0    2    0    4    0    0    0    3    0    1    0    0    0    0    5  
   0    0    4    0    1    2    0    0    5    0    3    0    0    0    0  
   0    0    0    0    2    1    3    0    0    0    0    0    4    5    0  
   0    0    0    5    0    3    0    1    0    0    4    2    0    0    0  
   0    4    0    1    0    0    5    0    0    0    0    0    2    3    0  
   5    0    2    0    0    0    0    0    0    0    0    0    4    1    3  
   0    2    4    0    0    5    3    0    0    0    0    1    0    0    0  
   3    5    1    4    0    0    0    0    0    0    0    0    0    0    2  
   0    0    0    1    5    4    0    2    0    0    0    0    0    3    0  
   0    5    0    0    0    0    0    0    1    2    4    0    0    3    0  
   0    2    3    0    0    4    0    0    0    0    5    0    0    0    1  
   0    0    0    0    0    0    1    3    0    0    2    5    0    4    0  
   0    0    0    0    0    4    0    1    0    3    0    2    5    0    0  
   1    0    0    2    0    0    0    0    0    0    5    0    4    3    0  
   0    0    3    4    2    0    0    0    0    0    0    5    1    0    0  
   0    0    2    0    5    4    0    0    0    0    0    1    0    3    0  
   0    0    0    4    1    0    0    0    0    0    2    3    0    0    5  
   0    0    2    0    0    0    1    0    0    3    4    0    5    0    0  
   0    0    0    0    0    0    5    3    0    0    0    4    0    2    1  
   4    0    0    3    2    0    0    1    0    0    0    0    5    0    0  
   1    0    0    0    0    0    0    0    0    3    2    5    0    4    0  
   5    0    0    0    0    0    4    3    0    0    0    2    0    0    1  
   0    0    3    0    5    0    0    0    4    0    0    0    0    1    2  
   1    0    5    0    0    0    0    4    2    0    0    0    0    3    0  
   0    0    0    0    0    0    0    1    0    2    0    5    4    0    3  
   0    0    0    5    0    0    0    0    0    2    0    4    1    0    3  
   0    0    0    0    0    0    5    3    1    0    0    0    2    0    4  
   4    0    0    0    0    2    0    0    5    1    0    0    0    3    0  
   0    3    0    0    5    2    0    0    0    1    4    0    0    0    0  
   0    0    2    0    3    0    0    4    1    0    5    0    0    0    0  
   0    0    5    0    3    0    0    0    0    1    2    0    4    0    0  
   0    0    0    0    4    0    0    5    3    1    0    0    0    0    2  
   0    0    0    3    0    0    5    0    2    4    0    0    1    0    0  
   0    0    1    0    0    0    0    0    5    0    4    3    2    0    0  
   0    0    0    3    4    0    0    5    0    2    0    0    1    0    0  
   0    0    4    0    0    0    0    0    3    5    2    0    0    1    0  
   0    5    4    0    0    0    0    0    1    3    0    0    0    2    0  
   1    2    4    0    0    0    0    0    3    0    0    0    0    0    5  
   0    0    0    5    0    0    2    0    3    1    0    0    0    0    4  
   0    0    0    0    2    5    3    0    0    4    0    0    0    1    0  
   0    3    0    4    0    0    2    0    5    0    0    1    0    0    0  
   1    0    0    4    2    0    0    0    0    5    0    0    0    0    3  
   0    0    0    3    2    0    1    0    4    5    0    0    0    0    0  
   0    4    0    0    2    0    0    0    0    3    5    0    0    0    1  
   0    0    0    2    3    0    0    0    4    0    5    0    0    1    0  
   0    0    0    0    3    0    4    0    0    0    2    0    5    1    0  
   5    0    3    1    4    0    0    0    0    0    0    0    0    0    2  
   0    2    0    0    0    3    0    0    5    0    0    4    1    0    0  
   2    0    0    0    0    1    0    4    0    0    0    0    0    3    5  
   0    1    0    4    0    0    0    2    0    3    0    0    0    5    0  
   1    0    3    0    0    0    0    0    0    4    0    5    2    0    0  
   0    1    0    0    4    0    0    2    0    0    0    0    3    5    0  
   0    0    3    5    1    4    0    0    0    0    0    0    0    0    2  ] 
RESERVATION PRICES : [    0    9    0    0    0    0    0    9    9    8    0    0    0    9    0  
   0    0    0   13   13    0    0    0   14    0    0   12   14    0    0  
  14   13    0    0    0    0   14   13   14    0    0    0    0    0    0  
   0    0    0    0   13    0   15    0    0   14    0    0    0   16   15  
  15    0    0    0   16    0    0    0   14   16    0    0   13    0    0  
  20    0    0   22    0   20    0    0    0   24    0   22    0    0    0  
   0   27    0   28   22    0    0    0   28    0    0    0    0   24    0  
   0   29    0   27    0    0    0    0    0   23    0   29    0    0   22  
  33    0    0   28   36    0    0    0    0    0    0    0    0   35   28  
  32    0    0    0   31   34    0    0   40    0    0    0   34    0    0  
   0    0    0    0   38   32   36   41    0   36    0    0    0    0    0  
  50    0   46    0    0    0    0    0    0   51   49    0    0    0   50  
   0    0   39   46   54   44    0    0    0    0    0    0    0   45    0  
  48   45    0    0    0   60    0   58   48    0    0    0    0    0    0  
   0   56    0    0   59    0   55    0   58    0    0    0    0   56    0  
  50    0    0   53    0    0    0    0    0   58    0   54    0   56    0  
  54   47    0   48    0   45    0    0    0    0    0    0    0    0   60  
  53    0    0    0    0    0    0    0    0   64    0   52   49    0   63  
  69    0    0   62    0    0   63    0   54    0    0    0    0   71    0  
   0    0   61    0    0    0    0    0   74    0   75    0   71    0   73  
   0   66   73    0   63    0    0   71    0    0    0   61    0    0    0  
   0   83    0    0    0   70    0   83    0    0    0    0    0   67   82  
   0   86    0   79    0    0    0   82    0   68    0    0    0    0   70  
   0    0   75    0   77   95    0    0   79    0   77    0    0    0    0  
   0    0    0    0   82   71   79    0    0    0    0    0   77   89    0  
   0    0    0   81    0   87    0   92    0    0   99   77    0    0    0  
   0   98    0  103    0    0   84    0    0    0    0    0   91   94    0  
  98    0   91    0    0    0    0    0    0    0    0    0  101  111   88  
   0  108   87    0    0  106  111    0    0    0    0   89    0    0    0  
  96  101  101   91    0    0    0    0    0    0    0    0    0    0  110  
   0    0    0  101  119   96    0  111    0    0    0    0    0  122    0  
   0  101    0    0    0    0    0    0  105   97  111    0    0   98    0  
   0  134  134    0    0  129    0    0    0    0  109    0    0    0  126  
   0    0    0    0    0    0  110  101    0    0  127  130    0  122    0  
   0    0    0    0    0  125    0  104    0  133    0  116  118    0    0  
 116    0    0  118    0    0    0    0    0    0  143    0  130  141    0  
   0    0  140  108  118    0    0    0    0    0    0  137  120    0    0  
   0    0  114    0  112  110    0    0    0    0    0  120    0  120    0  
   0    0    0  144  140    0    0    0    0    0  127  152    0    0  159  
   0    0  128    0    0    0  156    0    0  145  153    0  125    0    0  
   0    0    0    0    0    0  159  153    0    0    0  122    0  131  155  
 163    0    0  137  120    0    0  119    0    0    0    0  124    0    0  
 153    0    0    0    0    0    0    0    0  134  151  153    0  161    0  
 131    0    0    0    0    0  134  149    0    0    0  161    0    0  160  
   0    0  144    0  135    0    0    0  137    0    0    0    0  136  147  
 178    0  149    0    0    0    0  155  142    0    0    0    0  178    0  
   0    0    0    0    0    0    0  161    0  138    0  158  173    0  159  
   0    0    0  155    0    0    0    0    0  153    0  155  177    0  152  
   0    0    0    0    0    0  174  185  156    0    0    0  139    0  158  
 146    0    0    0    0  170    0    0  174  162    0    0    0  142    0  
   0  164    0    0  180  183    0    0    0  194  160    0    0    0    0  
   0    0  146    0  192    0    0  154  149    0  167    0    0    0    0  
   0    0  165    0  180    0    0    0    0  162  147    0  198    0    0  
   0    0    0    0  195    0    0  155  177  155    0    0    0    0  186  
   0    0    0  202    0    0  181    0  162  187    0    0  199    0    0  
   0    0  208    0    0    0    0    0  212    0  168  186  197    0    0  
   0    0    0  186  187    0    0  167    0  213    0    0  159    0    0  
   0    0  163    0    0    0    0    0  159  179  216    0    0  192    0  
   0  215  163    0    0    0    0    0  191  182    0    0    0  164    0  
 175  209  175    0    0    0    0    0  188    0    0    0    0    0  181  
   0    0    0  207    0    0  195    0  189  189    0    0    0    0  207  
   0    0    0    0  225  232  215    0    0  206    0    0    0  203    0  
   0  237    0  209    0    0  231    0  210    0    0  224    0    0    0  
 200    0    0  221  231    0    0    0    0  214    0    0    0    0  241  
   0    0    0  197  183    0  245    0  190  181    0    0    0    0    0  
   0  193    0    0  186    0    0    0    0  228  189    0    0    0  235  
   0    0    0  203  185    0    0    0  249    0  248    0    0  218    0  
   0    0    0    0  198    0  260    0    0    0  256    0  221  259    0  
 202    0  215  247  216    0    0    0    0    0    0    0    0    0  236  
   0  237    0    0    0  215    0    0  204    0    0  235  220    0    0  
 209    0    0    0    0  237    0  271    0    0    0    0    0  238  208  
   0  262    0  233    0    0    0  261    0  277    0    0    0  213    0  
 274    0  246    0    0    0    0    0    0  270    0  276  217    0    0  
   0  276    0    0  219    0    0  221    0    0    0    0  218  263    0  
   0    0  215  256  213  214    0    0    0    0    0    0    0    0  234  ] 
 ] 
