K : 150
I : 5
C : 6
INSTANCE : 5
PREFERENCES : [    3    1    0    0    2  
   0    0    1    3    2  
   3    0    1    0    2  
   3    1    0    2    0  
   0    0    3    1    2  
   0    1    3    2    0  
   0    2    3    0    1  
   0    0    3    2    1  
   1    2    0    3    0  
   0    0    2    3    1  
   1    2    0    0    3  
   0    0    3    2    1  
   0    2    1    0    3  
   0    2    1    0    3  
   1    2    0    0    3  
   1    0    3    2    0  
   0    2    1    0    3  
   3    2    0    0    1  
   2    3    0    0    1  
   0    2    0    3    1  
   2    3    0    0    1  
   1    3    0    0    2  
   0    2    1    3    0  
   3    2    1    0    0  
   0    0    1    2    3  
   0    1    2    3    0  
   1    0    0    2    3  
   0    3    1    2    0  
   1    2    0    0    3  
   2    0    1    3    0  
   2    0    1    0    3  
   3    1    0    2    0  
   3    2    1    0    0  
   1    3    0    0    2  
   3    1    0    0    2  
   3    0    1    2    0  
   3    2    0    1    0  
   1    3    0    0    2  
   1    2    0    0    3  
   2    1    3    0    0  
   1    0    3    0    2  
   2    1    3    0    0  
   2    1    0    0    3  
   0    3    1    0    2  
   3    0    0    1    2  
   3    1    0    0    2  
   0    1    3    0    2  
   2    0    1    3    0  
   2    3    1    0    0  
   1    0    3    0    2  
   2    1    0    3    0  
   0    3    1    2    0  
   0    3    0    1    2  
   0    3    1    2    0  
   2    0    3    0    1  
   0    0    1    2    3  
   3    0    0    2    1  
   3    0    2    1    0  
   2    0    0    1    3  
   3    2    1    0    0  
   1    0    3    2    0  
   0    1    3    0    2  
   3    1    0    2    0  
   3    0    0    2    1  
   1    3    2    0    0  
   3    0    1    2    0  
   2    3    0    1    0  
   3    1    0    2    0  
   0    0    3    2    1  
   3    1    0    2    0  
   1    0    2    3    0  
   0    2    0    3    1  
   2    1    3    0    0  
   2    0    0    1    3  
   0    0    2    1    3  
   0    0    1    2    3  
   1    0    0    3    2  
   2    1    0    0    3  
   1    2    3    0    0  
   0    2    0    1    3  
   0    2    3    1    0  
   0    2    1    3    0  
   2    3    1    0    0  
   0    2    3    0    1  
   3    0    0    2    1  
   3    0    0    1    2  
   0    3    1    2    0  
   3    1    2    0    0  
   0    1    3    0    2  
   0    1    2    0    3  
   2    1    0    0    3  
   1    0    3    2    0  
   0    0    3    1    2  
   0    0    3    1    2  
   0    0    2    3    1  
   3    2    0    0    1  
   1    3    2    0    0  
   1    0    2    3    0  
   0    0    2    3    1  
   1    0    3    0    2  
   1    3    0    2    0  
   3    0    1    0    2  
   2    0    0    1    3  
   0    2    1    0    3  
   2    1    0    3    0  
   2    0    1    3    0  
   0    2    3    1    0  
   1    2    0    0    3  
   2    0    1    3    0  
   2    0    1    0    3  
   0    1    3    2    0  
   1    0    0    3    2  
   0    2    1    3    0  
   0    1    2    3    0  
   2    1    3    0    0  
   0    3    0    1    2  
   1    2    0    3    0  
   2    1    0    3    0  
   3    1    2    0    0  
   1    0    3    0    2  
   3    1    2    0    0  
   3    1    0    0    2  
   3    1    0    0    2  
   0    3    2    0    1  
   1    0    2    3    0  
   2    0    3    1    0  
   0    0    2    3    1  
   1    0    2    3    0  
   0    3    0    1    2  
   2    3    0    0    1  
   0    0    3    2    1  
   3    1    0    2    0  
   1    0    3    0    2  
   2    3    0    1    0  
   0    3    2    1    0  
   0    0    2    1    3  
   0    3    0    2    1  
   2    0    0    1    3  
   0    3    1    0    2  
   0    2    0    3    1  
   0    3    2    0    1  
   0    0    1    3    2  
   2    1    0    3    0  
   0    0    3    2    1  
   2    3    0    1    0  
   3    0    0    1    2  
   1    2    0    3    0  
   3    2    0    0    1  
   2    0    0    3    1  
   0    3    0    2    1  ] 
RESERVATION PRICES : [    8    9    0    0    7  
   0    0   12   12   10  
   9    0   12    0    9  
  15   13    0   12    0  
   0    0   17   15   18  
   0   23   26   21    0  
   0   24   25    0   26  
   0    0   29   25   25  
  34   37    0   32    0  
   0    0   36   44   39  
  43   48    0    0   44  
   0    0   39   39   36  
   0   49   39    0   40  
   0   51   54    0   51  
  54   59    0    0   62  
  48    0   57   50    0  
   0   58   68    0   67  
  69   63    0    0   61  
  70   67    0    0   69  
   0   69    0   60   71  
  71   80    0    0   72  
  76   68    0    0   79  
   0   79   74   68    0  
  72   88   79    0    0  
   0    0   99   89   88  
   0   93   92   79    0  
  85    0    0  102   80  
   0  107   93  113    0  
 117  101    0    0  118  
 123    0  104  121    0  
 106    0  113    0  103  
  99  125    0  119    0  
 131  116  113    0    0  
 130  116    0    0  136  
 108  110    0    0  118  
 135    0  131  119    0  
 147  131    0  126    0  
 129  114    0    0  114  
 144  144    0    0  113  
 144  117  125    0    0  
 126    0  140    0  158  
 148  161  157    0    0  
 137  139    0    0  165  
   0  129  135    0  167  
 132    0    0  168  133  
 157  129    0    0  163  
   0  168  168    0  168  
 170    0  131  155    0  
 159  134  151    0    0  
 159    0  183    0  134  
 184  183    0  142    0  
   0  181  165  167    0  
   0  139    0  160  193  
   0  188  145  189    0  
 194    0  197    0  186  
   0    0  168  186  160  
 185    0    0  170  205  
 170    0  157  210    0  
 175    0    0  186  159  
 171  158  190    0    0  
 170    0  200  182    0  
   0  201  211    0  200  
 169  183    0  197    0  
 219    0    0  218  215  
 181  225  181    0    0  
 210    0  189  221    0  
 188  228    0  236    0  
 230  221    0  222    0  
   0    0  212  193  235  
 192  239    0  210    0  
 195    0  219  254    0  
   0  199    0  247  212  
 216  217  256    0    0  
 276    0    0  208  206  
   0    0  267  274  232  
   0    0  225  239  213  
 226    0    0  269  224  
 295  257    0    0  267  
 254  270  258    0    0  
   0  302    0  301  247  
   0  293  298  280    0  
   0  245  295  244    0  
 314  259  293    0    0  
   0  283  237    0  287  
 270    0    0  258  303  
 318    0    0  255  269  
   0  287  291  279    0  
 259  317  307    0    0  
   0  283  298    0  303  
   0  329  276    0  280  
 323  287    0    0  265  
 262    0  309  302    0  
   0    0  279  252  331  
   0    0  312  318  331  
   0    0  351  265  319  
 271  264    0    0  358  
 311  293  283    0    0  
 329    0  305  314    0  
   0    0  316  301  313  
 370    0  277    0  276  
 343  384    0  385    0  
 311    0  378    0  366  
 282    0    0  318  390  
   0  374  377    0  326  
 297  331    0  368    0  
 320    0  301  344    0  
   0  381  309  376    0  
 324  405    0    0  298  
 370    0  309  372    0  
 360    0  396    0  338  
   0  315  355  341    0  
 304    0    0  299  392  
   0  334  366  418    0  
   0  353  412  321    0  
 391  346  320    0    0  
   0  366    0  333  359  
 407  376    0  346    0  
 355  354    0  374    0  
 337  361  409    0    0  
 379    0  371    0  391  
 326  344  451    0    0  
 399  450    0    0  377  
 384  388    0    0  453  
   0  362  404    0  384  
 468    0  410  464    0  
 379    0  352  450    0  
   0    0  466  411  368  
 451    0  413  455    0  
   0  436    0  452  441  
 462  363    0    0  376  
   0    0  427  477  392  
 418  456    0  431    0  
 485    0  405    0  379  
 490  492    0  498    0  
   0  402  377  385    0  
   0    0  440  482  398  
   0  440    0  486  461  
 447    0    0  378  417  
   0  499  399    0  522  
   0  515    0  400  486  
   0  411  449    0  527  
   0    0  404  503  400  
 486  535    0  504    0  
   0    0  487  538  425  
 453  412    0  494    0  
 494    0    0  412  499  
 449  477    0  435    0  
 415  437    0    0  458  
 490    0    0  542  460  
   0  550    0  440  538  ] 
 ] 
