K : 75
I : 15
C : 12
INSTANCE : 4
PREFERENCES : [    0    0    0    0    0    0    0    0    0    4    0    2    1    5    3  
   0    0    3    0    4    2    0    5    0    0    0    1    0    0    0  
   0    0    5    0    0    0    0    1    2    3    0    4    0    0    0  
   0    3    0    0    5    0    0    0    0    2    4    0    0    0    1  
   0    0    0    0    5    0    3    0    0    0    2    4    0    0    1  
   1    4    0    0    0    2    0    5    0    0    0    0    0    3    0  
   0    4    0    1    0    5    2    0    0    0    0    0    0    0    3  
   2    0    0    3    0    0    0    0    0    0    1    5    4    0    0  
   4    3    0    0    0    0    0    0    2    0    1    0    0    0    5  
   0    0    0    0    0    4    0    0    0    0    5    2    1    3    0  
   0    0    0    4    0    0    3    0    0    2    0    0    0    1    5  
   3    4    0    1    0    0    0    2    5    0    0    0    0    0    0  
   1    0    3    0    0    5    0    0    4    0    0    0    2    0    0  
   0    0    2    0    0    3    0    4    5    0    0    0    1    0    0  
   0    0    0    1    0    2    3    0    4    0    5    0    0    0    0  
   3    4    0    0    0    2    0    0    5    1    0    0    0    0    0  
   0    0    2    4    1    0    0    0    5    0    3    0    0    0    0  
   5    0    0    0    0    0    1    0    2    0    4    0    0    0    3  
   0    0    0    5    0    0    0    2    0    0    4    0    0    3    1  
   0    0    0    0    4    1    0    0    5    2    3    0    0    0    0  
   5    0    0    0    0    3    4    0    0    0    0    0    1    0    2  
   0    1    0    0    5    0    2    0    0    0    0    4    0    3    0  
   0    3    0    5    0    0    0    0    2    0    0    0    4    1    0  
   0    0    0    2    1    0    4    5    3    0    0    0    0    0    0  
   1    4    0    0    0    0    0    0    0    0    3    0    5    2    0  
   3    0    5    0    0    0    0    1    0    0    2    0    0    0    4  
   3    0    0    0    5    4    1    2    0    0    0    0    0    0    0  
   0    0    0    2    3    4    0    0    0    0    0    0    5    0    1  
   0    0    1    0    0    2    5    0    0    0    0    0    3    0    4  
   0    2    3    0    0    0    0    0    0    0    0    1    5    4    0  
   2    5    3    0    1    0    0    0    0    0    0    0    0    0    4  
   0    0    0    2    1    0    0    5    0    0    4    0    0    0    3  
   4    0    0    0    3    0    0    0    0    1    0    5    0    2    0  
   5    0    4    0    0    3    0    0    2    0    0    1    0    0    0  
   4    0    1    0    0    5    0    0    0    0    2    0    3    0    0  
   2    0    5    0    0    0    0    0    4    0    0    1    0    3    0  
   0    0    4    0    3    0    0    2    0    0    0    1    0    0    5  
   0    0    0    1    0    0    0    4    0    0    0    3    0    2    5  
   0    0    0    4    0    0    0    2    5    0    0    0    0    3    1  
   0    0    0    0    0    0    0    0    2    0    3    4    5    0    1  
   0    0    0    0    3    0    1    0    5    4    0    0    2    0    0  
   0    0    1    0    3    0    0    2    5    0    0    4    0    0    0  
   0    3    0    1    0    2    0    0    5    0    0    0    0    0    4  
   0    4    0    0    5    0    1    2    0    0    0    0    0    3    0  
   0    0    0    0    0    0    0    0    4    5    3    1    0    2    0  
   1    0    0    0    4    0    0    0    0    3    0    2    0    5    0  
   0    0    5    0    4    0    0    0    0    0    2    0    3    0    1  
   2    0    0    0    0    3    0    0    5    4    0    1    0    0    0  
   0    3    0    0    1    4    0    2    0    0    5    0    0    0    0  
   0    1    0    0    0    4    0    0    2    5    0    0    3    0    0  
   1    5    0    0    4    0    0    0    0    0    0    0    2    3    0  
   0    0    0    4    2    0    3    0    1    0    0    0    5    0    0  
   0    0    0    0    0    1    0    0    0    3    0    2    4    0    5  
   0    0    0    0    0    1    4    0    0    0    0    0    2    5    3  
   2    0    0    0    0    0    0    5    0    4    1    3    0    0    0  
   0    3    0    0    1    0    0    5    0    0    4    0    2    0    0  
   0    0    0    0    1    3    0    5    0    4    0    2    0    0    0  
   0    2    0    0    4    1    0    0    0    3    0    5    0    0    0  
   4    3    2    0    0    0    0    0    0    0    1    0    0    0    5  
   0    0    0    0    4    0    1    0    0    0    0    0    2    3    5  
   0    0    0    0    2    0    1    0    0    4    0    5    3    0    0  
   0    0    0    0    2    0    0    0    3    0    0    1    0    4    5  
   4    0    0    0    0    0    0    5    3    0    1    0    2    0    0  
   0    0    0    2    0    0    0    0    3    0    5    0    4    0    1  
   3    0    0    0    0    5    2    0    0    4    0    1    0    0    0  
   0    5    4    0    0    0    2    0    3    0    0    0    0    1    0  
   0    0    2    0    3    0    0    0    0    0    0    1    0    4    5  
   0    4    0    0    0    5    0    2    0    0    0    0    3    0    1  
   3    0    0    0    0    0    0    5    0    1    0    4    0    2    0  
   0    0    0    2    0    5    0    0    0    3    0    4    1    0    0  
   1    0    5    4    0    0    0    3    0    0    0    2    0    0    0  
   0    0    2    0    0    5    0    4    0    0    0    3    0    0    1  
   1    0    0    0    0    0    0    4    0    5    3    2    0    0    0  
   0    3    1    0    0    0    0    2    0    0    4    0    5    0    0  
   5    0    3    0    0    0    0    0    2    0    4    0    1    0    0  ] 
RESERVATION PRICES : [    0    0    0    0    0    0    0    0    0    7    0    9    7    8    8  
   0    0   11    0    9   10    0   11    0    0    0   12    0    0    0  
   0    0    9    0    0    0    0   12   10   10    0   11    0    0    0  
   0   14    0    0   16    0    0    0    0   15   18    0    0    0   15  
   0    0    0    0   20    0   18    0    0    0   16   15    0    0   18  
  20   19    0    0    0   20    0   25    0    0    0    0    0   23    0  
   0   29    0   22    0   25   27    0    0    0    0    0    0    0   30  
  28    0    0   29    0    0    0    0    0    0   28   35   34    0    0  
  35   34    0    0    0    0    0    0   35    0   35    0    0    0   30  
   0    0    0    0    0   42    0    0    0    0   39   44   41   37    0  
   0    0    0   43    0    0   36    0    0   47    0    0    0   48   39  
  49   39    0   48    0    0    0   36   44    0    0    0    0    0    0  
  44    0   41    0    0   43    0    0   48    0    0    0   53    0    0  
   0    0   55    0    0   45    0   59   49    0    0    0   49    0    0  
   0    0    0   55    0   54   48    0   59    0   53    0    0    0    0  
  56   48    0    0    0   56    0    0   55   53    0    0    0    0    0  
   0    0   67   55   56    0    0    0   62    0   65    0    0    0    0  
  55    0    0    0    0    0   54    0   67    0   59    0    0    0   60  
   0    0    0   63    0    0    0   68    0    0   62    0    0   73   72  
   0    0    0    0   66   65    0    0   76   66   60    0    0    0    0  
  80    0    0    0    0   82   59    0    0    0    0    0   74    0   75  
   0   77    0    0   80    0   71    0    0    0    0   76    0   71    0  
   0   76    0   86    0    0    0    0   69    0    0    0   68   71    0  
   0    0    0   75   65    0   79   85   68    0    0    0    0    0    0  
  84   73    0    0    0    0    0    0    0    0   91    0   91   83    0  
  74    0   74    0    0    0    0   99    0    0   86    0    0    0   87  
  89    0    0    0   96   84   80  101    0    0    0    0    0    0    0  
   0    0    0   95   97   86    0    0    0    0    0    0  106    0   95  
   0    0   80    0    0  105  105    0    0    0    0    0   85    0   91  
   0   92   98    0    0    0    0    0    0    0    0   97   95  100    0  
 109   96  106    0   91    0    0    0    0    0    0    0    0    0   90  
   0    0    0  101   97    0    0   99    0    0   99    0    0    0  103  
 120    0    0    0  112    0    0    0    0   92    0   97    0  113    0  
 104    0   99    0    0   93    0    0  124    0    0   99    0    0    0  
  94    0   99    0    0  122    0    0    0    0  110    0   98    0    0  
  95    0  117    0    0    0    0    0  117    0    0  118    0   95    0  
   0    0  105    0  114    0    0  107    0    0    0  130    0    0  137  
   0    0    0  106    0    0    0  105    0    0    0  136    0  138  107  
   0    0    0  110    0    0    0  126  143    0    0    0    0  124  108  
   0    0    0    0    0    0    0    0  145    0  108  120  131    0  118  
   0    0    0    0  150    0  119    0  125  117    0    0  144    0    0  
   0    0  150    0  144    0    0  125  144    0    0  127    0    0    0  
   0  163    0  148    0  132    0    0  140    0    0    0    0    0  132  
   0  144    0    0  158    0  138  133    0    0    0    0    0  130    0  
   0    0    0    0    0    0    0    0  155  141  136  155    0  125    0  
 140    0    0    0  123    0    0    0    0  156    0  138    0  142    0  
   0    0  150    0  167    0    0    0    0    0  160    0  158    0  142  
 143    0    0    0    0  179    0    0  164  137    0  159    0    0    0  
   0  172    0    0  167  136    0  153    0    0  139    0    0    0    0  
   0  139    0    0    0  169    0    0  152  161    0    0  156    0    0  
 150  167    0    0  162    0    0    0    0    0    0    0  170  150    0  
   0    0    0  158  179    0  176    0  151    0    0    0  163    0    0  
   0    0    0    0    0  192    0    0    0  150    0  181  198    0  151  
   0    0    0    0    0  170  153    0    0    0    0    0  175  155  205  
 186    0    0    0    0    0    0  171    0  157  162  190    0    0    0  
   0  213    0    0  183    0    0  197    0    0  175    0  167    0    0  
   0    0    0    0  207  191    0  177    0  161    0  170    0    0    0  
   0  179    0    0  160  193    0    0    0  188    0  172    0    0    0  
 198  206  213    0    0    0    0    0    0    0  179    0    0    0  174  
   0    0    0    0  190    0  211    0    0    0    0    0  180  212  189  
   0    0    0    0  171    0  230    0    0  214    0  221  196    0    0  
   0    0    0    0  187    0    0    0  230    0    0  213    0  174  227  
 234    0    0    0    0    0    0  200  204    0  219    0  192    0    0  
   0    0    0  221    0    0    0    0  188    0  223    0  224    0  177  
 208    0    0    0    0  217  210    0    0  217    0  224    0    0    0  
   0  188  227    0    0    0  179    0  242    0    0    0    0  235    0  
   0    0  194    0  224    0    0    0    0    0    0  241    0  221  236  
   0  238    0    0    0  210    0  246    0    0    0    0  191    0  256  
 246    0    0    0    0    0    0  261    0  254    0  210    0  206    0  
   0    0    0  212    0  251    0    0    0  207    0  229  200    0    0  
 238    0  201  212    0    0    0  265    0    0    0  204    0    0    0  
   0    0  265    0    0  198    0  210    0    0    0  208    0    0  234  
 279    0    0    0    0    0    0  217    0  201  260  208    0    0    0  
   0  276  250    0    0    0    0  274    0    0  230    0  254    0    0  
 225    0  208    0    0    0    0    0  275    0  264    0  263    0    0  ] 
 ] 
