K : 125
I : 5
C : 20
INSTANCE : 3
PREFERENCES : [    3    2    0    1    0  
   0    0    3    1    2  
   0    1    0    2    3  
   3    2    1    0    0  
   0    3    2    0    1  
   0    0    2    3    1  
   0    2    1    0    3  
   2    0    1    0    3  
   2    0    1    3    0  
   1    0    3    0    2  
   3    2    0    1    0  
   0    2    1    3    0  
   3    1    0    0    2  
   1    0    2    0    3  
   3    0    2    1    0  
   1    0    3    0    2  
   0    3    2    0    1  
   0    2    1    0    3  
   1    3    0    2    0  
   0    2    1    3    0  
   0    1    2    0    3  
   2    0    0    1    3  
   1    2    0    0    3  
   2    0    0    1    3  
   3    0    2    1    0  
   0    0    1    2    3  
   0    0    1    3    2  
   2    3    1    0    0  
   0    3    1    0    2  
   2    1    0    3    0  
   2    0    1    0    3  
   0    1    2    0    3  
   2    1    0    3    0  
   1    2    3    0    0  
   3    1    0    0    2  
   0    0    1    2    3  
   1    0    3    2    0  
   0    1    0    2    3  
   0    3    1    2    0  
   2    0    3    0    1  
   1    0    3    2    0  
   0    1    3    2    0  
   3    1    2    0    0  
   0    3    2    1    0  
   3    0    2    1    0  
   0    3    2    0    1  
   0    0    3    2    1  
   1    0    0    3    2  
   1    3    0    0    2  
   0    1    3    0    2  
   2    3    1    0    0  
   3    0    1    0    2  
   0    0    1    3    2  
   0    1    2    0    3  
   2    1    3    0    0  
   0    0    2    1    3  
   2    3    1    0    0  
   0    0    2    1    3  
   1    0    3    0    2  
   0    3    0    1    2  
   3    2    0    1    0  
   1    2    3    0    0  
   3    1    2    0    0  
   0    1    0    3    2  
   0    0    2    3    1  
   3    1    0    2    0  
   0    2    3    0    1  
   2    1    0    3    0  
   1    2    0    3    0  
   1    0    0    2    3  
   3    0    0    2    1  
   1    0    2    0    3  
   0    3    1    0    2  
   0    3    0    2    1  
   3    1    0    2    0  
   1    0    3    2    0  
   1    2    3    0    0  
   0    0    2    3    1  
   0    2    0    3    1  
   1    2    0    0    3  
   0    3    1    0    2  
   0    3    2    0    1  
   2    0    0    3    1  
   0    2    3    0    1  
   1    2    0    3    0  
   1    2    0    3    0  
   3    0    2    1    0  
   2    3    1    0    0  
   3    0    1    2    0  
   2    3    1    0    0  
   2    1    0    3    0  
   2    0    1    3    0  
   2    3    1    0    0  
   1    0    3    0    2  
   1    0    0    2    3  
   0    3    0    1    2  
   1    3    2    0    0  
   0    0    3    1    2  
   1    0    2    3    0  
   1    2    0    3    0  
   0    0    1    2    3  
   0    3    1    0    2  
   0    2    1    3    0  
   0    1    0    3    2  
   0    3    0    1    2  
   1    0    0    2    3  
   0    3    2    0    1  
   0    2    0    3    1  
   0    0    3    2    1  
   1    2    3    0    0  
   1    0    3    0    2  
   3    0    0    1    2  
   3    0    0    2    1  
   1    0    2    0    3  
   3    0    1    2    0  
   2    3    1    0    0  
   1    0    2    0    3  
   0    2    1    3    0  
   3    2    0    0    1  
   0    1    0    3    2  
   0    1    2    3    0  
   3    2    0    1    0  
   0    0    3    2    1  
   2    0    1    0    3  
   0    1    2    0    3  ] 
RESERVATION PRICES : [    5    6    0    6    0  
   0    0    9    9    9  
   0   17    0   14   15  
  21   18   20    0    0  
   0   23   21    0   24  
   0    0   29   24   25  
   0   27   35    0   30  
  38    0   35    0   33  
  41    0   35   40    0  
  39    0   48    0   41  
  41   39    0   43    0  
   0   43   42   55    0  
  53   51    0    0   52  
  57    0   53    0   49  
  52    0   57   58    0  
  64    0   59    0   69  
   0   72   57    0   70  
   0   72   64    0   71  
  78   73    0   73    0  
   0   84   70   66    0  
   0   72   90    0   70  
  75    0    0   82   76  
  93   83    0    0   94  
  89    0    0   78   98  
 102    0   94  103    0  
   0    0   84   91  108  
   0    0  111  114  101  
 116  118  119    0    0  
   0  114  110    0   97  
 126   97    0  132    0  
  99    0  126    0  131  
   0  114  121    0  132  
 131  110    0   99    0  
 109  113  128    0    0  
 142  130    0    0  140  
   0    0  133  134  135  
 134    0  130  109    0  
   0  141    0  146  112  
   0  116  151  133    0  
 145    0  128    0  157  
 163    0  132  157    0  
   0  121  155  158    0  
 163  152  127    0    0  
   0  156  133  139    0  
 133    0  165  165    0  
   0  179  160    0  153  
   0    0  186  152  148  
 141    0    0  147  148  
 181  194    0    0  154  
   0  199  162    0  152  
 191  160  187    0    0  
 147    0  147    0  182  
   0    0  152  172  170  
   0  164  204    0  160  
 182  182  183    0    0  
   0    0  210  220  179  
 209  184  214    0    0  
   0    0  221  185  200  
 203    0  199    0  225  
   0  183    0  220  193  
 187  220    0  191    0  
 176  222  181    0    0  
 186  228  196    0    0  
   0  218    0  194  242  
   0    0  227  205  237  
 230  218    0  209    0  
   0  239  220    0  220  
 262  226    0  251    0  
 248  253    0  264    0  
 235    0    0  224  242  
 268    0    0  234  221  
 264    0  219    0  217  
   0  246  236    0  256  
   0  213    0  285  216  
 281  207    0  224    0  
 211    0  289  241    0  
 263  219  261    0    0  
   0    0  304  267  225  
   0  226    0  265  295  
 248  244    0    0  281  
   0  272  294    0  293  
   0  296  244    0  280  
 306    0    0  262  318  
   0  266  288    0  311  
 267  315    0  241    0  
 277  307    0  249    0  
 318    0  267  305    0  
 326  314  267    0    0  
 336    0  261  296    0  
 253  280  342    0    0  
 309  337    0  267    0  
 299    0  346  259    0  
 287  359  275    0    0  
 362    0  364    0  303  
 361    0    0  314  348  
   0  301    0  293  309  
 298  302  314    0    0  
   0    0  277  308  284  
 324    0  337  322    0  
 330  311    0  354    0  
   0    0  359  365  310  
   0  323  366    0  372  
   0  293  395  329    0  
   0  320    0  350  367  
   0  360    0  390  368  
 349    0    0  298  397  
   0  333  356    0  393  
   0  381    0  329  391  
   0    0  316  307  337  
 339  349  378    0    0  
 331    0  355    0  309  
 313    0    0  370  373  
 374    0    0  423  323  
 361    0  343    0  315  
 370    0  392  345    0  
 329  418  324    0    0  
 399    0  390    0  318  
   0  401  422  388    0  
 352  367    0    0  405  
   0  446    0  347  394  
   0  394  363  369    0  
 385  337    0  448    0  
   0    0  386  343  388  
 336    0  437    0  360  
   0  457  409    0  351  ] 
 ] 
