K : 125
I : 15
C : 13
INSTANCE : 3
PREFERENCES : [    1    0    0    0    0    0    0    0    0    0    5    0    4    2    3  
   4    0    0    0    0    0    2    0    1    0    0    3    0    0    5  
   0    0    2    0    1    5    0    0    0    3    0    0    4    0    0  
   0    4    3    0    0    0    1    0    0    5    0    0    2    0    0  
   0    0    0    0    0    0    2    3    0    0    4    5    1    0    0  
   0    0    3    0    1    0    0    0    0    4    0    2    0    0    5  
   4    5    0    3    1    0    0    0    0    0    0    0    2    0    0  
   0    2    5    0    0    3    4    0    0    1    0    0    0    0    0  
   0    0    1    0    0    4    0    2    3    0    0    0    5    0    0  
   0    0    0    4    0    1    2    0    5    0    0    3    0    0    0  
   0    0    5    0    0    0    1    0    4    3    0    2    0    0    0  
   0    0    0    0    0    5    3    2    1    0    0    0    4    0    0  
   5    3    0    0    0    4    0    0    0    0    0    0    0    2    1  
   2    0    3    0    0    0    4    0    0    0    0    0    0    1    5  
   0    2    4    0    0    0    0    0    0    0    3    5    1    0    0  
   2    5    3    4    0    0    0    0    0    0    1    0    0    0    0  
   3    0    0    0    0    0    0    0    0    1    5    4    2    0    0  
   1    5    2    0    3    0    0    4    0    0    0    0    0    0    0  
   0    0    5    0    2    0    0    4    0    3    0    1    0    0    0  
   3    0    0    0    4    1    0    2    0    0    5    0    0    0    0  
   5    0    2    4    3    0    0    0    0    1    0    0    0    0    0  
   0    4    0    5    0    2    0    0    0    0    0    0    0    1    3  
   5    4    1    0    0    0    0    3    0    0    0    0    0    2    0  
   0    1    5    0    0    2    0    0    3    0    4    0    0    0    0  
   0    0    5    0    0    3    0    0    4    0    2    0    1    0    0  
   0    0    0    0    0    1    5    4    0    0    2    3    0    0    0  
   0    1    0    0    0    5    4    3    0    0    0    0    2    0    0  
   0    0    2    0    0    0    5    4    0    0    0    3    0    0    1  
   0    0    0    0    0    0    1    0    0    0    2    5    3    4    0  
   0    0    0    1    0    0    0    4    0    5    0    3    0    2    0  
   1    0    2    0    0    0    0    0    0    0    3    5    0    4    0  
   1    0    5    0    0    0    0    0    3    0    0    0    2    0    4  
   0    0    0    0    2    0    0    0    1    0    5    0    4    0    3  
   4    0    0    0    0    3    0    5    0    2    0    0    1    0    0  
   0    0    5    2    0    3    0    0    4    0    0    0    0    0    1  
   0    4    0    1    3    0    0    0    0    2    0    0    5    0    0  
   0    0    5    0    0    4    0    0    0    0    1    3    0    0    2  
   0    3    1    0    2    4    0    0    0    0    5    0    0    0    0  
   0    0    0    2    0    4    0    0    0    0    0    0    3    1    5  
   0    2    4    0    0    3    0    0    0    0    0    5    0    1    0  
   0    5    2    0    0    0    4    0    0    0    0    1    0    0    3  
   0    5    0    0    0    0    3    0    2    4    1    0    0    0    0  
   3    0    5    0    0    0    0    0    0    0    4    2    0    0    1  
   4    3    2    5    0    1    0    0    0    0    0    0    0    0    0  
   0    0    0    0    0    0    0    4    2    0    0    0    1    5    3  
   4    0    0    5    0    0    0    0    0    2    0    0    3    1    0  
   0    5    0    0    4    0    1    0    0    0    0    0    0    3    2  
   0    0    1    0    0    0    0    0    3    4    2    5    0    0    0  
   0    0    1    0    5    0    0    2    4    0    0    0    0    0    3  
   2    0    0    0    4    1    0    5    3    0    0    0    0    0    0  
   0    0    3    0    5    0    2    0    0    0    0    0    4    0    1  
   0    0    0    0    0    0    0    4    1    0    2    5    0    3    0  
   1    4    0    0    0    0    0    0    3    0    0    5    2    0    0  
   0    0    0    5    0    2    1    0    0    3    0    0    0    4    0  
   0    1    4    0    3    0    0    0    2    0    0    0    0    5    0  
   1    3    0    0    2    0    0    0    0    0    5    0    0    0    4  
   4    0    2    5    0    0    0    0    1    0    0    0    3    0    0  
   0    0    0    0    1    3    0    2    0    5    0    0    0    4    0  
   0    0    0    0    3    0    4    0    0    5    1    0    0    0    2  
   5    0    1    0    0    0    0    0    0    4    3    2    0    0    0  
   0    0    0    0    0    5    0    0    4    0    0    1    0    3    2  
   0    0    1    0    4    2    3    0    0    0    5    0    0    0    0  
   0    0    4    0    2    0    0    3    0    0    0    0    0    1    5  
   0    0    0    0    1    0    0    0    5    0    3    0    4    0    2  
   5    0    0    0    0    0    2    0    0    0    1    4    0    3    0  
   0    0    5    1    3    0    2    0    0    0    4    0    0    0    0  
   1    0    0    0    0    0    3    5    0    0    0    0    2    0    4  
   5    0    0    0    0    0    0    2    0    0    4    0    0    1    3  
   1    4    0    3    0    5    0    0    0    0    0    0    0    0    2  
   0    0    4    5    0    0    0    0    0    0    3    0    0    2    1  
   0    3    0    0    0    2    0    4    0    5    0    0    0    1    0  
   4    0    0    5    0    0    0    3    0    0    0    0    0    1    2  
   0    2    0    5    0    0    0    0    4    0    1    0    3    0    0  
   1    2    4    0    5    0    3    0    0    0    0    0    0    0    0  
   4    0    0    2    1    0    0    0    5    0    3    0    0    0    0  
   1    3    0    0    0    0    0    0    0    5    0    2    4    0    0  
   2    0    0    0    1    3    0    4    0    0    5    0    0    0    0  
   0    0    0    3    0    5    0    1    2    0    0    0    0    4    0  
   0    0    0    0    4    2    1    0    0    0    5    0    0    0    3  
   0    0    0    4    0    2    0    5    3    0    0    0    0    0    1  
   0    0    0    0    3    1    0    0    0    0    4    0    2    0    5  
   1    0    0    0    0    5    4    0    2    0    0    0    0    3    0  
   5    0    0    0    4    3    0    0    0    1    0    0    0    0    2  
   0    3    0    2    0    0    0    0    0    5    0    4    0    1    0  
   0    4    0    0    0    0    5    3    0    2    0    1    0    0    0  
   0    0    0    0    4    1    0    2    5    0    0    0    3    0    0  
   0    0    3    2    0    0    0    0    0    4    0    1    0    5    0  
   0    5    0    1    3    0    0    0    0    4    0    0    0    0    2  
   0    0    0    4    0    0    2    0    0    5    0    1    0    0    3  
   0    0    0    4    0    0    0    0    2    5    0    0    0    1    3  
   0    0    4    0    1    0    0    2    0    5    0    3    0    0    0  
   0    4    0    0    0    0    0    0    2    1    5    0    3    0    0  
   0    5    0    2    0    0    0    0    3    4    0    0    0    0    1  
   0    0    0    4    0    0    1    0    5    0    0    0    2    3    0  
   0    0    0    4    0    0    0    0    3    5    1    2    0    0    0  
   4    0    0    2    0    0    0    5    0    0    0    0    1    3    0  
   3    0    0    0    0    0    1    0    0    4    0    2    0    0    5  
   5    0    0    2    0    0    1    0    4    0    0    0    0    3    0  
   0    0    1    0    5    3    0    0    4    0    0    0    2    0    0  
   0    4    0    3    0    0    0    2    0    0    0    5    1    0    0  
   2    0    0    0    0    0    0    0    0    3    1    0    5    4    0  
   0    4    0    0    1    5    0    0    2    0    0    0    3    0    0  
   3    0    5    0    0    0    0    1    0    2    0    0    0    4    0  
   0    0    0    3    0    5    0    2    0    0    0    0    0    1    4  
   0    3    0    4    5    1    0    0    0    0    2    0    0    0    0  
   1    0    0    0    3    0    0    2    0    0    0    5    0    4    0  
   0    0    3    5    4    0    0    0    0    0    0    2    1    0    0  
   5    0    0    0    0    0    2    0    0    0    0    4    1    0    3  
   0    3    0    4    0    0    0    1    2    5    0    0    0    0    0  
   0    0    4    0    0    5    0    3    1    0    2    0    0    0    0  
   0    3    0    2    4    0    1    0    0    5    0    0    0    0    0  
   0    0    2    4    1    3    0    0    0    5    0    0    0    0    0  
   0    0    0    0    0    4    3    1    0    0    0    5    0    2    0  
   0    0    0    1    2    4    3    0    5    0    0    0    0    0    0  
   5    3    0    0    0    4    0    0    1    0    0    0    0    0    2  
   0    0    0    5    0    0    3    1    0    0    0    0    4    0    2  
   0    0    0    0    0    3    0    1    0    0    2    0    4    5    0  
   3    2    5    0    4    0    0    0    1    0    0    0    0    0    0  
   0    0    0    0    2    4    0    3    0    0    0    5    1    0    0  
   0    0    0    0    1    4    0    5    0    0    3    0    0    0    2  
   0    0    0    2    3    0    0    0    4    0    0    1    0    5    0  
   0    0    0    0    0    0    0    0    4    1    2    0    5    3    0  
   1    0    4    0    0    0    2    0    0    0    5    0    3    0    0  
   2    0    1    0    0    5    0    3    0    4    0    0    0    0    0  
   0    0    3    0    0    0    0    5    2    0    4    0    0    0    1  ] 
RESERVATION PRICES : [    7    0    0    0    0    0    0    0    0    0    7    0    9    9    9  
  13    0    0    0    0    0   13    0   10    0    0   13    0    0   12  
   0    0   14    0   12   12    0    0    0   14    0    0   13    0    0  
   0   24   19    0    0    0   23    0    0   22    0    0   21    0    0  
   0    0    0    0    0    0   22   27    0    0   21   23   22    0    0  
   0    0   25    0   28    0    0    0    0   28    0   25    0    0   22  
  25   31    0   27   29    0    0    0    0    0    0    0   30    0    0  
   0   36   32    0    0   29   28    0    0   35    0    0    0    0    0  
   0    0   32    0    0   39    0   35   30    0    0    0   40    0    0  
   0    0    0   44    0   36   44    0   43    0    0   32    0    0    0  
   0    0   36    0    0    0   37    0   46   42    0   47    0    0    0  
   0    0    0    0    0   53   46   46   42    0    0    0   50    0    0  
  49   51    0    0    0   50    0    0    0    0    0    0    0   46   44  
  54    0   55    0    0    0   50    0    0    0    0    0    0   59   58  
   0   52   60    0    0    0    0    0    0    0   56   56   64    0    0  
  53   64   68   54    0    0    0    0    0    0   67    0    0    0    0  
  69    0    0    0    0    0    0    0    0   69   64   71   70    0    0  
  62   72   69    0   64    0    0   69    0    0    0    0    0    0    0  
   0    0   73    0   71    0    0   64    0   77    0   74    0    0    0  
  77    0    0    0   69   82    0   86    0    0   81    0    0    0    0  
  89    0   74   82   66    0    0    0    0   76    0    0    0    0    0  
   0   88    0   78    0   75    0    0    0    0    0    0    0   76   65  
  75   84   84    0    0    0    0   93    0    0    0    0    0   92    0  
   0   75   82    0    0   89    0    0  101    0   78    0    0    0    0  
   0    0   80    0    0   96    0    0   88    0   84    0   94    0    0  
   0    0    0    0    0  104   95  102    0    0   80  105    0    0    0  
   0   86    0    0    0  104  104  106    0    0    0    0   81    0    0  
   0    0  101    0    0    0   99   93    0    0    0   92    0    0  100  
   0    0    0    0    0    0   96    0    0    0  108  114  108  102    0  
   0    0    0   97    0    0    0  101    0  118    0  111    0  102    0  
 116    0  107    0    0    0    0    0    0    0   99  105    0  103    0  
 110    0   90    0    0    0    0    0  105    0    0    0   95    0  103  
   0    0    0    0  103    0    0    0  110    0  103    0   94    0  101  
  96    0    0    0    0  109    0  117    0  131    0    0   97    0    0  
   0    0  130  120    0   98    0    0  133    0    0    0    0    0  100  
   0  122    0  104  114    0    0    0    0  114    0    0  126    0    0  
   0    0  133    0    0  112    0    0    0    0  112  119    0    0  115  
   0  110  121    0  143  134    0    0    0    0  108    0    0    0    0  
   0    0    0  150    0  113    0    0    0    0    0    0  149  137  119  
   0  135  157    0    0  115    0    0    0    0    0  148    0  139    0  
   0  163  143    0    0    0  128    0    0    0    0  122    0    0  131  
   0  150    0    0    0    0  125    0  167  166  144    0    0    0    0  
 167    0  152    0    0    0    0    0    0    0  158  169    0    0  161  
 160  174  162  126    0  129    0    0    0    0    0    0    0    0    0  
   0    0    0    0    0    0    0  152  145    0    0    0  156  134  165  
 170    0    0  155    0    0    0    0    0  141    0    0  179  146    0  
   0  145    0    0  181    0  180    0    0    0    0    0    0  149  170  
   0    0  182    0    0    0    0    0  169  175  156  179    0    0    0  
   0    0  157    0  145    0    0  196  192    0    0    0    0    0  184  
 163    0    0    0  181  173    0  170  190    0    0    0    0    0    0  
   0    0  153    0  186    0  199    0    0    0    0    0  195    0  189  
   0    0    0    0    0    0    0  196  190    0  153  205    0  186    0  
 188  205    0    0    0    0    0    0  151    0    0  195  159    0    0  
   0    0    0  195    0  152  197    0    0  161    0    0    0  151    0  
   0  168  189    0  154    0    0    0  182    0    0    0    0  166    0  
 186  172    0    0  184    0    0    0    0    0  216    0    0    0  209  
 221    0  208  211    0    0    0    0  164    0    0    0  161    0    0  
   0    0    0    0  179  187    0  182    0  199    0    0    0  202    0  
   0    0    0    0  219    0  212    0    0  217  195    0    0    0  183  
 184    0  223    0    0    0    0    0    0  173  190  168    0    0    0  
   0    0    0    0    0  216    0    0  198    0    0  173    0  208  224  
   0    0  223    0  177  187  231    0    0    0  235    0    0    0    0  
   0    0  178    0  229    0    0  182    0    0    0    0    0  205  183  
   0    0    0    0  182    0    0    0  239    0  177    0  206    0  217  
 219    0    0    0    0    0  187    0    0    0  190  212    0  237    0  
   0    0  184  185  227    0  197    0    0    0  248    0    0    0    0  
 190    0    0    0    0    0  229  208    0    0    0    0  241    0  254  
 242    0    0    0    0    0    0  235    0    0  234    0    0  201  200  
 241  248    0  192    0  206    0    0    0    0    0    0    0    0  263  
   0    0  214  210    0    0    0    0    0    0  200    0    0  225  217  
   0  268    0    0    0  233    0  248    0  267    0    0    0  200    0  
 200    0    0  249    0    0    0  231    0    0    0    0    0  252  213  
   0  269    0  259    0    0    0    0  206    0  249    0  272    0    0  
 205  247  238    0  216    0  260    0    0    0    0    0    0    0    0  
 221    0    0  221  217    0    0    0  234    0  247    0    0    0    0  
 222  265    0    0    0    0    0    0    0  275    0  259  277    0    0  
 215    0    0    0  273  259    0  241    0    0  265    0    0    0    0  
   0    0    0  248    0  246    0  292  215    0    0    0    0  248    0  
   0    0    0    0  267  214  230    0    0    0  277    0    0    0  231  
   0    0    0  259    0  274    0  226  256    0    0    0    0    0  236  
   0    0    0    0  260  243    0    0    0    0  246    0  271    0  283  
 233    0    0    0    0  244  261    0  300    0    0    0    0  229    0  
 293    0    0    0  269  271    0    0    0  266    0    0    0    0  293  
   0  248    0  283    0    0    0    0    0  233    0  255    0  234    0  
   0  269    0    0    0    0  286  270    0  283    0  289    0    0    0  
   0    0    0    0  288  235    0  236  306    0    0    0  296    0    0  
   0    0  241  269    0    0    0    0    0  309    0  261    0  264    0  
   0  273    0  279  320    0    0    0    0  245    0    0    0    0  310  
   0    0    0  323    0    0  273    0    0  258    0  309    0    0  316  
   0    0    0  337    0    0    0    0  288  292    0    0    0  301  283  
   0    0  251    0  245    0    0  262    0  260    0  283    0    0    0  
   0  297    0    0    0    0    0    0  328  316  267    0  339    0    0  
   0  336    0  289    0    0    0    0  332  337    0    0    0    0  312  
   0    0    0  345    0    0  321    0  321    0    0    0  270  299    0  
   0    0    0  303    0    0    0    0  259  327  322  290    0    0    0  
 285    0    0  322    0    0    0  303    0    0    0    0  276  338    0  
 271    0    0    0    0    0  315    0    0  295    0  301    0    0  344  
 304    0    0  362    0    0  320    0  275    0    0    0    0  269    0  
   0    0  325    0  340  351    0    0  269    0    0    0  309    0    0  
   0  274    0  372    0    0    0  356    0    0    0  317  342    0    0  
 374    0    0    0    0    0    0    0    0  325  288    0  287  283    0  
   0  282    0    0  331  331    0    0  281    0    0    0  308    0    0  
 279    0  367    0    0    0    0  304    0  321    0    0    0  332    0  
   0    0    0  338    0  290    0  382    0    0    0    0    0  384  345  
   0  357    0  303  335  380    0    0    0    0  380    0    0    0    0  
 300    0    0    0  328    0    0  317    0    0    0  342    0  366    0  
   0    0  338  395  321    0    0    0    0    0    0  403  381    0    0  
 388    0    0    0    0    0  318    0    0    0    0  397  378    0  364  
   0  370    0  334    0    0    0  335  382  328    0    0    0    0    0  
   0    0  340    0    0  303    0  332  390    0  387    0    0    0    0  
   0  351    0  388  331    0  315    0    0  319    0    0    0    0    0  
   0    0  395  348  346  392    0    0    0  391    0    0    0    0    0  
   0    0    0    0    0  363  401  368    0    0    0  304    0  414    0  
   0    0    0  321  426  384  355    0  411    0    0    0    0    0    0  
 319  410    0    0    0  408    0    0  356    0    0    0    0    0  395  
   0    0    0  336    0    0  355  346    0    0    0    0  376    0  439  
   0    0    0    0    0  412    0  377    0    0  399    0  431  320    0  
 387  386  389    0  425    0    0    0  397    0    0    0    0    0    0  
   0    0    0    0  338  427    0  331    0    0    0  407  427    0    0  
   0    0    0    0  399  358    0  409    0    0  366    0    0    0  329  
   0    0    0  387  373    0    0    0  327    0    0  339    0  382    0  
   0    0    0    0    0    0    0    0  359  427  357    0  364  401    0  
 364    0  363    0    0    0  386    0    0    0  350    0  406    0    0  
 373    0  427    0    0  416    0  379    0  364    0    0    0    0    0  
   0    0  446    0    0    0    0  339  357    0  460    0    0    0  433  ] 
 ] 
