K : 50
I : 10
C : 10
INSTANCE : 3
PREFERENCES : [    2    0    0    0    1    0    0    3    5    4  
   0    1    2    0    0    3    4    0    0    5  
   3    0    4    2    5    0    0    0    1    0  
   1    0    3    0    4    5    0    2    0    0  
   3    0    2    0    0    0    4    0    1    5  
   0    0    5    4    2    0    0    3    0    1  
   0    3    0    0    1    4    0    2    5    0  
   0    1    0    2    4    0    3    0    5    0  
   2    3    4    0    1    5    0    0    0    0  
   5    0    0    1    0    0    4    3    0    2  
   0    0    0    2    1    3    4    5    0    0  
   0    4    3    0    1    0    0    0    5    2  
   5    4    0    0    0    0    0    1    3    2  
   0    2    4    1    0    0    0    5    0    3  
   0    4    5    2    0    3    0    0    1    0  
   3    2    0    5    0    0    1    0    4    0  
   0    0    4    1    3    0    2    0    0    5  
   0    0    5    3    0    2    0    4    0    1  
   4    1    2    5    3    0    0    0    0    0  
   0    5    3    0    0    0    2    0    4    1  
   0    0    5    1    2    3    0    0    4    0  
   5    2    0    1    0    4    0    0    0    3  
   5    1    0    0    3    0    0    4    2    0  
   4    0    3    0    5    0    2    0    0    1  
   0    0    0    2    5    0    3    4    0    1  
   0    5    0    1    3    2    0    4    0    0  
   3    1    0    5    0    0    4    0    2    0  
   2    0    0    5    1    0    0    3    4    0  
   0    0    0    0    4    1    5    3    0    2  
   0    0    1    3    2    4    0    5    0    0  
   0    0    1    0    0    2    0    3    5    4  
   0    5    0    0    3    2    4    0    1    0  
   2    0    0    0    0    4    0    5    3    1  
   4    0    0    0    0    0    2    3    5    1  
   0    3    0    4    0    2    1    0    5    0  
   0    0    3    1    4    0    0    5    2    0  
   4    0    0    0    0    0    3    5    2    1  
   1    3    0    2    0    4    0    0    5    0  
   0    1    2    0    3    4    0    0    5    0  
   0    0    0    3    0    2    4    1    0    5  
   0    3    0    4    0    0    1    0    2    5  
   2    4    0    0    0    5    1    0    0    3  
   3    0    0    1    0    4    5    2    0    0  
   5    0    4    0    0    1    0    3    2    0  
   3    0    4    1    2    5    0    0    0    0  
   5    0    3    0    0    2    4    1    0    0  
   1    0    0    0    0    2    3    5    4    0  
   0    3    5    0    4    0    2    0    1    0  
   5    0    0    0    4    3    2    0    1    0  
   0    2    1    3    0    5    4    0    0    0  ] 
RESERVATION PRICES : [    9    0    0    0    8    0    0    7    7    9  
   0   12   10    0    0   12   12    0    0   12  
  18    0   16   14   14    0    0    0   15    0  
  21    0   18    0   19   19    0   21    0    0  
  20    0   25    0    0    0   27    0   24   20  
   0    0   31   24   24    0    0   33    0   32  
   0   29    0    0   30   27    0   27   25    0  
   0   38    0   42   40    0   40    0   37    0  
  38   36   43    0   32   37    0    0    0    0  
  52    0    0   42    0    0   51   48    0   52  
   0    0    0   47   48   44   46   45    0    0  
   0   56   49    0   56    0    0    0   51   50  
  64   58    0    0    0    0    0   52   54   52  
   0   64   52   54    0    0    0   49    0   63  
   0   52   49   63    0   65    0    0   62    0  
  58   60    0   62    0    0   70    0   65    0  
   0    0   61   62   62    0   67    0    0   55  
   0    0   60   58    0   71    0   70    0   56  
  62   73   75   82   62    0    0    0    0    0  
   0   73   72    0    0    0   71    0   69   87  
   0    0   76   73   75   78    0    0   90    0  
  90   83    0   80    0   75    0    0    0   87  
  76   94    0    0   87    0    0   98   90    0  
  90    0   82    0   89    0   97    0    0   81  
   0    0    0   87   90    0   85   85    0   84  
   0   96    0   88   89  108    0   87    0    0  
 104   90    0   84    0    0  106    0  117    0  
 106    0    0  112  110    0    0  116   94    0  
   0    0    0    0  110   98  107   93    0  124  
   0    0  101  121  104  100    0  125    0    0  
   0    0  115    0    0  123    0  124  130  104  
   0  102    0    0  102  106  105    0  129    0  
 122    0    0    0    0  111    0  125  110  120  
 132    0    0    0    0    0  133  140  136  104  
   0  118    0  137    0  126  127    0  136    0  
   0    0  148  124  120    0    0  124  146    0  
 145    0    0    0    0    0  155  140  147  151  
 129  155    0  136    0  140    0    0  140    0  
   0  116  127    0  126  136    0    0  119    0  
   0    0    0  118    0  146  140  134    0  142  
   0  128    0  146    0    0  153    0  156  132  
 123  156    0    0    0  153  151    0    0  119  
 127    0    0  158    0  155  159  152    0    0  
 134    0  144    0    0  137    0  153  146    0  
 151    0  128  142  147  151    0    0    0    0  
 137    0  155    0    0  135  140  149    0    0  
 130    0    0    0    0  164  148  127  142    0  
   0  173  157    0  167    0  146    0  161    0  
 183    0    0    0  160  138  166    0  185    0  
   0  158  140  180    0  178  163    0    0    0  ] 
 ] 
