K : 75
I : 10
C : 8
INSTANCE : 5
PREFERENCES : [    5    0    0    1    3    2    0    4    0    0  
   0    4    0    3    5    1    2    0    0    0  
   2    0    3    0    4    0    5    1    0    0  
   5    0    0    0    0    4    0    1    3    2  
   5    3    4    0    0    0    0    1    2    0  
   3    0    5    1    0    0    0    2    0    4  
   2    0    4    1    3    0    0    0    5    0  
   1    3    4    0    0    5    0    0    0    2  
   0    4    5    0    0    3    0    2    0    1  
   5    3    1    0    0    2    4    0    0    0  
   3    5    0    1    0    0    0    4    0    2  
   4    5    1    0    3    0    0    2    0    0  
   1    3    0    4    0    0    0    0    5    2  
   0    0    0    2    5    0    0    1    3    4  
   0    4    3    0    0    0    2    5    0    1  
   3    0    0    0    0    4    2    0    5    1  
   5    0    4    0    2    1    3    0    0    0  
   0    2    3    0    0    0    0    1    5    4  
   0    0    1    0    3    0    5    2    0    4  
   0    0    0    0    2    5    0    3    4    1  
   0    0    3    0    1    5    4    0    0    2  
   0    2    0    0    3    0    1    0    5    4  
   5    4    3    2    0    0    0    0    1    0  
   0    4    0    0    2    3    0    5    0    1  
   0    1    0    0    0    3    5    4    2    0  
   0    2    5    0    1    0    0    0    4    3  
   0    0    1    0    3    5    0    4    0    2  
   0    0    3    0    4    1    0    0    5    2  
   2    0    0    0    1    4    3    0    0    5  
   0    4    0    0    5    2    0    0    1    3  
   0    2    3    0    1    0    0    4    0    5  
   1    4    2    0    5    0    0    0    3    0  
   0    0    2    5    0    0    3    4    1    0  
   3    4    5    0    0    1    2    0    0    0  
   0    5    0    4    0    1    0    2    0    3  
   0    0    0    0    4    5    3    1    0    2  
   1    2    0    5    0    3    0    0    4    0  
   1    3    5    4    0    0    0    0    0    2  
   0    0    2    0    3    4    0    0    5    1  
   0    0    3    0    1    4    5    0    2    0  
   0    0    5    2    1    0    0    0    4    3  
   0    0    1    5    4    0    0    3    0    2  
   0    0    0    1    5    0    0    4    3    2  
   0    4    0    3    1    5    0    0    0    2  
   0    2    0    4    5    0    1    0    3    0  
   2    0    0    5    3    0    0    4    0    1  
   3    0    4    2    5    0    0    0    1    0  
   5    4    0    3    0    0    2    1    0    0  
   0    3    0    5    1    0    0    4    2    0  
   0    0    2    0    0    3    1    5    4    0  
   0    4    1    0    2    0    5    0    0    3  
   4    3    0    0    1    2    0    0    0    5  
   0    0    3    0    2    0    5    0    4    1  
   2    0    1    0    4    0    0    0    5    3  
   0    2    0    5    0    3    0    0    1    4  
   3    4    1    2    0    0    0    0    5    0  
   0    0    0    5    1    0    4    2    3    0  
   0    0    4    0    3    1    2    5    0    0  
   5    0    0    0    2    4    3    0    1    0  
   0    4    5    2    0    0    3    1    0    0  
   5    3    0    0    4    1    2    0    0    0  
   0    4    0    5    0    1    0    0    2    3  
   0    4    2    5    0    0    0    3    0    1  
   3    0    1    2    4    0    5    0    0    0  
   0    5    3    1    0    0    0    0    2    4  
   1    5    0    0    2    4    0    0    3    0  
   0    4    0    0    1    0    0    5    3    2  
   0    0    4    0    0    5    2    3    1    0  
   3    2    4    0    0    0    0    1    0    5  
   5    3    0    0    0    2    0    4    0    1  
   0    0    0    1    0    2    0    3    4    5  
   0    2    5    0    0    0    0    1    3    4  
   4    0    0    2    0    3    1    0    5    0  
   1    4    3    2    0    0    0    0    5    0  
   0    4    0    0    5    1    3    2    0    0  ] 
RESERVATION PRICES : [    7    0    0    8    9    7    0    9    0    0  
   0    9    0   10   12    9   11    0    0    0  
  16    0   15    0   15    0   15   14    0    0  
  17    0    0    0    0   19    0   19   17   17  
  25   27   27    0    0    0    0   20   27    0  
  28    0   26   23    0    0    0   26    0   24  
  33    0   27   29   31    0    0    0   34    0  
  38   41   42    0    0   41    0    0    0   32  
   0   41   34    0    0   34    0   39    0   43  
  41   40   44    0    0   45   45    0    0    0  
  41   50    0   45    0    0    0   43    0   44  
  61   46   55    0   57    0    0   50    0    0  
  62   47    0   46    0    0    0    0   57   50  
   0    0    0   57   55    0    0   53   48   54  
   0   68   51    0    0    0   64   55    0   69  
  64    0    0    0    0   71   56    0   74   63  
  73    0   62    0   76   67   61    0    0    0  
   0   79   73    0    0    0    0   76   73   79  
   0    0   73    0   73    0   74   72    0   71  
   0    0    0    0   68   70    0   72   87   74  
   0    0   93    0   72   90   88    0    0   89  
   0   78    0    0   80    0   73    0   79   95  
  87   83   92   84    0    0    0    0   84    0  
   0   90    0    0  106   90    0   98    0   91  
   0  107    0    0    0   99  107  109   86    0  
   0   97   84    0   96    0    0    0  114   99  
   0    0  119    0  115   93    0   94    0  114  
   0    0  108    0   99  110    0    0  107  108  
 111    0    0    0   97  113   96    0    0   96  
   0  102    0    0   98   97    0    0  116  108  
   0   98  129    0  102    0    0  126    0  124  
 101  119  112    0  112    0    0    0  104    0  
   0    0  138  123    0    0  124  122  136    0  
 103  130  118    0    0  135  104    0    0    0  
   0  112    0  122    0  108    0  141    0  134  
   0    0    0    0  119  114  137  144    0  151  
 155  143    0  149    0  125    0    0  120    0  
 121  134  157  118    0    0    0    0    0  148  
   0    0  147    0  151  121    0    0  160  128  
   0    0  124    0  166  127  123    0  144    0  
   0    0  125  146  155    0    0    0  140  153  
   0    0  161  173  128    0    0  172    0  128  
   0    0    0  130  126    0    0  175  166  146  
   0  135    0  175  143  154    0    0    0  150  
   0  150    0  152  137    0  164    0  168    0  
 185    0    0  182  175    0    0  171    0  187  
 182    0  185  173  187    0    0    0  170    0  
 142  186    0  187    0    0  195  158    0    0  
   0  191    0  155  172    0    0  156  146    0  
   0    0  192    0    0  189  180  171  189    0  
   0  205  156    0  189    0  178    0    0  164  
 178  185    0    0  182  187    0    0    0  172  
   0    0  162    0  197    0  157    0  199  200  
 163    0  155    0  189    0    0    0  194  197  
   0  170    0  213    0  203    0    0  183  197  
 199  193  195  213    0    0    0    0  213    0  
   0    0    0  210  212    0  183  205  193    0  
   0    0  180    0  198  216  197  227    0    0  
 175    0    0    0  201  200  228    0  172    0  
   0  191  225  204    0    0  176  168    0    0  
 226  202    0    0  229  186  203    0    0    0  
   0  224    0  206    0  241    0    0  204  226  
   0  193  205  212    0    0    0  233    0  227  
 207    0  181  208  244    0  199    0    0    0  
   0  227  196  201    0    0    0    0  202  205  
 190  209    0    0  250  254    0    0  184    0  
   0  234    0    0  211    0    0  216  230  236  
   0    0  237    0    0  244  217  196  198    0  
 231  248  226    0    0    0    0  202    0  202  
 258  229    0    0    0  232    0  197    0  212  
   0    0    0  248    0  213    0  233  251  220  
   0  246  225    0    0    0    0  228  200  236  
 268    0    0  277    0  251  212    0  279    0  
 211  204  241  281    0    0    0    0  240    0  
   0  232    0    0  243  227  231  279    0    0  ] 
 ] 
