K : 100
I : 15
C : 16
INSTANCE : 4
PREFERENCES : [    0    1    5    0    0    0    0    0    0    3    0    0    0    4    2  
   0    0    0    0    5    3    1    0    0    0    4    0    0    2    0  
   5    0    2    0    0    0    0    0    0    3    4    0    0    0    1  
   0    3    0    4    0    0    0    0    5    0    0    2    0    0    1  
   0    0    4    5    0    3    0    2    0    0    0    0    0    1    0  
   0    0    0    5    0    2    0    0    0    0    0    3    4    1    0  
   2    0    0    5    1    0    0    3    0    0    0    0    0    4    0  
   0    5    0    4    0    0    0    2    0    0    0    1    0    0    3  
   0    3    0    0    5    0    4    0    0    0    1    0    0    0    2  
   3    2    0    0    0    0    4    0    0    0    5    0    0    0    1  
   3    0    0    0    0    4    1    0    2    0    5    0    0    0    0  
   0    0    3    0    0    0    4    0    0    0    0    2    0    1    5  
   0    0    0    3    4    0    1    0    0    0    0    5    2    0    0  
   0    0    3    0    0    0    5    4    0    0    2    0    0    0    1  
   0    0    0    0    0    1    0    0    0    5    4    0    0    3    2  
   0    0    2    0    0    3    4    5    0    0    0    0    0    0    1  
   0    2    5    0    1    0    0    0    0    0    0    3    0    0    4  
   0    2    4    0    0    1    0    0    0    3    5    0    0    0    0  
   0    0    0    0    2    0    0    0    0    4    3    1    0    5    0  
   1    5    0    4    2    0    0    0    0    0    0    3    0    0    0  
   0    4    0    0    0    0    3    2    0    5    0    0    0    1    0  
   0    4    0    5    2    0    0    0    0    0    0    0    0    3    1  
   3    0    2    0    0    0    0    0    1    0    0    5    0    0    4  
   0    0    0    2    5    3    0    1    0    0    4    0    0    0    0  
   0    0    0    0    0    1    0    3    4    0    2    0    0    5    0  
   0    0    0    0    2    0    0    0    0    1    0    4    0    5    3  
   0    0    5    1    0    3    0    4    2    0    0    0    0    0    0  
   0    3    0    0    4    2    0    0    1    0    5    0    0    0    0  
   0    0    0    0    0    0    0    0    2    5    4    1    3    0    0  
   0    0    3    0    0    4    5    0    0    0    0    0    0    1    2  
   1    0    4    3    0    0    0    0    0    0    0    5    2    0    0  
   0    0    0    0    3    0    0    0    2    0    5    0    1    4    0  
   1    0    4    0    0    5    0    0    0    0    0    0    3    0    2  
   0    0    0    0    5    0    0    4    0    0    0    1    0    2    3  
   0    0    0    0    2    0    0    5    1    0    0    3    0    0    4  
   1    0    0    0    5    3    4    0    0    0    2    0    0    0    0  
   0    0    0    0    0    3    5    4    0    0    2    0    0    0    1  
   1    0    3    4    0    5    0    0    0    0    2    0    0    0    0  
   3    0    0    0    0    1    5    0    0    0    0    0    4    2    0  
   0    4    0    0    0    2    0    0    5    3    1    0    0    0    0  
   1    0    4    0    0    2    3    5    0    0    0    0    0    0    0  
   1    0    2    0    0    0    5    4    0    0    0    3    0    0    0  
   0    5    0    0    1    0    0    0    0    3    4    0    2    0    0  
   0    0    1    0    0    2    5    3    0    0    0    0    0    0    4  
   0    4    0    5    0    0    0    3    0    0    2    0    1    0    0  
   2    0    0    0    5    0    0    0    0    0    1    4    0    3    0  
   1    0    0    0    0    3    0    5    0    0    0    4    0    0    2  
   0    0    0    2    4    0    0    0    0    1    0    5    3    0    0  
   0    0    0    1    0    4    0    0    5    2    0    0    0    3    0  
   0    0    1    0    4    0    0    0    2    3    0    0    5    0    0  
   4    5    0    0    0    3    0    1    2    0    0    0    0    0    0  
   0    0    0    0    0    4    0    0    0    5    1    0    0    3    2  
   0    0    0    0    1    0    0    5    0    0    0    0    2    3    4  
   5    2    0    4    0    0    0    0    0    0    0    1    0    0    3  
   0    0    0    5    0    2    0    0    0    1    0    3    0    4    0  
   0    0    0    2    0    0    4    0    0    1    0    3    0    0    5  
   0    0    2    5    0    0    0    0    0    4    0    1    3    0    0  
   0    0    1    0    0    0    0    0    0    4    5    3    0    2    0  
   0    1    0    0    0    0    5    0    0    0    4    0    2    3    0  
   3    4    0    0    1    0    0    5    0    0    2    0    0    0    0  
   2    0    3    0    5    0    0    0    0    0    0    0    0    4    1  
   5    0    0    0    1    2    3    0    0    0    0    0    0    0    4  
   0    4    0    0    0    0    0    2    1    0    0    0    0    3    5  
   0    0    0    4    0    5    0    0    0    2    0    3    0    1    0  
   0    1    0    0    0    4    3    0    0    0    5    2    0    0    0  
   4    3    0    0    0    1    0    0    0    0    0    5    0    2    0  
   5    0    0    0    0    1    0    0    2    0    4    0    3    0    0  
   0    4    3    0    0    0    0    0    0    0    2    0    1    5    0  
   0    0    2    4    0    0    0    0    0    1    5    0    0    0    3  
   0    5    3    0    0    1    0    0    2    0    0    0    4    0    0  
   0    0    2    0    0    3    0    5    4    1    0    0    0    0    0  
   0    2    0    0    0    0    0    1    4    0    3    0    0    5    0  
   0    0    5    0    2    4    0    0    0    0    0    3    0    1    0  
   3    0    0    0    1    0    0    0    4    5    0    0    0    2    0  
   0    0    5    0    2    0    0    4    1    0    3    0    0    0    0  
   0    0    0    0    0    0    0    0    4    5    1    2    3    0    0  
   0    0    0    0    0    0    0    3    4    0    0    1    5    0    2  
   1    0    0    2    3    0    0    0    5    0    0    4    0    0    0  
   5    3    2    1    0    0    0    0    0    4    0    0    0    0    0  
   0    0    0    0    0    5    1    0    3    0    0    0    2    0    4  
   5    0    0    0    3    0    0    4    0    0    0    0    2    1    0  
   3    1    0    0    4    0    0    0    0    0    0    5    2    0    0  
   0    0    1    0    0    0    4    5    0    0    0    3    2    0    0  
   0    0    4    0    0    0    0    0    0    0    0    1    3    5    2  
   0    0    0    0    2    3    1    0    0    5    0    0    0    4    0  
   0    0    4    0    0    3    2    0    0    0    0    5    1    0    0  
   5    0    0    1    0    4    0    0    0    0    0    2    3    0    0  
   0    0    0    0    2    4    5    0    1    0    0    0    0    0    3  
   0    5    0    0    0    2    0    4    0    1    3    0    0    0    0  
   0    0    1    0    0    0    3    2    0    0    0    0    0    5    4  
   1    0    0    0    0    0    0    0    0    2    4    5    3    0    0  
   0    3    1    0    0    5    0    0    2    0    0    0    4    0    0  
   2    0    1    5    0    3    0    4    0    0    0    0    0    0    0  
   0    0    0    0    0    0    5    0    0    4    1    0    0    3    2  
   3    0    0    0    0    4    0    0    0    0    1    5    0    0    2  
   0    0    0    0    0    4    2    3    0    5    0    0    1    0    0  
   0    0    0    0    3    0    0    0    0    2    1    0    5    0    4  
   0    0    0    5    4    0    0    0    2    0    1    0    0    3    0  
   0    0    0    0    4    0    0    0    0    0    5    2    1    3    0  
   0    0    0    4    0    0    0    0    0    5    2    1    0    3    0  ] 
RESERVATION PRICES : [    0    9    9    0    0    0    0    0    0   10    0    0    0    9   10  
   0    0    0    0   12   12   11    0    0    0   12    0    0   14    0  
  15    0   15    0    0    0    0    0    0   15   13    0    0    0   16  
   0   15    0   17    0    0    0    0   17    0    0   15    0    0   13  
   0    0   19   16    0   17    0   21    0    0    0    0    0   19    0  
   0    0    0   27    0   23    0    0    0    0    0   26   21   23    0  
  29    0    0   29   25    0    0   23    0    0    0    0    0   30    0  
   0   27    0   34    0    0    0   35    0    0    0   34    0    0   35  
   0   31    0    0   30    0   33    0    0    0   38    0    0    0   33  
  30   31    0    0    0    0   35    0    0    0   39    0    0    0   35  
  42    0    0    0    0   42   38    0   38    0   39    0    0    0    0  
   0    0   51    0    0    0   41    0    0    0    0   39    0   45   46  
   0    0    0   44   49    0   55    0    0    0    0   43   56    0    0  
   0    0   59    0    0    0   51   50    0    0   53    0    0    0   48  
   0    0    0    0    0   61    0    0    0   56   56    0    0   59   53  
   0    0   55    0    0   57   59   58    0    0    0    0    0    0   59  
   0   66   57    0   53    0    0    0    0    0    0   61    0    0   72  
   0   58   76    0    0   66    0    0    0   77   58    0    0    0    0  
   0    0    0    0   75    0    0    0    0   67   73   76    0   70    0  
  80   72    0   77   69    0    0    0    0    0    0   86    0    0    0  
   0   75    0    0    0    0   72   87    0   91    0    0    0   78    0  
   0   75    0   93   88    0    0    0    0    0    0    0    0   78   92  
  97    0   70    0    0    0    0    0   95    0    0   90    0    0   91  
   0    0    0   96   88   98    0   85    0    0   75    0    0    0    0  
   0    0    0    0    0  100    0   82  100    0   78    0    0   83    0  
   0    0    0    0   81    0    0    0    0   80    0  108    0   79   83  
   0    0  100   82    0   81    0   90   83    0    0    0    0    0    0  
   0   87    0    0  105   94    0    0   84    0  103    0    0    0    0  
   0    0    0    0    0    0    0    0  105  118   98  104  101    0    0  
   0    0  121    0    0  117  107    0    0    0    0    0    0   97  106  
 109    0   89   93    0    0    0    0    0    0    0  117  106    0    0  
   0    0    0    0  106    0    0    0  113    0  108    0   99  127    0  
 129    0  111    0    0  104    0    0    0    0    0    0  101    0  103  
   0    0    0    0   98    0    0  105    0    0    0  123    0  125  108  
   0    0    0    0  116    0    0  138  103    0    0  104    0    0  140  
 129    0    0    0  119  143  117    0    0    0  130    0    0    0    0  
   0    0    0    0    0  109  131  144    0    0  137    0    0    0  121  
 150    0  136  149    0  120    0    0    0    0  139    0    0    0    0  
 134    0    0    0    0  111  144    0    0    0    0    0  146  131    0  
   0  148    0    0    0  132    0    0  142  118  124    0    0    0    0  
 161    0  139    0    0  162  141  136    0    0    0    0    0    0    0  
 164    0  156    0    0    0  159  149    0    0    0  120    0    0    0  
   0  127    0    0  127    0    0    0    0  120  147    0  164    0    0  
   0    0  155    0    0  161  126  135    0    0    0    0    0    0  163  
   0  164    0  155    0    0    0  141    0    0  163    0  149    0    0  
 150    0    0    0  147    0    0    0    0    0  162  126    0  130    0  
 161    0    0    0    0  178    0  170    0    0    0  175    0    0  141  
   0    0    0  148  178    0    0    0    0  163    0  135  164    0    0  
   0    0    0  149    0  188    0    0  168  139    0    0    0  163    0  
   0    0  174    0  178    0    0    0  181  176    0    0  193    0    0  
 140  141    0    0    0  142    0  166  189    0    0    0    0    0    0  
   0    0    0    0    0  163    0    0    0  184  194    0    0  199  167  
   0    0    0    0  155    0    0  192    0    0    0    0  186  160  192  
 161  151    0  200    0    0    0    0    0    0    0  189    0    0  151  
   0    0    0  158    0  163    0    0    0  160    0  174    0  184    0  
   0    0    0  198    0    0  205    0    0  179    0  188    0    0  193  
   0    0  200  177    0    0    0    0    0  157    0  177  165    0    0  
   0    0  186    0    0    0    0    0    0  216  207  184    0  218    0  
   0  167    0    0    0    0  221    0    0    0  183    0  190  175    0  
 226  222    0    0  191    0    0  194    0    0  185    0    0    0    0  
 212    0  221    0  222    0    0    0    0    0    0    0    0  214  191  
 213    0    0    0  217  213  199    0    0    0    0    0    0    0  217  
   0  210    0    0    0    0    0  175  221    0    0    0    0  225  231  
   0    0    0  188    0  180    0    0    0  221    0  178    0  219    0  
   0  244    0    0    0  229  205    0    0    0  202  236    0    0    0  
 230  249    0    0    0  236    0    0    0    0    0  221    0  185    0  
 235    0    0    0    0  207    0    0  217    0  193    0  217    0    0  
   0  240  221    0    0    0    0    0    0    0  226    0  237  211    0  
   0    0  209  208    0    0    0    0    0  237  198    0    0    0  219  
   0  193  250    0    0  225    0    0  232    0    0    0  259    0    0  
   0    0  212    0    0  222    0  222  202  238    0    0    0    0    0  
   0  209    0    0    0    0    0  210  219    0  197    0    0  238    0  
   0    0  202    0  198  220    0    0    0    0    0  228    0  232    0  
 251    0    0    0  279    0    0    0  205  241    0    0    0  222    0  
   0    0  257    0  254    0    0  223  252    0  212    0    0    0    0  
   0    0    0    0    0    0    0    0  212  244  263  209  265    0    0  
   0    0    0    0    0    0    0  226  257    0    0  221  235    0  268  
 252    0    0  256  247    0    0    0  266    0    0  227    0    0    0  
 218  225  279  228    0    0    0    0    0  244    0    0    0    0    0  
   0    0    0    0    0  239  218    0  291    0    0    0  297    0  283  
 217    0    0    0  287    0    0  262    0    0    0    0  261  291    0  
 224  228    0    0  244    0    0    0    0    0    0  293  221    0    0  
   0    0  250    0    0    0  283  306    0    0    0  301  243    0    0  
   0    0  274    0    0    0    0    0    0    0    0  279  267  311  253  
   0    0    0    0  311  287  244    0    0  246    0    0    0  307    0  
   0    0  257    0    0  272  325    0    0    0    0  243  280    0    0  
 300    0    0  322    0  307    0    0    0    0    0  253  268    0    0  
   0    0    0    0  322  284  326    0  273    0    0    0    0    0  328  
   0  326    0    0    0  287    0  280    0  271  282    0    0    0    0  
   0    0  256    0    0    0  257  259    0    0    0    0    0  290  327  
 281    0    0    0    0    0    0    0    0  246  325  296  287    0    0  
   0  342  304    0    0  275    0    0  328    0    0    0  318    0    0  
 293    0  337  343    0  294    0  275    0    0    0    0    0    0    0  
   0    0    0    0    0    0  290    0    0  299  261    0    0  302  335  
 278    0    0    0    0  293    0    0    0    0  298  292    0    0  315  
   0    0    0    0    0  274  259  261    0  330    0    0  355    0    0  
   0    0    0    0  311    0    0    0    0  276  292    0  303    0  273  
   0    0    0  267  319    0    0    0  283    0  271    0    0  351    0  
   0    0    0    0  295    0    0    0    0    0  345  352  278  352    0  
   0    0    0  339    0    0    0    0    0  363  275  283    0  283    0  ] 
 ] 
