K : 150
I : 5
C : 24
INSTANCE : 3
PREFERENCES : [    0    0    3    2    1  
   0    1    0    2    3  
   1    0    2    3    0  
   0    0    1    3    2  
   0    3    2    1    0  
   1    3    0    2    0  
   0    1    2    3    0  
   2    3    1    0    0  
   3    0    2    1    0  
   0    0    3    1    2  
   2    0    1    0    3  
   0    1    0    2    3  
   0    1    3    2    0  
   2    0    3    1    0  
   0    0    2    3    1  
   3    0    2    0    1  
   0    1    2    3    0  
   0    0    1    2    3  
   1    3    0    0    2  
   0    1    2    3    0  
   3    0    0    1    2  
   0    3    2    0    1  
   3    0    1    0    2  
   0    0    2    3    1  
   1    2    0    3    0  
   3    1    2    0    0  
   1    3    0    0    2  
   0    2    0    1    3  
   2    0    0    3    1  
   3    1    0    2    0  
   1    0    0    2    3  
   0    0    1    3    2  
   1    0    0    2    3  
   0    1    2    3    0  
   3    0    2    0    1  
   1    3    0    2    0  
   0    1    0    3    2  
   0    2    0    3    1  
   0    0    3    2    1  
   0    3    1    0    2  
   2    0    1    0    3  
   3    0    1    2    0  
   1    2    0    0    3  
   2    0    1    0    3  
   2    3    0    1    0  
   0    3    1    2    0  
   0    2    0    3    1  
   0    3    2    1    0  
   1    0    0    2    3  
   3    2    0    1    0  
   0    2    3    1    0  
   0    3    0    1    2  
   3    0    1    0    2  
   0    2    3    1    0  
   1    3    2    0    0  
   3    0    0    2    1  
   0    1    2    0    3  
   3    0    1    0    2  
   2    1    0    3    0  
   3    0    1    2    0  
   2    0    0    1    3  
   3    0    0    1    2  
   3    2    1    0    0  
   1    0    3    0    2  
   3    2    1    0    0  
   2    0    3    0    1  
   0    1    0    2    3  
   1    3    2    0    0  
   1    3    0    2    0  
   2    0    0    3    1  
   0    2    3    0    1  
   3    0    1    2    0  
   1    3    0    2    0  
   0    1    0    3    2  
   2    0    3    0    1  
   0    3    0    1    2  
   2    0    1    3    0  
   0    0    1    3    2  
   3    1    0    0    2  
   1    3    2    0    0  
   1    3    0    2    0  
   3    2    0    0    1  
   0    3    2    0    1  
   0    3    2    0    1  
   0    0    1    3    2  
   0    2    1    3    0  
   0    2    1    0    3  
   3    0    0    2    1  
   3    2    0    1    0  
   0    0    1    2    3  
   0    2    1    0    3  
   2    0    1    3    0  
   2    1    0    3    0  
   1    2    3    0    0  
   0    3    1    2    0  
   3    0    2    1    0  
   0    2    3    0    1  
   2    0    0    3    1  
   1    0    2    3    0  
   1    0    2    3    0  
   1    0    2    0    3  
   0    2    1    0    3  
   1    0    2    3    0  
   3    1    0    0    2  
   3    1    2    0    0  
   0    3    2    1    0  
   3    0    0    1    2  
   1    0    0    2    3  
   3    1    0    0    2  
   0    2    3    1    0  
   0    1    2    3    0  
   2    3    0    1    0  
   1    2    0    3    0  
   0    1    2    3    0  
   3    0    0    2    1  
   1    0    3    0    2  
   0    3    1    2    0  
   0    0    2    1    3  
   0    2    3    0    1  
   0    0    2    3    1  
   0    1    0    2    3  
   0    1    3    0    2  
   3    0    1    0    2  
   1    0    3    2    0  
   1    0    2    3    0  
   3    1    0    0    2  
   1    2    0    3    0  
   2    1    0    0    3  
   0    1    0    2    3  
   2    1    0    3    0  
   0    0    3    1    2  
   0    3    0    1    2  
   1    0    0    3    2  
   0    0    2    3    1  
   2    1    3    0    0  
   0    3    0    2    1  
   0    0    3    1    2  
   0    2    0    3    1  
   0    1    0    3    2  
   0    1    2    3    0  
   0    0    3    2    1  
   0    3    2    1    0  
   0    1    2    0    3  
   0    3    2    1    0  
   0    1    3    0    2  
   2    0    0    3    1  
   3    2    1    0    0  
   0    0    3    1    2  
   3    0    2    0    1  
   1    0    2    3    0  ] 
RESERVATION PRICES : [    0    0    8    8    7  
   0    9    0    9    7  
   9    0    9    9    0  
   0    0   13   12   14  
   0   19   16   18    0  
  21   17    0   20    0  
   0   25   24   20    0  
  28   28   27    0    0  
  28    0   29   28    0  
   0    0   40   34   33  
  35    0   42    0   36  
   0   42    0   40   42  
   0   53   53   42    0  
  53    0   47   52    0  
   0    0   63   61   57  
  53    0   68    0   51  
   0   57   61   67    0  
   0    0   72   61   76  
  61   68    0    0   71  
   0   61   63   59    0  
  75    0    0   86   72  
   0   75   75    0   82  
  76    0   73    0   84  
   0    0   94   88   91  
  97   95    0   95    0  
  78   98   76    0    0  
 107   79    0    0   85  
   0   78    0   83  106  
  97    0    0  105   84  
 108  111    0  106    0  
  86    0    0   89  106  
   0    0   90  119   89  
 116    0    0  100  123  
   0  102  118   96    0  
 119    0  113    0  111  
 107  111    0  104    0  
   0  130    0  100  132  
   0  131    0  114  132  
   0    0  118  130  109  
   0  118  118    0  138  
 151    0  132    0  147  
 145    0  129  139    0  
 139  145    0    0  115  
 137    0  131    0  147  
 159  134    0  142    0  
   0  129  143  152    0  
   0  156    0  144  156  
   0  161  173  163    0  
 184    0    0  155  180  
 171  140    0  140    0  
   0  164  191  165    0  
   0  156    0  186  178  
 164    0  185    0  162  
   0  147  190  179    0  
 149  163  206    0    0  
 160    0    0  177  165  
   0  177  157    0  169  
 161    0  163    0  176  
 178  172    0  165    0  
 225    0  208  167    0  
 225    0    0  203  214  
 191    0    0  196  186  
 193  223  235    0    0  
 205    0  218    0  203  
 198  185  191    0    0  
 244    0  246    0  212  
   0  239    0  239  202  
 235  231  255    0    0  
 199  252    0  252    0  
 242    0    0  198  257  
   0  231  245    0  231  
 243    0  232  248    0  
 266  234    0  274    0  
   0  270    0  224  268  
 259    0  239    0  217  
   0  271    0  244  227  
 289    0  238  294    0  
   0    0  264  288  230  
 293  230    0    0  242  
 268  252  272    0    0  
 280  235    0  298    0  
 264  282    0    0  285  
   0  235  277    0  266  
   0  239  266    0  281  
   0    0  261  255  289  
   0  242  314  318    0  
   0  297  264    0  331  
 285    0    0  309  298  
 333  325    0  335    0  
   0    0  315  334  332  
   0  265  279    0  325  
 307    0  301  325    0  
 348  328    0  330    0  
 298  319  271    0    0  
   0  287  322  316    0  
 347    0  291  297    0  
   0  366  339    0  308  
 355    0    0  359  302  
 323    0  340  368    0  
 344    0  359  334    0  
 375    0  354    0  291  
   0  369  346    0  369  
 370    0  364  344    0  
 355  342    0    0  375  
 381  306  297    0    0  
   0  379  386  331    0  
 336    0    0  300  323  
 374    0    0  362  374  
 376  324    0    0  328  
   0  350  305  351    0  
   0  321  356  322    0  
 404  358    0  381    0  
 354  326    0  367    0  
   0  318  441  341    0  
 354    0    0  436  334  
 413    0  368    0  439  
   0  398  387  379    0  
   0    0  456  334  376  
   0  416  362    0  405  
   0    0  369  366  439  
   0  353    0  443  392  
   0  442  403    0  358  
 402    0  341    0  351  
 418    0  416  399    0  
 484    0  483  479    0  
 368  394    0    0  374  
 447  428    0  441    0  
 393  475    0    0  441  
   0  374    0  481  411  
 441  414    0  399    0  
   0    0  503  374  388  
   0  498    0  420  400  
 426    0    0  433  408  
   0    0  388  442  369  
 507  437  416    0    0  
   0  504    0  424  384  
   0    0  438  456  432  
   0  445    0  496  389  
   0  394    0  482  409  
   0  450  454  486    0  
   0    0  409  412  414  
   0  519  511  533    0  
   0  518  403    0  396  
   0  439  539  481    0  
   0  545  416    0  504  
 396    0    0  480  481  
 484  422  434    0    0  
   0    0  540  413  423  
 444    0  490    0  440  
 493    0  521  532    0  ] 
 ] 
