K : 150
I : 10
C : 6
INSTANCE : 3
PREFERENCES : [    1    2    0    5    4    0    3    0    0    0  
   0    0    4    5    1    0    0    0    3    2  
   0    0    0    5    1    2    4    3    0    0  
   4    0    0    1    3    0    2    5    0    0  
   1    0    4    2    0    0    0    0    5    3  
   3    0    0    4    0    0    1    0    5    2  
   3    0    0    5    0    2    4    1    0    0  
   0    5    0    0    0    3    2    1    0    4  
   5    0    0    0    1    0    0    2    4    3  
   5    2    1    0    0    0    0    3    4    0  
   4    0    2    0    5    0    0    1    0    3  
   0    3    0    2    1    5    4    0    0    0  
   0    5    0    2    0    3    1    0    4    0  
   0    4    0    0    3    1    0    0    2    5  
   1    2    0    0    4    0    0    5    3    0  
   0    5    0    0    0    4    1    0    3    2  
   3    0    4    0    1    0    0    2    5    0  
   2    3    5    4    0    0    0    0    1    0  
   0    5    3    0    0    1    0    2    0    4  
   2    0    3    1    0    0    0    4    0    5  
   0    1    0    0    5    0    3    4    2    0  
   3    0    1    0    5    2    0    0    4    0  
   0    0    5    0    0    4    3    1    0    2  
   0    0    4    3    0    5    2    0    1    0  
   0    0    5    0    1    2    3    0    0    4  
   0    0    4    2    0    1    0    0    3    5  
   0    0    3    0    2    4    5    0    1    0  
   0    0    3    1    4    0    5    2    0    0  
   0    0    2    3    0    0    1    0    5    4  
   5    1    2    0    0    3    0    0    4    0  
   3    0    0    2    5    1    0    4    0    0  
   0    4    2    0    0    5    1    3    0    0  
   0    0    1    5    0    2    4    3    0    0  
   1    3    0    0    0    4    5    0    0    2  
   0    1    0    3    0    4    0    2    0    5  
   2    0    4    1    3    0    0    0    5    0  
   0    4    0    0    5    3    0    1    0    2  
   1    0    5    4    0    3    2    0    0    0  
   4    0    0    3    0    5    0    1    2    0  
   2    4    0    0    5    1    0    0    3    0  
   0    0    0    1    3    0    5    0    4    2  
   0    1    4    2    0    0    0    5    3    0  
   0    5    0    4    0    2    0    0    1    3  
   0    0    5    0    2    0    4    1    3    0  
   0    0    0    2    0    3    0    4    5    1  
   3    0    4    5    0    0    2    0    1    0  
   3    0    4    2    0    5    0    1    0    0  
   4    5    0    1    0    0    2    0    3    0  
   1    2    0    0    5    3    0    0    4    0  
   5    3    0    4    0    1    0    0    2    0  
   0    5    0    1    0    0    0    2    3    4  
   0    0    4    0    5    3    0    0    2    1  
   2    0    1    4    3    0    0    0    0    5  
   5    0    4    0    0    0    3    1    2    0  
   1    5    0    4    0    0    3    2    0    0  
   5    2    4    1    3    0    0    0    0    0  
   0    3    2    4    0    0    0    0    1    5  
   4    0    0    2    1    0    0    0    3    5  
   4    0    0    2    3    0    1    0    0    5  
   0    5    0    4    0    0    2    3    1    0  
   0    0    0    0    0    1    3    4    5    2  
   0    0    5    4    2    3    1    0    0    0  
   2    1    0    0    3    4    0    0    5    0  
   0    5    2    0    0    1    3    0    0    4  
   5    0    0    0    3    2    0    4    0    1  
   0    2    4    0    3    0    1    0    5    0  
   0    2    5    3    0    0    0    4    1    0  
   1    0    0    3    0    0    5    4    2    0  
   0    0    4    0    5    3    0    0    1    2  
   5    0    0    1    0    2    3    0    4    0  
   2    0    3    0    0    5    1    4    0    0  
   0    0    4    1    0    3    5    0    0    2  
   1    5    4    0    3    0    0    2    0    0  
   0    0    2    4    0    0    3    1    5    0  
   2    5    0    0    4    0    0    3    0    1  
   0    0    2    5    0    4    0    3    1    0  
   0    0    2    5    3    4    0    0    0    1  
   3    0    1    4    5    0    0    2    0    0  
   3    2    5    0    0    0    4    1    0    0  
   0    0    0    0    5    3    1    4    0    2  
   1    4    3    0    2    0    5    0    0    0  
   1    5    4    0    0    0    0    0    3    2  
   1    0    0    0    3    2    5    0    0    4  
   4    5    2    3    0    0    0    0    0    1  
   3    2    5    0    4    0    0    1    0    0  
   0    1    4    3    0    0    0    0    2    5  
   2    3    0    0    0    4    0    1    5    0  
   0    2    0    4    0    3    0    1    5    0  
   0    0    5    2    4    0    0    0    3    1  
   0    3    0    0    1    0    5    0    2    4  
   4    0    1    2    0    0    0    5    3    0  
   1    5    0    0    4    0    3    0    2    0  
   0    2    0    0    4    0    0    1    5    3  
   5    1    0    0    0    0    2    3    0    4  
   0    0    5    0    1    0    2    0    3    4  
   0    3    4    0    2    0    0    1    0    5  
   0    1    0    0    0    3    0    2    5    4  
   0    2    0    0    0    4    3    0    1    5  
   0    4    5    0    2    0    1    3    0    0  
   0    1    3    0    0    0    4    5    2    0  
   0    4    2    3    5    0    0    1    0    0  
   0    0    3    0    0    2    5    0    4    1  
   3    2    0    5    0    0    1    4    0    0  
   5    0    1    0    4    0    2    3    0    0  
   4    1    0    0    3    0    2    0    5    0  
   1    0    0    0    2    3    0    4    5    0  
   5    0    0    3    0    0    4    1    0    2  
   1    2    0    3    5    0    0    4    0    0  
   3    0    2    0    0    1    4    5    0    0  
   0    1    3    0    5    0    0    0    4    2  
   1    0    0    0    5    0    3    0    4    2  
   0    4    1    5    0    0    2    0    3    0  
   0    2    0    4    0    1    5    0    0    3  
   0    4    3    1    0    0    5    2    0    0  
   1    0    0    4    0    5    3    0    0    2  
   0    2    1    0    0    0    5    4    0    3  
   0    0    2    0    1    4    5    3    0    0  
   1    0    5    0    0    2    0    3    0    4  
   4    0    0    0    1    3    0    0    5    2  
   1    0    4    0    2    5    0    0    3    0  
   0    0    0    1    0    0    2    4    3    5  
   0    5    2    3    0    0    0    0    4    1  
   0    4    0    1    0    3    0    2    5    0  
   0    2    4    1    0    5    0    0    3    0  
   2    1    0    0    4    3    5    0    0    0  
   0    0    0    4    2    0    0    5    3    1  
   4    3    0    0    0    0    1    0    5    2  
   0    0    5    4    2    1    0    3    0    0  
   4    0    1    0    2    3    0    0    5    0  
   3    1    2    0    0    4    0    0    0    5  
   0    5    0    1    0    4    0    2    0    3  
   0    0    1    4    0    0    5    3    0    2  
   0    0    5    3    2    0    0    1    4    0  
   0    5    4    2    0    0    0    1    0    3  
   5    0    3    1    4    0    0    2    0    0  
   4    5    0    1    0    0    0    0    3    2  
   4    0    5    1    0    0    2    0    0    3  
   4    1    0    0    0    0    3    0    2    5  
   0    0    1    0    2    5    0    4    0    3  
   1    0    0    0    2    3    0    0    5    4  
   0    0    4    0    5    1    2    0    0    3  
   2    0    0    5    0    3    0    1    4    0  
   2    0    1    0    0    0    4    5    3    0  
   0    3    0    0    2    0    5    4    0    1  
   0    3    2    0    1    0    5    4    0    0  
   0    2    0    0    0    5    3    1    0    4  
   2    3    4    0    1    0    0    0    0    5  
   0    1    0    0    3    0    0    5    4    2  
   0    5    2    0    0    0    4    3    1    0  
   3    0    2    0    0    0    5    4    1    0  ] 
RESERVATION PRICES : [    9    7    0    8    7    0    9    0    0    0  
   0    0   10    9   11    0    0    0   10   12  
   0    0    0   15   15   16   17   14    0    0  
  18    0    0   19   19    0   18   21    0    0  
  21    0   21   25    0    0    0    0   23   19  
  30    0    0   28    0    0   24    0   30   28  
  34    0    0   30    0   32   32   30    0    0  
   0   38    0    0    0   38   35   37    0   39  
  45    0    0    0   38    0    0   43   36   42  
  34   45   46    0    0    0    0   36   42    0  
  46    0   43    0   44    0    0   42    0   48  
   0   41    0   46   49   51   44    0    0    0  
   0   50    0   46    0   56   51    0   58    0  
   0   57    0    0   62   56    0    0   54   60  
  65   55    0    0   54    0    0   60   54    0  
   0   60    0    0    0   66   63    0   51   51  
  65    0   58    0   58    0    0   59   53    0  
  72   66   76   70    0    0    0    0   77    0  
   0   73   78    0    0   80    0   75    0   76  
  71    0   72   84    0    0    0   78    0   70  
   0   84    0    0   77    0   68   69   86    0  
  88    0   82    0   70   90    0    0   88    0  
   0    0   87    0    0   94   76   76    0   72  
   0    0   91   93    0   74   88    0   75    0  
   0    0   85    0   96   84   94    0    0   84  
   0    0   81   84    0   74    0    0   92   98  
   0    0   99    0  103   87   82    0   88    0  
   0    0   81   84   88    0   85  109    0    0  
   0    0   87  102    0    0  110    0   93  106  
 118   97  103    0    0  109    0    0  103    0  
 117    0    0  115  115  115    0  113    0    0  
   0   97  114    0    0  114  108   90    0    0  
   0    0  100  103    0  102   95  110    0    0  
 107  120    0    0    0  131  120    0    0  102  
   0  105    0   99    0  133    0  123    0  109  
 109    0  128  124  110    0    0    0  144    0  
   0  127    0    0  113  118    0  114    0  130  
 108    0  144  136    0  130  134    0    0    0  
 118    0    0  133    0  145    0  112  135    0  
 143  127    0    0  115  143    0    0  131    0  
   0    0    0  142  125    0  147    0  153  125  
   0  139  137  138    0    0    0  115  115    0  
   0  141    0  133    0  128    0    0  142  122  
   0    0  127    0  167    0  138  134  125    0  
   0    0    0  127    0  137    0  153  155  126  
 147    0  141  158    0    0  148    0  128    0  
 128    0  128  138    0  173    0  157    0    0  
 151  166    0  131    0    0  141    0  136    0  
 177  150    0    0  176  151    0    0  174    0  
 163  157    0  137    0  182    0    0  171    0  
   0  142    0  157    0    0    0  181  138  176  
   0    0  174    0  183  161    0    0  145  145  
 148    0  143  148  157    0    0    0    0  149  
 183    0  141    0    0    0  186  147  189    0  
 186  158    0  160    0    0  183  181    0    0  
 153  163  160  160  165    0    0    0    0    0  
   0  159  187  165    0    0    0    0  203  156  
 186    0    0  189  202    0    0    0  174  171  
 190    0    0  201  170    0  201    0    0  168  
   0  202    0  169    0    0  204  161  170    0  
   0    0    0    0    0  208  182  188  222  201  
   0    0  191  189  184  174  175    0    0    0  
 195  221    0    0  201  238    0    0  172    0  
   0  180  196    0    0  227  185    0    0  196  
 201    0    0    0  212  234    0  207    0  204  
   0  245  216    0  228    0  240    0  180    0  
   0  220  202  232    0    0    0  250  245    0  
 201    0    0  240    0    0  200  227  217    0  
   0    0  226    0  218  195    0    0  185  239  
 251    0    0  186    0  231  234    0  246    0  
 240    0  234    0    0  242  226  252    0    0  
   0    0  233  253    0  255  220    0    0  245  
 250  252  200    0  214    0    0  213    0    0  
   0    0  239  232    0    0  239  213  254    0  
 236  253    0    0  241    0    0  230    0  244  
   0    0  287  288    0  288    0  287  224    0  
   0    0  246  268  253  261    0    0    0  219  
 263    0  281  246  240    0    0  246    0    0  
 266  254  229    0    0    0  276  301    0    0  
   0    0    0    0  224  238  249  294    0  303  
 262  260  263    0  229    0  274    0    0    0  
 272  254  286    0    0    0    0    0  286  239  
 285    0    0    0  310  301  320    0    0  313  
 254  232  298  254    0    0    0    0    0  324  
 273  307  298    0  275    0    0  264    0    0  
   0  314  241  311    0    0    0    0  272  261  
 274  254    0    0    0  264    0  266  245    0  
   0  290    0  273    0  317    0  336  296    0  
   0    0  264  286  339    0    0    0  315  298  
   0  341    0    0  343    0  324    0  263  270  
 290    0  320  258    0    0    0  298  335    0  
 324  256    0    0  314    0  262    0  289    0  
   0  263    0    0  257    0    0  311  262  346  
 344  314    0    0    0    0  329  319    0  327  
   0    0  336    0  259    0  274    0  325  321  
   0  305  298    0  329    0    0  348    0  345  
   0  294    0    0    0  368    0  336  277  280  
   0  373    0    0    0  370  371    0  289  343  
   0  277  290    0  305    0  277  289    0    0  
   0  354  344    0    0    0  321  318  377    0  
   0  293  371  322  376    0    0  331    0    0  
   0    0  363    0    0  305  356    0  280  319  
 330  319    0  384    0    0  331  327    0    0  
 394    0  296    0  388    0  383  356    0    0  
 398  361    0    0  372    0  295    0  343    0  
 321    0    0    0  363  364    0  314  302    0  
 313    0    0  299    0    0  296  349    0  312  
 368  385    0  380  368    0    0  412    0    0  
 406    0  324    0    0  308  315  375    0    0  
   0  401  345    0  356    0    0    0  362  412  
 368    0    0    0  372    0  310    0  422  379  
   0  403  408  319    0    0  337    0  343    0  
   0  311    0  364    0  356  414    0    0  421  
   0  363  383  422    0    0  407  316    0    0  
 338    0    0  418    0  333  352    0    0  418  
   0  381  359    0    0    0  419  419    0  381  
   0    0  393    0  409  420  356  417    0    0  
 359    0  397    0    0  368    0  406    0  353  
 419    0    0    0  377  382    0    0  391  405  
 326    0  352    0  360  447    0    0  433    0  
   0    0    0  418    0    0  399  379  389  423  
   0  374  372  343    0    0    0    0  423  438  
   0  352    0  367    0  418    0  457  371    0  
   0  407  349  338    0  381    0    0  364    0  
 411  400    0    0  339  441  371    0    0    0  
   0    0    0  354  442    0    0  408  444  384  
 399  378    0    0    0    0  392    0  367  389  
   0    0  357  364  407  345    0  446    0    0  
 395    0  482    0  453  405    0    0  419    0  
 483  403  431    0    0  384    0    0    0  475  
   0  489    0  418    0  467    0  486    0  454  
   0    0  406  354    0    0  424  372    0  403  
   0    0  491  394  423    0    0  465  494    0  
   0  464  449  385    0    0    0  459    0  466  
 498    0  366  422  422    0    0  448    0    0  
 437  409    0  421    0    0    0    0  494  470  
 484    0  422  437    0    0  462    0    0  415  
 473  388    0    0    0    0  488    0  420  399  
   0    0  448    0  490  454    0  440    0  406  
 474    0    0    0  441  437    0    0  393  423  
   0    0  473    0  388  523  517    0    0  516  
 439    0    0  452    0  431    0  502  451    0  
 384    0  438    0    0    0  469  518  470    0  
   0  503    0    0  440    0  498  442    0  420  
   0  391  539    0  464    0  509  393    0    0  
   0  489    0    0    0  515  396  474    0  523  
 461  402  453    0  408    0    0    0    0  518  
   0  447    0    0  497    0    0  497  413  539  
   0  555  422    0    0    0  506  455  548    0  
 491    0  449    0    0    0  537  561  508    0  ] 
 ] 
