K : 125
I : 15
C : 25
INSTANCE : 3
PREFERENCES : [    4    0    0    0    5    2    3    1    0    0    0    0    0    0    0  
   0    3    0    0    0    0    4    0    0    0    1    0    5    0    2  
   3    1    0    0    0    4    0    0    0    2    0    5    0    0    0  
   2    0    0    5    0    0    3    4    0    0    0    0    1    0    0  
   0    5    0    0    2    0    3    0    0    0    0    1    0    4    0  
   0    0    0    0    0    0    0    0    2    0    3    5    1    0    4  
   0    0    1    4    0    0    0    0    5    2    0    0    0    3    0  
   0    3    4    0    0    1    0    0    0    0    2    0    5    0    0  
   0    5    0    0    0    2    0    0    0    1    3    0    4    0    0  
   0    0    0    0    0    3    4    0    5    1    0    0    0    0    2  
   4    1    0    0    0    5    0    3    0    0    2    0    0    0    0  
   0    5    0    4    2    0    3    0    0    0    0    1    0    0    0  
   0    1    0    2    0    0    0    0    0    0    4    0    3    0    5  
   0    0    0    0    0    2    0    1    0    4    3    5    0    0    0  
   0    0    0    0    4    0    0    2    3    0    0    5    0    1    0  
   4    3    0    0    0    5    0    0    1    0    0    0    0    2    0  
   0    0    1    0    0    3    4    2    0    0    5    0    0    0    0  
   0    3    0    0    5    0    0    0    0    0    0    2    0    1    4  
   0    0    5    3    2    0    0    4    0    0    1    0    0    0    0  
   4    0    2    0    5    0    0    0    0    1    0    0    0    0    3  
   2    0    4    0    0    0    5    1    0    3    0    0    0    0    0  
   0    1    0    0    2    0    0    4    0    0    0    5    3    0    0  
   1    5    0    3    0    2    0    0    0    0    4    0    0    0    0  
   1    0    0    0    0    0    2    5    0    4    0    0    0    0    3  
   0    3    5    0    0    0    0    2    0    0    0    4    0    1    0  
   0    0    0    4    0    0    5    0    0    0    2    0    0    3    1  
   0    0    1    0    3    2    4    0    0    0    0    0    5    0    0  
   0    3    4    0    0    2    0    0    5    0    0    1    0    0    0  
   3    0    4    0    0    0    0    0    0    0    0    5    0    2    1  
   4    0    0    2    1    0    0    0    3    0    0    0    0    5    0  
   0    0    0    0    0    2    0    0    1    0    0    3    4    5    0  
   5    1    3    0    0    0    0    2    0    0    0    0    0    4    0  
   0    5    0    0    0    0    0    2    3    0    4    0    0    0    1  
   0    0    0    0    0    1    4    0    2    0    3    0    5    0    0  
   2    4    0    1    0    0    0    0    0    0    0    0    3    0    5  
   4    0    0    0    0    0    1    0    2    0    0    0    3    0    5  
   4    0    0    0    0    0    0    2    0    5    0    0    1    0    3  
   0    5    0    0    0    0    2    4    0    3    0    0    0    1    0  
   0    3    0    5    0    0    0    0    1    0    2    4    0    0    0  
   0    0    5    3    0    0    0    4    0    0    0    0    2    1    0  
   5    4    0    0    3    0    2    0    0    0    0    1    0    0    0  
   3    0    4    2    0    0    0    0    0    0    0    0    1    0    5  
   0    1    0    3    0    0    0    2    0    4    0    0    0    5    0  
   2    0    0    0    0    0    3    4    0    0    5    0    1    0    0  
   0    3    0    0    1    5    0    0    2    4    0    0    0    0    0  
   1    0    3    0    0    0    0    0    0    4    2    0    0    0    5  
   0    0    5    0    0    2    0    0    0    3    0    1    4    0    0  
   0    4    5    0    0    3    0    1    0    0    0    0    0    0    2  
   0    0    0    3    0    0    0    5    0    2    0    0    0    1    4  
   0    0    0    0    2    0    0    0    5    0    1    4    0    0    3  
   0    5    0    0    3    0    1    4    0    0    0    0    2    0    0  
   0    0    1    0    0    5    3    0    0    4    2    0    0    0    0  
   0    5    1    0    0    0    2    0    3    0    4    0    0    0    0  
   4    0    0    2    0    5    0    1    3    0    0    0    0    0    0  
   0    1    0    0    0    0    4    0    5    3    0    0    2    0    0  
   5    0    0    2    0    1    4    0    0    0    0    0    0    0    3  
   0    2    5    0    4    0    0    0    1    0    0    3    0    0    0  
   4    0    0    0    1    0    0    0    3    0    0    5    2    0    0  
   2    0    0    3    0    5    0    0    1    4    0    0    0    0    0  
   0    0    0    3    0    0    2    0    0    4    1    0    0    5    0  
   5    3    0    1    2    4    0    0    0    0    0    0    0    0    0  
   0    2    0    0    3    5    0    0    0    1    4    0    0    0    0  
   0    0    0    4    2    1    0    0    0    0    0    3    5    0    0  
   0    1    0    0    0    3    0    0    0    4    2    0    0    0    5  
   0    0    0    0    4    3    0    0    0    2    0    1    0    0    5  
   1    4    0    0    5    0    0    0    0    2    0    0    0    3    0  
   0    3    5    0    0    0    4    0    0    0    1    0    0    2    0  
   0    0    0    0    0    0    4    0    5    2    0    0    0    1    3  
   0    4    3    0    0    5    1    0    0    0    0    2    0    0    0  
   0    5    0    0    0    0    0    1    3    0    0    2    4    0    0  
   0    0    0    1    2    0    0    0    0    3    0    0    4    0    5  
   0    0    0    0    3    2    1    0    4    0    5    0    0    0    0  
   3    0    1    2    0    0    0    0    0    5    0    0    0    4    0  
   3    0    0    0    0    4    5    0    0    0    1    2    0    0    0  
   0    4    0    0    5    3    0    0    0    2    0    0    1    0    0  
   0    2    5    0    0    0    3    0    0    0    4    1    0    0    0  
   5    0    2    0    0    0    0    0    3    1    4    0    0    0    0  
   0    0    0    4    0    3    2    0    0    5    0    0    1    0    0  
   0    1    3    0    0    0    0    0    4    0    2    0    0    5    0  
   2    0    0    1    0    0    0    5    0    0    3    0    0    4    0  
   0    0    0    0    4    0    3    0    2    0    1    0    5    0    0  
   0    0    4    0    0    3    5    1    0    0    0    0    0    0    2  
   1    5    0    4    3    0    0    0    0    0    0    2    0    0    0  
   4    0    0    0    1    5    0    2    0    3    0    0    0    0    0  
   3    0    0    2    0    0    1    0    0    0    0    0    4    0    5  
   1    5    0    3    0    0    0    0    2    0    0    0    4    0    0  
   4    0    0    0    5    0    0    3    0    0    1    2    0    0    0  
   0    0    2    0    5    0    4    0    0    0    1    0    3    0    0  
   5    4    1    0    0    0    0    2    0    0    0    3    0    0    0  
   0    0    1    0    0    0    0    0    5    0    3    0    2    0    4  
   2    0    0    5    0    0    0    4    0    0    1    0    0    3    0  
   0    4    0    0    0    3    0    0    5    0    0    2    0    0    1  
   0    2    0    0    0    3    5    0    0    0    0    0    0    1    4  
   0    0    0    0    0    2    0    3    5    1    0    4    0    0    0  
   2    0    1    0    0    0    4    0    0    0    3    5    0    0    0  
   0    3    1    4    0    5    0    0    0    0    2    0    0    0    0  
   0    1    4    3    0    0    0    0    0    0    5    2    0    0    0  
   0    0    0    0    0    1    0    2    4    0    0    3    5    0    0  
   3    0    0    0    0    4    5    0    0    1    2    0    0    0    0  
   0    0    0    0    0    1    0    4    2    0    5    0    3    0    0  
   0    4    0    0    0    0    0    0    3    5    1    0    2    0    0  
   0    0    2    3    5    0    1    0    4    0    0    0    0    0    0  
   0    0    0    2    0    4    0    0    0    3    5    0    0    1    0  
   5    0    0    0    0    0    0    0    0    4    0    1    0    3    2  
   0    3    0    0    0    5    0    2    4    0    0    0    0    1    0  
   0    4    0    0    3    0    0    2    1    0    0    5    0    0    0  
   0    0    0    3    0    4    5    0    0    2    1    0    0    0    0  
   5    0    0    3    0    0    0    0    1    0    0    2    4    0    0  
   0    0    0    5    0    0    4    0    1    3    2    0    0    0    0  
   0    4    2    0    0    1    0    0    0    0    5    3    0    0    0  
   0    1    0    0    4    0    0    0    0    2    0    0    0    5    3  
   0    0    2    0    0    4    0    5    0    0    3    0    1    0    0  
   0    0    0    0    2    0    0    0    4    0    1    0    0    5    3  
   1    3    0    0    0    2    4    0    0    0    0    0    0    5    0  
   0    0    2    0    1    0    0    0    0    0    0    3    4    5    0  
   0    0    0    0    0    2    0    0    0    3    5    4    0    1    0  
   0    5    0    0    2    0    0    4    0    3    0    0    0    0    1  
   0    5    0    2    0    1    0    0    0    0    4    0    3    0    0  
   0    2    0    0    0    3    0    0    0    4    0    1    5    0    0  
   0    0    0    4    0    0    1    2    0    0    0    5    0    0    3  
   3    0    4    0    0    0    1    0    0    0    0    5    0    0    2  
   0    5    0    0    0    0    2    0    0    4    0    1    0    0    3  
   0    3    0    1    0    0    0    0    0    5    2    0    4    0    0  
   0    0    0    3    0    5    0    0    0    0    0    1    4    2    0  
   0    2    0    1    5    0    0    0    0    3    0    0    0    4    0  ] 
RESERVATION PRICES : [    9    0    0    0    8   10   10    8    0    0    0    0    0    0    0  
   0   10    0    0    0    0    8    0    0    0    8    0    9    0    8  
  10   11    0    0    0   10    0    0    0   13    0   11    0    0    0  
  10    0    0   11    0    0   12   13    0    0    0    0   12    0    0  
   0   12    0    0   16    0   16    0    0    0    0   16    0   12    0  
   0    0    0    0    0    0    0    0   18    0   20   19   16    0   19  
   0    0   21   28    0    0    0    0   26   22    0    0    0   25    0  
   0   21   27    0    0   23    0    0    0    0   22    0   28    0    0  
   0   25    0    0    0   28    0    0    0   29   29    0   30    0    0  
   0    0    0    0    0   27   29    0   26   34    0    0    0    0   33  
  31   34    0    0    0   37    0   39    0    0   30    0    0    0    0  
   0   33    0   39   35    0   44    0    0    0    0   33    0    0    0  
   0   47    0   51    0    0    0    0    0    0   45    0   45    0   51  
   0    0    0    0    0   46    0   45    0   50   41   46    0    0    0  
   0    0    0    0   57    0    0   55   43    0    0   47    0   54    0  
  49   51    0    0    0   52    0    0   57    0    0    0    0   47    0  
   0    0   65    0    0   62   55   57    0    0   65    0    0    0    0  
   0   64    0    0   71    0    0    0    0    0    0   63    0   56   57  
   0    0   59   62   71    0    0   56    0    0   66    0    0    0    0  
  69    0   61    0   61    0    0    0    0   83    0    0    0    0   71  
  63    0   61    0    0    0   82   61    0   74    0    0    0    0    0  
   0   68    0    0   72    0    0   63    0    0    0   69   71    0    0  
  87   73    0   70    0   66    0    0    0    0   67    0    0    0    0  
  76    0    0    0    0    0   89   70    0   79    0    0    0    0   70  
   0   88   69    0    0    0    0   71    0    0    0   81    0   78    0  
   0    0    0   70    0    0   87    0    0    0   74    0    0   70   91  
   0    0   91    0   89   85   80    0    0    0    0    0   98    0    0  
   0   89  106    0    0   93    0    0   87    0    0   84    0    0    0  
  83    0   91    0    0    0    0    0    0    0    0  106    0  107  103  
 105    0    0  100  102    0    0    0   89    0    0    0    0   99    0  
   0    0    0    0    0   88    0    0  103    0    0   90   97   92    0  
  96  109  114    0    0    0    0  103    0    0    0    0    0  118    0  
   0  120    0    0    0    0    0   94   96    0  108    0    0    0  106  
   0    0    0    0    0  115  122    0   94    0  104    0   94    0    0  
 131  110    0  126    0    0    0    0    0    0    0    0  109    0  101  
 114    0    0    0    0    0  128    0   99    0    0    0  106    0  131  
 113    0    0    0    0    0    0  103    0  116    0    0  106    0  119  
   0  137    0    0    0    0  121  113    0  131    0    0    0  107    0  
   0  108    0  122    0    0    0    0  141    0  127  148    0    0    0  
   0    0  115  138    0    0    0  112    0    0    0    0  124  147    0  
 121  131    0    0  123    0  128    0    0    0    0  149    0    0    0  
 158    0  152  148    0    0    0    0    0    0    0    0  133    0  120  
   0  158    0  125    0    0    0  133    0  125    0    0    0  144    0  
 124    0    0    0    0    0  131  157    0    0  129    0  120    0    0  
   0  159    0    0  132  156    0    0  163  131    0    0    0    0    0  
 143    0  153    0    0    0    0    0    0  134  142    0    0    0  139  
   0    0  150    0    0  162    0    0    0  177    0  143  151    0    0  
   0  167  131    0    0  151    0  173    0    0    0    0    0    0  130  
   0    0    0  177    0    0    0  180    0  146    0    0    0  142  178  
   0    0    0    0  166    0    0    0  149    0  170  174    0    0  188  
   0  188    0    0  193    0  186  153    0    0    0    0  141    0    0  
   0    0  152    0    0  150  198    0    0  156  174    0    0    0    0  
   0  145  145    0    0    0  192    0  172    0  193    0    0    0    0  
 156    0    0  183    0  151    0  181  155    0    0    0    0    0    0  
   0  199    0    0    0    0  169    0  180  171    0    0  198    0    0  
 150    0    0  175    0  195  169    0    0    0    0    0    0    0  180  
   0  212  207    0  167    0    0    0  199    0    0  198    0    0    0  
 193    0    0    0  214    0    0    0  180    0    0  199  193    0    0  
 172    0    0  189    0  189    0    0  212  173    0    0    0    0    0  
   0    0    0  224    0    0  166    0    0  195  186    0    0  196    0  
 214  196    0  208  211  191    0    0    0    0    0    0    0    0    0  
   0  218    0    0  184  224    0    0    0  215  215    0    0    0    0  
   0    0    0  223  182  206    0    0    0    0    0  216  174    0    0  
   0  190    0    0    0  214    0    0    0  182  200    0    0    0  180  
   0    0    0    0  228  181    0    0    0  234    0  240    0    0  220  
 234  242    0    0  221    0    0    0    0  239    0    0    0  249    0  
   0  249  216    0    0    0  214    0    0    0  190    0    0  225    0  
   0    0    0    0    0    0  207    0  191  242    0    0    0  258  229  
   0  229  257    0    0  260  262    0    0    0    0  220    0    0    0  
   0  231    0    0    0    0    0  258  246    0    0  253  245    0    0  
   0    0    0  272  202    0    0    0    0  239    0    0  200    0  263  
   0    0    0    0  269  256  221    0  225    0  221    0    0    0    0  
 276    0  260  205    0    0    0    0    0  210    0    0    0  217    0  
 279    0    0    0    0  217  255    0    0    0  232  206    0    0    0  
   0  223    0    0  207  258    0    0    0  247    0    0  257    0    0  
   0  285  206    0    0    0  255    0    0    0  221  273    0    0    0  
 288    0  252    0    0    0    0    0  216  247  248    0    0    0    0  
   0    0    0  233    0  273  209    0    0  268    0    0  265    0    0  
   0  222  273    0    0    0    0    0  264    0  256    0    0  212    0  
 243    0    0  227    0    0    0  241    0    0  275    0    0  272    0  
   0    0    0    0  269    0  262    0  291    0  252    0  268    0    0  
   0    0  307    0    0  295  297  223    0    0    0    0    0    0  298  
 238  245    0  287  310    0    0    0    0    0    0  240    0    0    0  
 294    0    0    0  241  272    0  269    0  241    0    0    0    0    0  
 279    0    0  227    0    0  294    0    0    0    0    0  250    0  282  
 260  252    0  232    0    0    0    0  258    0    0    0  233    0    0  
 312    0    0    0  254    0    0  275    0    0  277  320    0    0    0  
   0    0  239    0  257    0  287    0    0    0  263    0  322    0    0  
 251  312  269    0    0    0    0  271    0    0    0  329    0    0    0  
   0    0  253    0    0    0    0    0  264    0  301    0  289    0  289  
 329    0    0  307    0    0    0  294    0    0  327    0    0  294    0  
   0  267    0    0    0  322    0    0  264    0    0  285    0    0  322  
   0  278    0    0    0  262  281    0    0    0    0    0    0  272  293  
   0    0    0    0    0  253    0  260  259  252    0  286    0    0    0  
 287    0  295    0    0    0  305    0    0    0  342  339    0    0    0  
   0  345  270  313    0  300    0    0    0    0  332    0    0    0    0  
   0  346  298  275    0    0    0    0    0    0  293  320    0    0    0  
   0    0    0    0    0  258    0  285  283    0    0  277  328    0    0  
 327    0    0    0    0  321  274    0    0  315  317    0    0    0    0  
   0    0    0    0    0  357    0  273  266    0  339    0  351    0    0  
   0  319    0    0    0    0    0    0  321  305  367    0  358    0    0  
   0    0  270  323  371    0  330    0  365    0    0    0    0    0    0  
   0    0    0  367    0  280    0    0    0  344  338    0    0  287    0  
 376    0    0    0    0    0    0    0    0  302    0  385    0  284  331  
   0  376    0    0    0  340    0  376  303    0    0    0    0  304    0  
   0  357    0    0  389    0    0  351  371    0    0  314    0    0    0  
   0    0    0  399    0  346  288    0    0  306  371    0    0    0    0  
 378    0    0  347    0    0    0    0  325    0    0  360  360    0    0  
   0    0    0  378    0    0  331    0  375  375  397    0    0    0    0  
   0  325  296    0    0  300    0    0    0    0  310  309    0    0    0  
   0  395    0    0  336    0    0    0    0  322    0    0    0  387  360  
   0    0  315    0    0  389    0  330    0    0  381    0  373    0    0  
   0    0    0    0  400    0    0    0  368    0  371    0    0  348  406  
 373  407    0    0    0  419  373    0    0    0    0    0    0  400    0  
   0    0  429    0  369    0    0    0    0    0    0  329  315  412    0  
   0    0    0    0    0  397    0    0    0  317  368  420    0  349    0  
   0  356    0    0  393    0    0  369    0  367    0    0    0    0  362  
   0  419    0  405    0  351    0    0    0    0  422    0  352    0    0  
   0  396    0    0    0  438    0    0    0  445    0  438  326    0    0  
   0    0    0  376    0    0  372  374    0    0    0  353    0    0  345  
 357    0  383    0    0    0  360    0    0    0    0  419    0    0  415  
   0  429    0    0    0    0  433    0    0  375    0  397    0    0  417  
   0  341    0  335    0    0    0    0    0  376  461    0  339    0    0  
   0    0    0  414    0  459    0    0    0    0    0  419  369  434    0  
   0  470    0  369  431    0    0    0    0  366    0    0    0  440    0  ] 
 ] 
