K : 100
I : 15
C : 20
INSTANCE : 5
PREFERENCES : [    0    0    0    0    2    5    3    0    1    0    4    0    0    0    0  
   5    4    1    0    0    0    0    0    0    0    3    0    2    0    0  
   0    0    5    4    0    0    0    0    0    0    3    0    2    1    0  
   2    0    0    4    3    0    0    0    0    1    5    0    0    0    0  
   4    0    0    0    0    0    0    2    5    0    1    0    0    3    0  
   0    0    0    5    1    0    4    3    0    0    0    0    0    2    0  
   0    0    4    0    0    2    0    0    1    0    3    0    0    0    5  
   0    0    2    0    0    5    4    0    0    3    0    0    1    0    0  
   0    2    0    0    5    0    0    4    0    0    0    0    0    1    3  
   0    2    0    3    0    0    0    0    0    1    5    0    0    0    4  
   0    3    0    4    5    2    0    0    0    1    0    0    0    0    0  
   0    0    0    0    4    1    0    5    0    0    2    0    0    3    0  
   0    3    0    2    0    0    0    1    0    4    0    5    0    0    0  
   0    0    0    3    2    0    0    0    1    0    5    0    0    0    4  
   0    0    0    0    4    0    0    0    0    0    0    5    2    3    1  
   0    2    0    3    1    0    0    0    0    0    0    4    0    5    0  
   0    0    0    0    3    5    0    4    0    2    0    1    0    0    0  
   0    0    0    0    0    5    0    0    1    0    4    0    2    3    0  
   0    0    0    0    3    0    0    0    0    1    5    2    0    0    4  
   0    0    0    0    0    1    0    0    4    3    0    0    5    2    0  
   4    0    2    0    0    0    5    0    0    0    1    0    0    0    3  
   0    4    0    1    0    0    2    0    0    5    3    0    0    0    0  
   0    0    0    2    4    1    0    5    0    0    0    0    0    0    3  
   3    0    5    0    0    0    0    1    2    0    0    0    0    0    4  
   0    0    5    0    0    0    0    0    0    3    1    0    2    0    4  
   5    0    0    0    0    0    0    0    0    2    3    1    0    4    0  
   0    3    0    0    2    0    0    0    4    5    0    0    0    0    1  
   0    2    0    0    0    3    0    0    5    4    0    0    0    1    0  
   5    0    0    0    0    0    0    0    4    3    1    2    0    0    0  
   0    0    0    0    0    4    0    0    2    0    1    0    3    0    5  
   1    0    2    0    0    0    0    0    0    0    4    5    0    3    0  
   0    2    0    1    0    3    0    5    0    0    0    0    0    4    0  
   0    2    0    4    0    0    3    1    0    0    0    0    0    5    0  
   0    0    0    0    0    4    1    0    0    0    0    0    2    5    3  
   0    0    5    0    0    0    0    0    0    4    2    3    0    0    1  
   0    0    0    0    0    0    2    0    4    1    0    5    0    0    3  
   0    3    5    0    0    4    0    1    0    0    0    2    0    0    0  
   0    0    2    4    1    0    0    0    0    0    3    0    5    0    0  
   0    0    0    0    0    0    0    2    0    1    5    3    0    0    4  
   3    0    2    0    4    0    0    0    0    0    1    0    5    0    0  
   0    0    0    0    0    1    3    4    0    0    0    0    0    5    2  
   0    0    4    3    0    2    0    5    0    1    0    0    0    0    0  
   0    2    0    4    0    0    0    0    0    1    5    0    3    0    0  
   2    0    3    1    0    0    4    5    0    0    0    0    0    0    0  
   5    0    3    0    0    0    2    0    0    4    0    0    0    0    1  
   0    0    0    0    1    0    0    0    5    0    2    0    0    3    4  
   0    0    0    5    0    4    0    2    0    0    0    0    0    3    1  
   0    0    0    0    0    2    1    5    0    0    0    3    0    4    0  
   0    0    0    1    0    3    5    4    0    0    0    0    0    2    0  
   5    0    0    0    1    0    0    4    0    0    0    2    0    3    0  
   5    0    0    2    1    0    0    0    0    0    0    0    3    0    4  
   4    0    0    0    0    5    0    2    0    3    0    0    1    0    0  
   2    0    1    4    0    0    0    0    3    0    0    0    0    5    0  
   0    0    5    0    0    0    0    3    1    0    0    4    2    0    0  
   0    0    0    3    0    0    0    1    4    5    0    2    0    0    0  
   0    0    2    0    0    0    0    5    0    0    0    1    3    0    4  
   0    3    0    0    5    0    0    0    0    1    0    0    2    4    0  
   0    0    2    4    0    0    0    0    5    3    0    0    0    1    0  
   0    0    0    0    3    4    0    0    5    1    2    0    0    0    0  
   0    5    0    0    1    0    0    0    0    0    0    4    3    0    2  
   0    0    0    3    0    0    2    0    0    4    1    5    0    0    0  
   4    0    0    5    0    0    0    1    0    0    0    0    2    0    3  
   0    0    0    0    2    0    1    0    3    4    0    0    0    5    0  
   0    0    2    0    0    5    0    0    0    0    4    0    1    3    0  
   4    0    0    1    0    5    0    0    0    0    2    0    3    0    0  
   0    1    0    0    4    0    0    2    0    0    3    0    0    5    0  
   0    0    0    1    5    0    2    4    0    0    0    0    0    0    3  
   0    5    0    0    0    0    0    3    0    0    2    4    0    0    1  
   0    0    1    3    5    0    0    0    4    0    2    0    0    0    0  
   0    0    0    0    2    0    0    0    0    4    3    0    1    0    5  
   0    0    2    4    0    0    1    0    3    0    5    0    0    0    0  
   0    0    0    0    5    4    1    3    0    0    2    0    0    0    0  
   0    0    1    0    0    0    0    0    0    3    4    0    0    5    2  
   2    0    1    0    0    0    0    0    4    0    0    5    0    0    3  
   0    0    3    0    0    1    0    0    0    0    4    0    2    0    5  
   0    0    0    0    0    5    3    0    0    4    0    1    2    0    0  
   0    4    2    3    0    0    5    1    0    0    0    0    0    0    0  
   2    5    0    0    1    0    0    3    0    0    4    0    0    0    0  
   4    0    5    0    3    0    0    0    0    0    1    2    0    0    0  
   0    0    0    0    4    2    0    0    0    1    5    3    0    0    0  
   5    0    2    4    0    0    0    1    0    0    3    0    0    0    0  
   4    0    0    1    2    0    0    0    0    0    0    0    0    3    5  
   2    0    0    0    0    0    1    5    0    4    0    0    0    0    3  
   0    0    0    1    4    3    0    0    2    0    0    0    5    0    0  
   4    0    3    0    1    0    0    0    0    5    0    2    0    0    0  
   0    0    0    3    4    0    0    0    0    2    0    0    1    0    5  
   0    0    0    0    1    0    0    0    2    5    3    4    0    0    0  
   0    0    0    2    4    0    0    0    0    5    1    3    0    0    0  
   0    0    0    0    0    4    3    0    0    2    0    0    0    1    5  
   0    5    0    0    0    0    0    2    0    0    0    3    0    1    4  
   0    0    4    0    0    0    0    5    0    1    0    3    2    0    0  
   3    0    0    1    0    0    4    0    2    0    0    0    0    5    0  
   0    0    0    0    0    0    5    1    3    0    0    0    4    0    2  
   0    0    0    0    4    1    0    0    5    0    0    0    3    2    0  
   0    0    5    2    0    1    0    0    4    0    0    0    3    0    0  
   0    0    0    0    0    0    0    5    3    0    0    1    0    4    2  
   4    3    0    0    0    0    5    0    0    0    0    0    2    0    1  
   0    0    1    0    5    0    0    0    0    4    3    2    0    0    0  
   0    0    0    5    0    0    2    1    4    0    0    0    0    3    0  
   0    0    0    5    0    1    0    0    0    0    0    2    4    3    0  ] 
RESERVATION PRICES : [    0    0    0    0    7    8    9    0    7    0    7    0    0    0    0  
  12   11   14    0    0    0    0    0    0    0   11    0   13    0    0  
   0    0   12   12    0    0    0    0    0    0   16    0   14   16    0  
  13    0    0   13   14    0    0    0    0   15   15    0    0    0    0  
  20    0    0    0    0    0    0   21   23    0   21    0    0   22    0  
   0    0    0   24   24    0   19   24    0    0    0    0    0   24    0  
   0    0   23    0    0   20    0    0   23    0   24    0    0    0   20  
   0    0   27    0    0   27   23    0    0   23    0    0   24    0    0  
   0   34    0    0   35    0    0   34    0    0    0    0    0   35   35  
   0   31    0   30    0    0    0    0    0   39   35    0    0    0   40  
   0   36    0   38   36   33    0    0    0   35    0    0    0    0    0  
   0    0    0    0   49   43    0   49    0    0   39    0    0   47    0  
   0   39    0   48    0    0    0   48    0   37    0   42    0    0    0  
   0    0    0   50   45    0    0    0   43    0   51    0    0    0   51  
   0    0    0    0   52    0    0    0    0    0    0   56   42   42   55  
   0   57    0   52   58    0    0    0    0    0    0   65    0   63    0  
   0    0    0    0   54   51    0   69    0   64    0   61    0    0    0  
   0    0    0    0    0   68    0    0   55    0   70    0   56   69    0  
   0    0    0    0   61    0    0    0    0   73   72   65    0    0   78  
   0    0    0    0    0   69    0    0   71   71    0    0   80   71    0  
  74    0   63    0    0    0   69    0    0    0   84    0    0    0   65  
   0   89    0   79    0    0   75    0    0   69   78    0    0    0    0  
   0    0    0   93   73   67    0   70    0    0    0    0    0    0   72  
  69    0   89    0    0    0    0   89   88    0    0    0    0    0   68  
   0    0   86    0    0    0    0    0    0   91   95    0   73    0   72  
  80    0    0    0    0    0    0    0    0   81   91   95    0   75    0  
   0   85    0    0   91    0    0    0  103   81    0    0    0    0   96  
   0   91    0    0    0   93    0    0  105   96    0    0    0  108    0  
  91    0    0    0    0    0    0    0  112   95  102  104    0    0    0  
   0    0    0    0    0  102    0    0  101    0   91    0  114    0  109  
  87    0  117    0    0    0    0    0    0    0   87   97    0   86    0  
   0  113    0  110    0  119    0   93    0    0    0    0    0  113    0  
   0  103    0  124    0    0  128  118    0    0    0    0    0  114    0  
   0    0    0    0    0   97  109    0    0    0    0    0  112  120  106  
   0    0  126    0    0    0    0    0    0  116  109  136    0    0  123  
   0    0    0    0    0    0  123    0  128  118    0  114    0    0  123  
   0  141  144    0    0  111    0  144    0    0    0  135    0    0    0  
   0    0  146  137  133    0    0    0    0    0  127    0  114    0    0  
   0    0    0    0    0    0    0  139    0  132  138  142    0    0  116  
 127    0  124    0  135    0    0    0    0    0  121    0  149    0    0  
   0    0    0    0    0  147  121  126    0    0    0    0    0  154  129  
   0    0  165  166    0  128    0  160    0  140    0    0    0    0    0  
   0  146    0  166    0    0    0    0    0  153  129    0  160    0    0  
 152    0  135  127    0    0  152  134    0    0    0    0    0    0    0  
 178    0  174    0    0    0  151    0    0  131    0    0    0    0  158  
   0    0    0    0  146    0    0    0  152    0  175    0    0  155  155  
   0    0    0  181    0  148    0  178    0    0    0    0    0  185  181  
   0    0    0    0    0  152  162  155    0    0    0  173    0  184    0  
   0    0    0  180    0  145  187  183    0    0    0    0    0  160    0  
 172    0    0    0  178    0    0  151    0    0    0  163    0  192    0  
 167    0    0  186  157    0    0    0    0    0    0    0  161    0  202  
 191    0    0    0    0  170    0  187    0  182    0    0  183    0    0  
 170    0  200  174    0    0    0    0  169    0    0    0    0  197    0  
   0    0  175    0    0    0    0  212  193    0    0  191  160    0    0  
   0    0    0  197    0    0    0  210  185  215    0  156    0    0    0  
   0    0  214    0    0    0    0  200    0    0    0  202  162    0  198  
   0  197    0    0  221    0    0    0    0  172    0    0  186  167    0  
   0    0  220  216    0    0    0    0  207  192    0    0    0  221    0  
   0    0    0    0  194  227    0    0  213  169  217    0    0    0    0  
   0  222    0    0  189    0    0    0    0    0    0  206  236    0  232  
   0    0    0  219    0    0  209    0    0  233  229  202    0    0    0  
 190    0    0  210    0    0    0  184    0    0    0    0  234    0  227  
   0    0    0    0  193    0  197    0  211  240    0    0    0  205    0  
   0    0  206    0    0  213    0    0    0    0  198    0  236  246    0  
 251    0    0  233    0  230    0    0    0    0  252    0  199    0    0  
   0  219    0    0  253    0    0  240    0    0  241    0    0  198    0  
   0    0    0  252  264    0  222  262    0    0    0    0    0    0  232  
   0  226    0    0    0    0    0  251    0    0  221  200    0    0  210  
   0    0  219  225  238    0    0    0  212    0  246    0    0    0    0  
   0    0    0    0  234    0    0    0    0  232  220    0  203    0  249  
   0    0  238  240    0    0  213    0  204    0  268    0    0    0    0  
   0    0    0    0  273  217  249  235    0    0  269    0    0    0    0  
   0    0  231    0    0    0    0    0    0  231  288    0    0  212  266  
 294    0  243    0    0    0    0    0  211    0    0  283    0    0  286  
   0    0  288    0    0  247    0    0    0    0  263    0  237    0  235  
   0    0    0    0    0  232  218    0    0  258    0  242  300    0    0  
   0  237  287  269    0    0  229  224    0    0    0    0    0    0    0  
 238  245    0    0  244    0    0  278    0    0  250    0    0    0    0  
 229    0  227    0  296    0    0    0    0    0  271  292    0    0    0  
   0    0    0    0  259  255    0    0    0  300  269  227    0    0    0  
 293    0  264  310    0    0    0  320    0    0  259    0    0    0    0  
 243    0    0  247  319    0    0    0    0    0    0    0    0  327  261  
 304    0    0    0    0    0  327  277    0  271    0    0    0    0  235  
   0    0    0  330  241  288    0    0  254    0    0    0  259    0    0  
 249    0  250    0  306    0    0    0    0  318    0  275    0    0    0  
   0    0    0  301  331    0    0    0    0  267    0    0  267    0  281  
   0    0    0    0  313    0    0    0  311  292  332  264    0    0    0  
   0    0    0  266  256    0    0    0    0  336  321  315    0    0    0  
   0    0    0    0    0  316  293    0    0  312    0    0    0  281  338  
   0  313    0    0    0    0    0  340    0    0    0  274    0  262  306  
   0    0  293    0    0    0    0  271    0  264    0  340  282    0    0  
 309    0    0  314    0    0  284    0  341    0    0    0    0  319    0  
   0    0    0    0    0    0  295  336  281    0    0    0  329    0  269  
   0    0    0    0  356  300    0    0  265    0    0    0  318  303    0  
   0    0  340  267    0  301    0    0  327    0    0    0  282    0    0  
   0    0    0    0    0    0    0  312  292    0    0  290    0  290  361  
 354  290    0    0    0    0  265    0    0    0    0    0  366    0  305  
   0    0  288    0  287    0    0    0    0  361  354  283    0    0    0  
   0    0    0  366    0    0  309  373  317    0    0    0    0  351    0  
   0    0    0  294    0  303    0    0    0    0    0  348  361  335    0  ] 
 ] 
