K : 150
I : 10
C : 24
INSTANCE : 1
PREFERENCES : [    0    5    1    0    0    0    2    4    3    0  
   0    5    0    1    4    0    0    3    0    2  
   1    0    3    5    0    2    0    0    4    0  
   0    0    5    0    2    4    3    0    0    1  
   4    0    0    3    5    0    1    0    0    2  
   0    3    0    5    0    2    1    0    4    0  
   3    0    5    0    4    0    0    1    0    2  
   1    0    0    0    3    0    0    4    5    2  
   4    0    1    5    3    0    0    0    0    2  
   0    0    2    5    0    0    4    3    0    1  
   0    5    0    2    1    3    0    0    0    4  
   1    4    0    0    0    2    3    0    5    0  
   1    3    0    0    5    4    2    0    0    0  
   3    0    4    0    0    5    2    1    0    0  
   0    1    0    4    5    0    2    3    0    0  
   3    0    0    5    0    2    4    0    0    1  
   1    0    2    3    4    0    0    0    5    0  
   0    4    3    1    5    0    0    2    0    0  
   0    4    0    1    5    0    0    3    0    2  
   5    1    4    0    0    0    2    0    3    0  
   0    4    2    3    0    5    0    0    0    1  
   0    4    3    0    0    5    2    0    0    1  
   0    2    3    4    5    0    0    0    1    0  
   0    0    0    0    2    0    5    1    3    4  
   1    0    0    4    0    3    5    0    0    2  
   1    0    0    0    2    0    0    5    3    4  
   5    1    2    0    0    0    3    4    0    0  
   4    0    1    5    0    0    2    3    0    0  
   0    0    2    3    1    0    0    5    0    4  
   0    4    5    0    0    0    2    3    0    1  
   2    4    0    5    0    3    1    0    0    0  
   4    0    1    2    0    0    5    3    0    0  
   0    0    0    5    4    1    2    0    0    3  
   2    4    0    3    0    0    0    0    5    1  
   2    1    3    0    0    0    0    5    4    0  
   5    0    0    1    3    2    0    4    0    0  
   0    0    0    5    3    0    4    0    1    2  
   1    2    0    0    0    0    3    0    4    5  
   0    0    0    2    0    3    4    1    5    0  
   0    0    2    0    3    1    5    0    4    0  
   0    0    0    4    3    2    0    5    1    0  
   2    0    1    0    0    5    0    0    4    3  
   3    2    0    0    0    4    1    0    0    5  
   0    0    3    5    1    0    0    0    4    2  
   2    1    0    0    0    0    5    4    3    0  
   4    5    1    0    0    0    0    2    0    3  
   0    0    4    3    1    0    0    2    0    5  
   3    0    1    0    5    0    4    2    0    0  
   1    3    0    5    0    4    0    0    0    2  
   0    4    2    0    5    0    3    0    1    0  
   0    0    0    5    0    0    2    4    1    3  
   0    1    4    0    3    0    0    5    0    2  
   5    2    4    0    0    3    1    0    0    0  
   2    0    4    0    1    0    0    5    0    3  
   5    2    1    0    4    0    3    0    0    0  
   0    0    2    4    0    3    5    0    1    0  
   0    0    0    5    3    0    0    1    2    4  
   0    3    5    0    1    2    0    0    0    4  
   0    0    3    4    0    1    0    5    2    0  
   2    3    4    0    0    1    5    0    0    0  
   0    3    0    0    1    2    5    0    0    4  
   0    3    0    0    2    0    4    1    0    5  
   0    4    0    0    3    2    5    0    1    0  
   4    0    0    0    0    5    2    3    0    1  
   0    3    2    0    5    0    4    1    0    0  
   5    2    0    4    0    1    0    0    0    3  
   5    0    1    2    4    3    0    0    0    0  
   0    5    3    0    1    0    2    0    4    0  
   2    0    0    3    5    0    4    0    1    0  
   5    1    2    0    0    0    4    3    0    0  
   0    1    0    4    0    2    0    0    3    5  
   4    3    0    0    0    5    0    0    2    1  
   3    1    0    0    5    2    0    0    0    4  
   4    0    0    0    5    3    0    0    1    2  
   2    0    0    0    1    0    4    0    3    5  
   4    0    1    0    3    0    2    0    5    0  
   0    2    1    0    5    0    3    4    0    0  
   1    0    2    0    0    4    0    3    0    5  
   0    2    0    5    0    3    0    1    4    0  
   0    0    0    0    3    0    5    2    4    1  
   0    2    0    0    3    0    5    0    1    4  
   0    5    2    4    0    0    0    0    3    1  
   0    0    3    1    2    0    4    0    5    0  
   0    2    5    0    0    4    0    0    3    1  
   2    0    4    1    5    0    0    0    3    0  
   1    0    0    2    4    0    0    5    3    0  
   0    2    0    4    1    0    0    5    0    3  
   0    3    0    0    0    4    1    5    0    2  
   1    0    2    0    5    4    0    0    3    0  
   1    3    5    2    0    0    4    0    0    0  
   0    1    0    0    0    5    0    4    2    3  
   4    0    1    2    0    3    0    0    0    5  
   0    4    1    2    0    5    0    0    3    0  
   0    5    0    3    4    0    1    2    0    0  
   2    0    4    0    0    3    1    0    0    5  
   1    0    2    0    4    0    3    5    0    0  
   0    4    2    0    0    5    1    0    3    0  
   0    0    0    0    5    0    2    4    3    1  
   1    4    2    0    3    0    0    0    5    0  
   0    5    1    0    3    0    0    2    0    4  
   5    0    2    4    0    0    1    3    0    0  
   4    0    0    2    1    0    0    3    0    5  
   0    4    5    0    3    2    0    0    1    0  
   0    3    0    2    0    1    0    5    0    4  
   3    0    1    2    0    4    0    5    0    0  
   2    1    4    3    0    5    0    0    0    0  
   0    4    2    3    0    0    0    0    5    1  
   4    5    0    2    0    0    0    1    0    3  
   0    0    3    4    0    1    0    5    0    2  
   4    5    3    1    0    0    2    0    0    0  
   2    0    4    3    0    0    5    1    0    0  
   0    0    1    4    5    3    0    0    0    2  
   0    0    0    4    0    1    5    3    0    2  
   0    0    5    0    3    0    1    4    0    2  
   0    0    4    5    0    1    3    2    0    0  
   3    5    0    0    4    0    0    1    2    0  
   0    0    0    3    0    5    0    1    2    4  
   4    0    0    0    3    0    5    1    2    0  
   0    3    0    5    0    0    4    0    1    2  
   2    0    0    3    0    1    4    5    0    0  
   0    5    1    2    0    0    0    4    3    0  
   0    0    0    2    5    1    3    0    4    0  
   1    0    3    0    0    2    0    0    5    4  
   2    0    1    0    0    0    5    3    0    4  
   1    0    5    4    0    0    2    0    0    3  
   3    1    0    0    0    2    0    0    4    5  
   3    0    5    0    4    0    1    0    0    2  
   2    0    1    0    0    0    5    4    0    3  
   1    0    5    3    0    0    2    4    0    0  
   0    0    5    0    3    1    0    0    4    2  
   0    0    4    5    0    2    0    0    1    3  
   0    5    3    1    2    4    0    0    0    0  
   5    0    0    0    0    1    2    0    4    3  
   1    0    3    0    0    0    0    2    5    4  
   0    0    2    1    0    5    3    4    0    0  
   0    4    3    2    0    1    0    0    5    0  
   0    1    0    0    0    2    0    3    4    5  
   0    0    3    0    1    5    2    4    0    0  
   0    0    1    0    4    0    5    2    3    0  
   3    4    0    0    0    2    5    1    0    0  
   5    0    0    0    2    4    0    1    3    0  
   0    2    3    0    1    4    0    0    0    5  
   0    0    0    0    0    2    3    4    1    5  
   3    0    1    0    2    4    0    5    0    0  
   1    0    2    0    3    0    5    0    4    0  
   3    1    0    0    0    4    0    2    0    5  
   0    3    0    5    4    1    2    0    0    0  
   0    4    5    3    1    0    0    0    0    2  
   0    0    4    0    0    0    1    3    5    2  
   0    5    2    1    0    0    3    0    0    4  ] 
RESERVATION PRICES : [    0   10   10    0    0    0    9    9   10    0  
   0    9    0    9    9    0    0    8    0    8  
  10    0   13   11    0   10    0    0   11    0  
   0    0   13    0   11   13   10    0    0   11  
  13    0    0   13   15    0   16    0    0   12  
   0   14    0   12    0   14   16    0   13    0  
  19    0   18    0   16    0    0   16    0   15  
  19    0    0    0   20    0    0   18   18   16  
  15    0   20   18   18    0    0    0    0   19  
   0    0   20   20    0    0   24   21    0   25  
   0   27    0   33   27   32    0    0    0   33  
  27   26    0    0    0   27   25    0   31    0  
  37   41    0    0   37   31   38    0    0    0  
  37    0   39    0    0   38   35   40    0    0  
   0   38    0   39   39    0   40   36    0    0  
  43    0    0   41    0   49   41    0    0   47  
  39    0   48   46   43    0    0    0   49    0  
   0   49   52   57   57    0    0   49    0    0  
   0   48    0   62   64    0    0   58    0   55  
  60   53   52    0    0    0   49    0   54    0  
   0   54   64   62    0   72    0    0    0   60  
   0   63   73    0    0   64   63    0    0   66  
   0   68   74   80   77    0    0    0   74    0  
   0    0    0    0   74    0   66   75   80   84  
  90    0    0   73    0   82   84    0    0   80  
  70    0    0    0   83    0    0   72   74   70  
  92   94   86    0    0    0   83   94    0    0  
  84    0   80   75    0    0   91   94    0    0  
   0    0   81   75   74    0    0   85    0   87  
   0   99   80    0    0    0  107  107    0   85  
 100  104    0  105    0   97   90    0    0    0  
 106    0   85   92    0    0   96   85    0    0  
   0    0    0   89  103  102   90    0    0   98  
 113  110    0  112    0    0    0    0  108  100  
  96  100  124    0    0    0    0  112  102    0  
 115    0    0  117  119  106    0  109    0    0  
   0    0    0   97  124    0  104    0  106   94  
 100  125    0    0    0    0  128    0   95  116  
   0    0    0  129    0   94   94  112   93    0  
   0    0  109    0  103  116  101    0  102    0  
   0    0    0  128  118  120    0  125  112    0  
 102    0  100    0    0  138    0    0  133  120  
 126  135    0    0    0  126  129    0    0  112  
   0    0  123  131  116    0    0    0  129  144  
 135  145    0    0    0    0  151  137  124    0  
 134  149  122    0    0    0    0  146    0  157  
   0    0  139  124  146    0    0  143    0  143  
 163    0  130    0  160    0  164  165    0    0  
 156  140    0  121    0  147    0    0    0  129  
   0  155  162    0  172    0  156    0  168    0  
   0    0    0  178    0    0  130  175  142  172  
   0  140  161    0  178    0    0  162    0  142  
 137  181  186    0    0  136  134    0    0    0  
 150    0  164    0  184    0    0  151    0  144  
 170  171  195    0  195    0  142    0    0    0  
   0    0  171  180    0  150  196    0  199    0  
   0    0    0  192  147    0    0  156  159  180  
   0  191  191    0  174  151    0    0    0  190  
   0    0  209  199    0  205    0  181  152    0  
 172  208  159    0    0  195  166    0    0    0  
   0  207    0    0  184  174  170    0    0  180  
   0  201    0    0  180    0  207  178    0  191  
   0  173    0    0  169  181  218    0  188    0  
 229    0    0    0    0  212  207  173    0  189  
   0  177  171    0  196    0  215  222    0    0  
 179  173    0  199    0  188    0    0    0  198  
 213    0  171  178  175  220    0    0    0    0  
   0  181  237    0  237    0  193    0  215    0  
 208    0    0  206  228    0  210    0  197    0  
 235  232  197    0    0    0  202  224    0    0  
   0  234    0  235    0  205    0    0  206  185  
 198  240    0    0    0  188    0    0  207  193  
 202  239    0    0  261  238    0    0    0  232  
 241    0    0    0  226  223    0    0  204  211  
 230    0    0    0  224    0  233    0  231  234  
 264    0  199    0  250    0  267    0  243    0  
   0  247  248    0  265    0  221  235    0    0  
 238    0  254    0    0  258    0  240    0  267  
   0  243    0  289    0  274    0  242  210    0  
   0    0    0    0  286    0  271  254  230  239  
   0  246    0    0  232    0  222    0  258  278  
   0  256  286  245    0    0    0    0  259  249  
   0    0  235  263  277    0  233    0  227    0  
   0  289  298    0    0  234    0    0  291  262  
 308    0  303  288  228    0    0    0  300    0  
 252    0    0  299  322    0    0  306  291    0  
   0  294    0  324  251    0    0  241    0  242  
   0  273    0    0    0  322  275  273    0  287  
 277    0  301    0  275  271    0    0  311    0  
 282  319  241  279    0    0  270    0    0    0  
   0  275    0    0    0  309    0  322  264  255  
 281    0  290  310    0  331    0    0    0  281  
   0  310  287  316    0  268    0    0  263    0  
   0  329    0  345  318    0  259  328    0    0  
 264    0  335    0    0  256  339    0    0  350  
 282    0  263    0  330    0  272  353    0    0  
   0  266  286    0    0  258  278    0  308    0  
   0    0    0    0  299    0  288  283  338  306  
 342  309  266    0  263    0    0    0  315    0  
   0  347  360    0  332    0    0  357    0  351  
 319    0  333  337    0    0  312  296    0    0  
 275    0    0  336  377    0    0  298    0  313  
   0  275  309    0  378  332    0    0  347    0  
   0  321    0  292    0  350    0  305    0  329  
 369    0  301  308    0  332    0  283    0    0  
 387  359  345  369    0  365    0    0    0    0  
   0  366  392  284    0    0    0    0  284  296  
 355  381    0  313    0    0    0  284    0  339  
   0    0  313  335    0  382    0  383    0  364  
 312  302  306  337    0    0  316    0    0    0  
 383    0  301  372    0    0  355  296    0    0  
   0    0  381  322  314  382    0    0    0  365  
   0    0    0  393    0  358  300  343    0  323  
   0    0  347    0  373    0  395  387    0  373  
   0    0  414  382    0  317  423  381    0    0  
 402  372    0    0  361    0    0  365  412    0  
   0    0    0  386    0  368    0  405  315  391  
 421    0    0    0  331    0  419  373  399    0  
   0  407    0  361    0    0  320    0  388  326  
 406    0    0  333    0  342  361  413    0    0  
   0  389  390  378    0    0    0  438  364    0  
   0    0    0  433  393  407  410    0  442    0  
 428    0  351    0    0  428    0    0  391  417  
 387    0  416    0    0    0  351  436    0  329  
 432    0  430  383    0    0  345    0    0  347  
 467  398    0    0    0  440    0    0  361  443  
 383    0  352    0  369    0  476    0    0  354  
 460    0  431    0    0    0  347  468    0  464  
 481    0  403  456    0    0  472  381    0    0  
   0    0  428    0  438  445    0    0  432  450  
   0    0  368  434    0  411    0    0  395  357  
   0  457  461  396  436  464    0    0    0    0  
 464    0    0    0    0  492  383    0  486  363  
 457    0  428    0    0    0    0  429  439  403  
   0    0  427  406    0  429  484  454    0    0  
   0  470  500  375    0  482    0    0  391    0  
   0  379    0    0    0  501    0  463  423  407  
   0    0  389    0  505  483  480  497    0    0  
   0    0  445    0  442    0  443  430  487    0  
 492  440    0    0    0  452  437  401    0    0  
 432    0    0    0  483  520    0  427  439    0  
   0  399  409    0  474  479    0    0    0  518  
   0    0    0    0    0  405  492  420  484  488  
 480    0  499    0  425  530    0  450    0    0  
 455    0  500    0  472    0  403    0  483    0  
 462  467    0    0    0  494    0  550    0  419  
   0  498    0  485  410  430  546    0    0    0  
   0  451  484  447  509    0    0    0    0  499  
   0    0  490    0    0    0  419  511  469  503  
   0  458  485  470    0    0  471    0    0  426  ] 
 ] 
