K : 75
I : 10
C : 8
INSTANCE : 3
PREFERENCES : [    4    0    2    0    0    3    0    5    0    1  
   3    1    5    0    0    0    0    4    2    0  
   0    2    4    1    0    0    0    0    3    5  
   0    3    5    0    4    1    0    2    0    0  
   3    1    0    2    4    0    5    0    0    0  
   4    0    3    0    0    0    2    5    1    0  
   5    1    4    0    0    0    2    0    3    0  
   1    0    0    2    4    0    0    3    5    0  
   0    3    2    5    0    0    4    0    1    0  
   0    2    0    0    0    5    3    1    0    4  
   1    0    2    5    3    4    0    0    0    0  
   4    0    2    3    0    0    1    0    0    5  
   2    5    4    1    0    0    0    3    0    0  
   0    2    3    1    0    0    5    0    4    0  
   0    0    5    4    2    0    3    1    0    0  
   2    0    0    3    0    0    1    0    4    5  
   3    0    0    0    1    2    0    5    0    4  
   4    1    0    2    5    0    0    0    3    0  
   0    2    0    0    0    1    4    3    0    5  
   2    0    3    0    1    5    0    4    0    0  
   3    0    0    0    4    0    2    5    0    1  
   0    0    1    0    5    0    0    2    3    4  
   0    1    0    0    3    0    2    5    0    4  
   0    2    4    5    1    0    0    3    0    0  
   3    0    5    0    4    0    0    1    2    0  
   3    0    0    0    4    0    2    5    1    0  
   0    5    0    4    1    0    2    0    0    3  
   0    0    0    0    1    5    4    2    0    3  
   1    2    3    0    0    0    5    0    0    4  
   0    0    3    0    4    5    0    1    2    0  
   1    0    5    4    3    0    0    2    0    0  
   5    0    0    0    1    3    2    0    0    4  
   0    0    3    0    5    0    2    4    0    1  
   4    0    3    0    0    1    5    0    2    0  
   0    3    5    0    1    2    0    0    4    0  
   5    0    4    0    2    0    0    1    0    3  
   0    5    0    1    2    0    3    0    4    0  
   3    1    5    0    0    2    0    0    4    0  
   4    0    0    0    2    0    3    1    5    0  
   0    3    2    0    4    0    5    0    0    1  
   4    0    3    2    0    0    1    0    0    5  
   3    0    0    0    0    0    2    1    4    5  
   0    3    4    1    0    0    2    0    0    5  
   0    4    3    1    0    0    2    5    0    0  
   2    1    5    4    0    3    0    0    0    0  
   3    0    5    0    0    1    0    0    4    2  
   1    0    4    0    0    0    5    0    2    3  
   2    1    5    0    0    0    0    3    0    4  
   0    0    1    4    0    2    5    0    0    3  
   3    2    0    4    1    5    0    0    0    0  
   4    0    2    0    0    1    0    5    3    0  
   3    0    0    1    0    0    4    0    2    5  
   0    0    3    1    0    5    4    2    0    0  
   0    1    0    4    2    0    0    5    0    3  
   0    0    2    0    3    0    4    5    1    0  
   0    0    5    2    0    0    0    1    4    3  
   0    3    1    0    4    5    0    2    0    0  
   1    2    0    0    3    0    4    0    0    5  
   0    4    0    1    3    0    0    5    2    0  
   0    0    0    0    0    5    2    4    1    3  
   3    4    0    0    0    5    1    0    0    2  
   1    0    3    0    5    0    2    4    0    0  
   5    0    0    0    0    0    3    4    1    2  
   0    3    0    1    4    0    0    2    0    5  
   0    0    4    0    0    1    2    3    0    5  
   0    4    0    0    2    1    0    5    3    0  
   0    4    1    0    3    0    0    2    0    5  
   0    5    0    1    0    0    3    4    2    0  
   0    5    4    2    0    0    0    3    1    0  
   2    4    0    5    0    0    0    3    1    0  
   0    2    4    5    3    0    0    0    1    0  
   2    3    1    0    0    0    0    5    4    0  
   0    0    4    3    0    5    2    0    1    0  
   0    2    0    1    5    3    4    0    0    0  
   4    0    0    3    1    0    5    2    0    0  ] 
RESERVATION PRICES : [    7    0    6    0    0    7    0    7    0    7  
   9    9    9    0    0    0    0    9   11    0  
   0   15   14   15    0    0    0    0   17   16  
   0   18   20    0   23   20    0   20    0    0  
  22   22    0   22   22    0   25    0    0    0  
  28    0   32    0    0    0   26   29   30    0  
  30   30   28    0    0    0   26    0   29    0  
  27    0    0   25   25    0    0   34   32    0  
   0   39   36   38    0    0   38    0   32    0  
   0   32    0    0    0   40   32   36    0   42  
  39    0   36   34   41   40    0    0    0    0  
  43    0   37   47    0    0   42    0    0   40  
  48   45   42   44    0    0    0   48    0    0  
   0   46   49   45    0    0   41    0   45    0  
   0    0   49   51   48    0   57   43    0    0  
  61    0    0   63    0    0   59    0   46   54  
  57    0    0    0   52   55    0   51    0   52  
  72   63    0   54   55    0    0    0   58    0  
   0   68    0    0    0   58   66   74    0   77  
  61    0   73    0   67   74    0   63    0    0  
  78    0    0    0   69    0   79   72    0   79  
   0    0   80    0   82    0    0   64   77   66  
   0   89    0    0   69    0   77   87    0   85  
   0   89   83   72   70    0    0   71    0    0  
  73    0   69    0   76    0    0   72   72    0  
  82    0    0    0  102    0  101   79   88    0  
   0   92    0  102   82    0  103    0    0   79  
   0    0    0    0  107  105   83   89    0   84  
 111   83   81    0    0    0   97    0    0  102  
   0    0  105    0  102   88    0   84  100    0  
 108    0  117  117  105    0    0  121    0    0  
 116    0    0    0   99  115   95    0    0  123  
   0    0   98    0  126    0  106   96    0  106  
 112    0  114    0    0  119  116    0  101    0  
   0  124  116    0  123  124    0    0  118    0  
 142    0  121    0  129    0    0  129    0  110  
   0  105    0  131  128    0  140    0  135    0  
 121  109  137    0    0  143    0    0  147    0  
 157    0    0    0  133    0  128  143  142    0  
   0  119  119    0  135    0  125    0    0  125  
 150    0  132  126    0    0  157    0    0  130  
 151    0    0    0    0    0  168  154  130  140  
   0  146  144  129    0    0  128    0    0  126  
   0  131  154  146    0    0  126  132    0    0  
 133  173  157  127    0  129    0    0    0    0  
 149    0  152    0    0  172    0    0  172  135  
 159    0  141    0    0    0  136    0  146  166  
 156  182  165    0    0    0    0  141    0  159  
   0    0  174  160    0  161  142    0    0  192  
 172  152    0  180  146  168    0    0    0    0  
 164    0  149    0    0  155    0  177  176    0  
 147    0    0  165    0    0  150    0  187  197  
   0    0  151  197    0  204  172  172    0    0  
   0  176    0  174  186    0    0  195    0  162  
   0    0  174    0  203    0  194  188  211    0  
   0    0  175  197    0    0    0  169  211  161  
   0  169  177    0  222  177    0  190    0    0  
 180  211    0    0  197    0  207    0    0  166  
   0  216    0  195  210    0    0  200  172    0  
   0    0    0    0    0  202  171  211  186  167  
 190  189    0    0    0  179  200    0    0  224  
 224    0  231    0  192    0  209  217    0    0  
 215    0    0    0    0    0  221  232  211  191  
   0  183    0  198  210    0    0  235    0  179  
   0    0  228    0    0  205  241  192    0  196  
   0  179    0    0  191  200    0  187  235    0  
   0  245  243    0  198    0    0  246    0  235  
   0  246    0  226    0    0  218  253  209    0  
   0  216  214  257    0    0    0  205  253    0  
 193  264    0  252    0    0    0  196  199    0  
   0  255  258  199  255    0    0    0  233    0  
 245  254  200    0    0    0    0  261  271    0  
   0    0  244  276    0  212  241    0  236    0  
   0  233    0  210  243  276  233    0    0    0  
 267    0    0  248  215    0  272  227    0    0  ] 
 ] 
