K : 100
I : 5
C : 20
INSTANCE : 5
PREFERENCES : [    0    2    3    0    1  
   3    0    2    0    1  
   0    2    0    1    3  
   0    0    3    2    1  
   0    3    0    2    1  
   1    2    0    3    0  
   2    0    1    3    0  
   3    2    0    0    1  
   0    0    2    1    3  
   3    2    1    0    0  
   2    1    0    3    0  
   2    0    0    1    3  
   0    0    1    3    2  
   3    0    1    0    2  
   0    2    0    3    1  
   1    0    0    3    2  
   0    3    1    2    0  
   0    3    2    1    0  
   1    3    2    0    0  
   2    0    0    3    1  
   0    0    1    3    2  
   3    1    0    0    2  
   2    0    3    0    1  
   3    0    1    2    0  
   2    0    0    3    1  
   3    1    0    0    2  
   3    1    2    0    0  
   2    0    0    1    3  
   0    3    1    2    0  
   0    1    2    0    3  
   3    0    2    0    1  
   1    2    0    3    0  
   0    3    1    2    0  
   0    2    0    3    1  
   0    1    0    2    3  
   3    2    0    1    0  
   0    3    2    0    1  
   2    0    3    1    0  
   0    0    2    3    1  
   1    3    2    0    0  
   1    0    0    2    3  
   2    0    1    0    3  
   1    0    2    3    0  
   0    3    2    1    0  
   1    3    2    0    0  
   2    1    0    0    3  
   0    0    2    3    1  
   0    3    0    2    1  
   2    0    1    0    3  
   0    3    2    1    0  
   1    0    2    3    0  
   0    2    1    3    0  
   2    3    0    0    1  
   3    0    0    1    2  
   0    2    0    3    1  
   3    1    0    2    0  
   3    1    0    2    0  
   1    0    3    0    2  
   2    0    0    1    3  
   0    3    2    0    1  
   1    3    0    0    2  
   0    0    1    3    2  
   0    0    2    3    1  
   0    0    3    1    2  
   3    0    0    1    2  
   0    3    1    0    2  
   2    0    0    3    1  
   0    2    1    3    0  
   2    0    3    0    1  
   0    3    1    2    0  
   0    3    2    1    0  
   2    3    0    0    1  
   3    2    0    1    0  
   2    0    0    1    3  
   0    3    2    0    1  
   2    3    0    1    0  
   1    0    0    2    3  
   3    0    2    1    0  
   3    0    1    0    2  
   3    0    2    1    0  
   0    0    2    1    3  
   0    3    0    1    2  
   1    0    2    3    0  
   1    3    0    2    0  
   0    3    2    1    0  
   0    1    2    3    0  
   0    3    1    0    2  
   0    0    2    3    1  
   3    1    0    0    2  
   2    0    1    3    0  
   1    0    0    3    2  
   0    1    3    0    2  
   2    0    0    1    3  
   2    3    0    1    0  
   3    2    0    1    0  
   3    0    2    0    1  
   0    0    2    1    3  
   3    2    0    0    1  
   3    0    0    1    2  
   3    0    0    1    2  ] 
RESERVATION PRICES : [    0    5    5    0    5  
   6    0    6    0    6  
   0   10    0   10   12  
   0    0   17   15   13  
   0   17    0   17   16  
  19   16    0   16    0  
  23    0   23   20    0  
  31   27    0    0   27  
   0    0   32   28   24  
  28   31   26    0    0  
  39   40    0   36    0  
  45    0    0   36   40  
   0    0   44   41   43  
  50    0   53    0   45  
   0   45    0   55   45  
  51    0    0   54   65  
   0   60   67   62    0  
   0   58   64   68    0  
  75   71   56    0    0  
  75    0    0   61   63  
   0    0   68   79   70  
  61   81    0    0   72  
  64    0   77    0   85  
  80    0   70   79    0  
  83    0    0   75   81  
  73   77    0    0   84  
  96   92   83    0    0  
 100    0    0   80   88  
   0   97   94   84    0  
   0  122   89    0   95  
 120    0   92    0  106  
 125  117    0   90    0  
   0   93  112  128    0  
   0  125    0  121  125  
   0  108    0  123  135  
 118  130    0  105    0  
   0  112  127    0  117  
 111    0  119  139    0  
   0    0  142  128  129  
 129  117  146    0    0  
 137    0    0  114  150  
 146    0  150    0  127  
 140    0  149  156    0  
   0  158  163  140    0  
 140  129  146    0    0  
 147  162    0    0  174  
   0    0  130  152  140  
   0  146    0  130  170  
 134    0  135    0  186  
   0  146  170  176    0  
 168    0  167  145    0  
   0  171  182  160    0  
 149  144    0    0  185  
 200    0    0  181  160  
   0  184    0  153  154  
 173  194    0  191    0  
 159  160    0  197    0  
 176    0  179    0  165  
 182    0    0  207  163  
   0  182  226    0  165  
 223  190    0    0  209  
   0    0  225  188  200  
   0    0  178  184  220  
   0    0  224  218  193  
 213    0    0  194  196  
   0  229  179    0  222  
 228    0    0  248  213  
   0  222  246  229    0  
 227    0  254    0  244  
   0  199  192  211    0  
   0  219  244  224    0  
 208  215    0    0  244  
 258  246    0  215    0  
 278    0    0  219  212  
   0  235  247    0  221  
 253  247    0  249    0  
 291    0    0  270  238  
 215    0  243  220    0  
 297    0  224    0  276  
 234    0  296  232    0  
   0    0  302  245  271  
   0  300    0  237  243  
 255    0  303  241    0  
 251  274    0  278    0  
   0  296  287  225    0  
   0  293  278  272    0  
   0  301  305    0  274  
   0    0  253  241  324  
 248  331    0    0  290  
 240    0  327  329    0  
 245    0    0  336  330  
   0  257  311    0  344  
 279    0    0  309  279  
 274  291    0  308    0  
 281  255    0  323    0  
 269    0  289    0  262  
   0    0  329  340  265  
 338  334    0    0  357  
 294    0    0  309  275  
 359    0    0  299  306  ] 
 ] 
