K : 150
I : 10
C : 30
INSTANCE : 4
PREFERENCES : [    3    0    5    0    2    1    0    0    4    0  
   2    0    0    3    1    0    0    0    4    5  
   2    3    0    4    0    1    5    0    0    0  
   4    2    1    0    0    0    0    0    5    3  
   2    4    0    1    3    5    0    0    0    0  
   1    0    3    4    0    5    0    2    0    0  
   2    0    0    1    0    4    0    3    5    0  
   0    5    2    0    4    3    0    0    1    0  
   0    5    4    1    0    2    0    0    3    0  
   0    0    0    5    4    3    2    0    1    0  
   0    0    4    3    5    0    1    0    0    2  
   0    3    0    0    0    5    0    2    1    4  
   4    1    5    0    3    0    0    2    0    0  
   2    4    1    0    0    0    5    3    0    0  
   0    0    0    0    5    4    2    1    0    3  
   3    4    0    0    0    2    1    5    0    0  
   1    0    0    0    0    2    0    3    5    4  
   1    0    5    0    0    0    4    0    2    3  
   1    0    5    0    0    3    0    4    0    2  
   2    0    3    5    4    0    1    0    0    0  
   2    3    0    0    5    0    4    0    1    0  
   5    3    1    0    0    0    2    4    0    0  
   3    0    0    0    4    0    2    5    1    0  
   1    0    0    5    2    3    4    0    0    0  
   2    0    3    4    0    1    5    0    0    0  
   2    0    0    0    1    5    0    3    0    4  
   0    0    5    0    2    0    1    4    3    0  
   4    0    5    0    2    1    0    0    3    0  
   0    4    5    3    2    1    0    0    0    0  
   4    0    1    3    2    0    0    5    0    0  
   0    4    0    1    2    3    0    0    0    5  
   0    0    2    0    0    1    4    0    3    5  
   1    0    3    0    2    0    0    5    4    0  
   3    0    5    0    4    0    0    2    1    0  
   2    4    1    0    0    3    0    0    5    0  
   0    0    3    4    0    5    2    0    0    1  
   5    0    1    3    2    4    0    0    0    0  
   0    0    1    3    0    4    2    5    0    0  
   1    3    0    0    0    4    2    0    5    0  
   5    2    0    0    4    0    0    1    3    0  
   0    2    4    0    0    0    5    3    0    1  
   2    0    0    1    4    3    0    0    5    0  
   0    5    0    2    1    0    0    3    0    4  
   0    1    3    4    0    0    5    0    0    2  
   3    0    1    5    0    2    4    0    0    0  
   3    0    0    2    1    0    0    0    5    4  
   0    3    2    5    4    0    0    0    0    1  
   3    0    1    0    4    2    0    0    0    5  
   0    3    4    0    0    1    2    0    0    5  
   0    0    3    0    2    5    0    4    1    0  
   0    3    2    0    4    0    5    0    1    0  
   4    0    3    2    0    0    5    0    1    0  
   0    1    3    4    5    0    0    0    0    2  
   2    5    0    0    3    0    4    0    1    0  
   0    0    2    4    0    0    0    5    3    1  
   0    0    0    0    0    3    4    2    1    5  
   0    4    1    3    0    0    5    0    2    0  
   0    0    0    3    0    0    1    5    4    2  
   0    0    0    0    4    5    1    2    3    0  
   0    0    0    4    2    5    3    0    0    1  
   1    0    4    2    0    0    0    0    5    3  
   0    4    3    0    0    5    0    2    0    1  
   1    5    2    0    0    3    4    0    0    0  
   3    4    5    2    0    1    0    0    0    0  
   0    5    3    0    0    4    1    2    0    0  
   3    1    5    0    2    0    0    4    0    0  
   0    0    0    1    0    4    5    2    3    0  
   4    0    0    0    5    3    0    2    0    1  
   0    2    0    3    1    0    4    0    0    5  
   0    0    4    0    3    0    2    5    0    1  
   5    0    3    0    0    1    4    0    0    2  
   1    2    0    0    0    4    0    3    5    0  
   3    0    0    1    0    0    2    5    4    0  
   1    0    0    0    0    0    4    3    2    5  
   0    0    1    0    5    0    3    0    2    4  
   3    0    0    0    1    5    2    4    0    0  
   0    3    0    1    0    0    5    0    4    2  
   2    0    1    0    5    0    4    3    0    0  
   0    0    5    2    0    1    0    3    0    4  
   5    0    1    3    0    0    4    0    2    0  
   0    0    0    1    5    0    4    2    3    0  
   1    0    0    0    3    0    5    0    4    2  
   0    1    3    5    0    0    0    0    2    4  
   4    1    0    3    0    5    0    2    0    0  
   0    3    0    4    0    0    5    0    2    1  
   4    0    0    2    0    0    3    1    0    5  
   5    3    0    4    0    0    0    1    0    2  
   0    4    0    0    5    0    3    1    2    0  
   0    0    0    2    3    4    1    5    0    0  
   0    5    0    2    0    4    3    0    1    0  
   1    0    0    5    3    0    2    0    4    0  
   0    4    0    3    5    2    0    0    0    1  
   0    1    5    0    0    0    4    3    2    0  
   0    5    0    3    0    2    0    1    4    0  
   5    0    0    4    2    0    3    0    0    1  
   5    2    3    0    0    0    1    4    0    0  
   5    1    0    2    3    4    0    0    0    0  
   0    0    1    5    3    0    0    4    0    2  
   0    2    0    4    1    3    5    0    0    0  
   0    2    0    1    0    5    4    0    3    0  
   0    2    1    0    0    0    0    3    4    5  
   0    0    0    0    5    4    0    1    2    3  
   0    1    0    4    0    2    3    5    0    0  
   0    0    4    2    0    3    0    0    1    5  
   3    1    5    2    0    0    0    4    0    0  
   3    5    0    0    0    1    0    0    4    2  
   0    3    0    0    5    1    2    0    0    4  
   0    0    4    0    5    2    1    3    0    0  
   3    0    1    5    2    0    0    0    4    0  
   5    3    1    2    0    0    4    0    0    0  
   4    0    0    1    0    3    0    2    5    0  
   0    4    0    0    5    2    1    0    0    3  
   0    1    0    4    0    0    0    2    3    5  
   0    2    0    0    0    4    1    0    3    5  
   5    2    1    0    0    0    0    3    0    4  
   0    0    3    5    4    2    1    0    0    0  
   5    0    0    2    4    1    3    0    0    0  
   5    0    0    0    3    0    0    2    1    4  
   0    0    0    0    4    5    3    0    1    2  
   0    1    0    4    0    0    5    0    2    3  
   2    1    4    0    0    5    3    0    0    0  
   4    0    0    1    0    3    5    0    2    0  
   0    5    0    3    1    0    0    4    2    0  
   3    5    0    0    0    1    0    4    0    2  
   0    0    0    3    0    4    0    5    1    2  
   5    0    3    4    1    0    0    0    2    0  
   0    4    0    2    0    0    5    0    1    3  
   4    0    0    0    3    1    0    2    5    0  
   4    0    0    0    2    0    5    1    3    0  
   5    0    0    1    0    4    0    3    0    2  
   5    0    1    0    2    0    3    4    0    0  
   0    0    4    2    5    0    1    0    3    0  
   0    5    4    1    0    3    2    0    0    0  
   5    0    0    0    2    0    4    3    0    1  
   3    0    1    5    0    2    4    0    0    0  
   4    0    0    0    5    1    3    0    0    2  
   3    0    2    5    1    4    0    0    0    0  
   0    0    0    1    2    5    0    0    4    3  
   0    0    2    0    1    3    4    0    5    0  
   5    0    0    0    4    0    0    1    2    3  
   0    2    3    4    0    0    0    5    1    0  
   4    2    0    0    0    5    3    0    1    0  
   0    2    0    0    0    3    4    0    5    1  
   4    5    0    3    0    2    0    1    0    0  
   3    0    0    0    2    0    1    5    4    0  
   2    5    0    4    0    0    3    1    0    0  
   0    4    2    0    1    0    3    0    5    0  
   0    5    4    1    0    3    0    0    0    2  
   4    0    0    0    3    5    1    2    0    0  
   0    0    1    3    0    2    5    0    0    4  ] 
RESERVATION PRICES : [    6    0    5    0    6    6    0    0    6    0  
  12    0    0    9   11    0    0    0   11   12  
  15   18    0   16    0   14   15    0    0    0  
  16   17   19    0    0    0    0    0   15   16  
  20   23    0   20   22   24    0    0    0    0  
  27    0   29   28    0   28    0   23    0    0  
  30    0    0   33    0   35    0   33   27    0  
   0   34   30    0   29   36    0    0   37    0  
   0   33   42   40    0   45    0    0   45    0  
   0    0    0   42   37   42   38    0   42    0  
   0    0   56   50   47    0   49    0    0   41  
   0   55    0    0    0   54    0   53   50   43  
  49   51   53    0   51    0    0   54    0    0  
  60   66   66    0    0    0   66   69    0    0  
   0    0    0    0   61   61   75   64    0   66  
  72   62    0    0    0   71   72   67    0    0  
  73    0    0    0    0   66    0   64   76   72  
  71    0   76    0    0    0   81    0   74   83  
  84    0   71    0    0   68    0   82    0   77  
  94    0   72   70   79    0   71    0    0    0  
  97   79    0    0   84    0   74    0   71    0  
  93   90   82    0    0    0   79   94    0    0  
 100    0    0    0  102    0   88   79  106    0  
  87    0    0   87   78   89   79    0    0    0  
  93    0  106  103    0   99   94    0    0    0  
  85    0    0    0   94  105    0  102    0  103  
   0    0  111    0   89    0   92  109   93    0  
 105    0  115    0  100   93    0    0   98    0  
   0  112  112  122  103   93    0    0    0    0  
 118    0  120  106  134    0    0  116    0    0  
   0  118    0  125  121  113    0    0    0  109  
   0    0  134    0    0  126  144    0  134  121  
 118    0  115    0  133    0    0  147  133    0  
 146    0  138    0  109    0    0  117  113    0  
 128  152  135    0    0  115    0    0  111    0  
   0    0  130  125    0  145  124    0    0  149  
 115    0  144  149  123  152    0    0    0    0  
   0    0  120  118    0  154  127  135    0    0  
 130  161    0    0    0  159  146    0  152    0  
 126  139    0    0  149    0    0  167  124    0  
   0  146  141    0    0    0  144  129    0  147  
 130    0    0  149  138  144    0    0  123    0  
   0  134    0  141  137    0    0  132    0  144  
   0  169  165  176    0    0  159    0    0  137  
 136    0  157  172    0  133  155    0    0    0  
 185    0    0  157  154    0    0    0  155  147  
   0  175  150  179  151    0    0    0    0  179  
 186    0  185    0  180  152    0    0    0  156  
   0  199  146    0    0  176  156    0    0  159  
   0    0  184    0  155  199    0  150  167    0  
   0  209  186    0  164    0  154    0  169    0  
 195    0  207  172    0    0  195    0  190    0  
   0  171  183  205  214    0    0    0    0  193  
 175  214    0    0  201    0  159    0  170    0  
   0    0  218  181    0    0    0  173  223  211  
   0    0    0    0    0  198  210  174  181  206  
   0  208  223  180    0    0  167    0  167    0  
   0    0    0  213    0    0  198  173  184  179  
   0    0    0    0  177  228  228  173  181    0  
   0    0    0  178  222  225  206    0    0  227  
 186    0  194  192    0    0    0    0  198  233  
   0  246  216    0    0  185    0  202    0  195  
 248  195  237    0    0  240  202    0    0    0  
 200  217  255  199    0  199    0    0    0    0  
   0  221  249    0    0  223  229  248    0    0  
 196  212  209    0  255    0    0  251    0    0  
   0    0    0  220    0  259  206  237  219    0  
 263    0    0    0  208  258    0  220    0  220  
   0  247    0  208  261    0  264    0    0  201  
   0    0  267    0  267    0  263  262    0  215  
 262    0  256    0    0  255  217    0    0  205  
 236  278    0    0    0  214    0  278  221    0  
 233    0    0  240    0    0  255  253  275    0  
 235    0    0    0    0    0  259  237  246  247  
   0    0  241    0  227    0  291    0  246  296  
 276    0    0    0  225  230  286  303    0    0  
   0  290    0  310    0    0  238    0  241  232  
 305    0  250    0  277    0  258  289    0    0  
   0    0  233  287    0  317    0  273    0  252  
 237    0  314  299    0    0  266    0  243    0  
   0    0    0  292  285    0  245  241  249    0  
 285    0    0    0  255    0  286    0  267  268  
   0  244  284  256    0    0    0    0  249  288  
 292  294    0  320    0  256    0  275    0    0  
   0  334    0  294    0    0  260    0  271  284  
 331    0    0  253    0    0  338  321    0  327  
 280  294    0  270    0    0    0  268    0  263  
   0  346    0    0  329    0  267  290  343    0  
   0    0    0  322  263  294  295  302    0    0  
   0  339    0  346    0  344  316    0  318    0  
 296    0    0  318  353    0  319    0  266    0  
   0  306    0  306  286  312    0    0    0  292  
   0  359  348    0    0    0  304  330  271    0  
   0  357    0  350    0  276    0  357  345    0  
 271    0    0  357  298    0  302    0    0  271  
 332  307  273    0    0    0  292  321    0    0  
 345  311    0  284  368  280    0    0    0    0  
   0    0  302  335  274    0    0  321    0  332  
   0  327    0  380  331  328  324    0    0    0  
   0  376    0  325    0  363  304    0  346    0  
   0  296  394    0    0    0    0  388  326  305  
   0    0    0    0  299  375    0  357  390  397  
   0  381    0  312    0  339  368  346    0    0  
   0    0  304  359    0  314    0    0  340  374  
 347  406  401  382    0    0    0  351    0    0  
 326  308    0    0    0  360    0    0  385  389  
   0  357    0    0  331  384  318    0    0  404  
   0    0  407    0  354  388  405  303    0    0  
 411    0  308  394  306    0    0    0  308    0  
 417  308  402  315    0    0  325    0    0    0  
 401    0    0  323    0  375    0  368  370    0  
   0  319    0    0  394  390  314    0    0  369  
   0  367    0  399    0    0    0  363  394  343  
   0  313    0    0    0  338  331    0  393  345  
 322  393  341    0    0    0    0  417    0  313  
   0    0  397  364  376  403  381    0    0    0  
 363    0    0  434  403  391  404    0    0    0  
 374    0    0    0  327    0    0  399  368  349  
   0    0    0    0  393  336  325    0  363  412  
   0  376    0  422    0    0  368    0  421  374  
 417  396  408    0    0  378  441    0    0    0  
 408    0    0  394    0  370  385    0  397    0  
   0  410    0  451  459    0    0  367  426    0  
 348  436    0    0    0  423    0  475    0  410  
   0    0    0  416    0  360    0  409  432  443  
 422    0  463  348  416    0    0    0  437    0  
   0  449    0  452    0    0  417    0  470  463  
 422    0    0    0  360  378    0  360  455    0  
 468    0    0    0  373    0  454  404  365    0  
 450    0    0  390    0  364    0  469    0  453  
 384    0  463    0  357    0  387  373    0    0  
   0    0  428  458  482    0  456    0  494    0  
   0  471  500  358    0  455  393    0    0    0  
 363    0    0    0  396    0  425  386    0  390  
 460    0  509  386    0  371  384    0    0    0  
 398    0    0    0  445  375  371    0    0  429  
 486    0  410  437  379  445    0    0    0    0  
   0    0    0  385  393  422    0    0  388  478  
   0    0  385    0  472  481  488    0  439    0  
 411    0    0    0  473    0    0  413  404  418  
   0  449  479  502    0    0    0  502  399    0  
 459  410    0    0    0  481  387    0  507    0  
   0  416    0    0    0  444  501    0  453  429  
 426  443    0  417    0  386    0  506    0    0  
 389    0    0    0  401    0  418  433  462    0  
 493  446    0  479    0    0  491  506    0    0  
   0  415  421    0  510    0  517    0  457    0  
   0  425  408  401    0  489    0    0    0  530  
 418    0    0    0  446  400  419  498    0    0  
   0    0  561  467    0  508  489    0    0  420  ] 
 ] 
