K : 150
I : 15
C : 6
INSTANCE : 4
PREFERENCES : [    2    0    5    0    3    0    0    0    0    0    1    0    4    0    0  
   0    0    2    0    0    3    0    0    0    4    0    5    0    0    1  
   5    0    0    0    0    0    1    4    0    3    0    0    2    0    0  
   0    0    0    4    0    0    2    5    1    0    3    0    0    0    0  
   0    0    0    0    0    5    0    4    3    2    0    0    1    0    0  
   2    0    0    3    0    1    0    0    4    0    5    0    0    0    0  
   4    0    0    0    0    0    3    1    5    0    0    0    0    0    2  
   0    5    0    0    1    4    0    0    2    0    0    0    0    0    3  
   0    2    0    0    0    4    1    5    0    0    0    0    3    0    0  
   1    0    0    0    0    5    4    0    2    0    0    3    0    0    0  
   0    0    0    1    0    2    0    0    0    0    5    0    0    4    3  
   1    0    0    0    4    0    0    0    0    0    3    0    0    2    5  
   0    2    0    0    4    0    0    3    0    0    0    1    0    5    0  
   0    0    2    0    4    0    0    5    3    0    0    1    0    0    0  
   5    4    0    2    0    0    0    0    1    0    3    0    0    0    0  
   0    0    0    0    0    0    0    0    2    0    0    4    1    5    3  
   2    0    4    0    1    0    0    3    0    0    0    0    5    0    0  
   0    2    0    0    0    3    5    0    0    0    0    0    4    1    0  
   1    0    4    5    0    3    2    0    0    0    0    0    0    0    0  
   1    5    0    4    0    0    0    3    0    0    0    2    0    0    0  
   2    0    0    0    0    4    5    1    0    0    0    0    0    0    3  
   4    0    5    2    0    0    0    3    0    0    0    0    0    0    1  
   5    0    2    0    0    0    4    0    0    3    0    1    0    0    0  
   2    0    4    0    1    0    3    0    0    0    0    0    0    0    5  
   0    3    0    0    0    0    2    1    4    0    0    0    5    0    0  
   0    3    0    0    0    1    0    2    0    0    4    0    0    0    5  
   3    4    5    0    0    0    0    1    0    0    0    2    0    0    0  
   1    0    0    0    0    0    0    0    0    3    5    0    4    2    0  
   0    0    0    1    4    5    0    0    0    0    3    0    0    2    0  
   0    1    0    3    0    0    4    2    5    0    0    0    0    0    0  
   4    0    0    0    0    0    0    0    2    0    1    0    0    5    3  
   0    0    2    0    0    0    0    1    0    0    0    3    4    5    0  
   0    0    5    2    0    4    1    0    0    0    0    3    0    0    0  
   0    2    0    0    0    3    1    0    0    0    0    4    5    0    0  
   0    0    0    5    1    2    0    0    0    0    0    0    4    0    3  
   0    0    0    0    0    0    3    2    0    0    0    4    5    1    0  
   0    0    4    1    0    0    0    3    0    2    0    0    5    0    0  
   0    0    0    2    4    0    0    0    0    0    3    5    1    0    0  
   5    0    4    3    0    0    0    0    0    0    0    1    0    0    2  
   0    4    0    0    0    2    0    0    0    5    1    0    0    3    0  
   0    0    0    2    0    0    0    3    0    0    4    0    0    5    1  
   5    3    4    0    0    0    1    0    0    0    0    0    0    0    2  
   0    0    0    4    5    2    0    0    0    1    3    0    0    0    0  
   0    0    5    3    0    0    1    0    2    0    4    0    0    0    0  
   4    0    0    0    0    0    0    0    5    2    0    0    0    1    3  
   1    0    2    5    0    0    0    4    0    0    0    0    0    3    0  
   0    0    0    0    0    2    0    3    0    4    0    0    0    5    1  
   0    0    0    1    3    0    0    0    0    4    5    0    2    0    0  
   0    0    2    0    1    3    0    0    0    4    0    0    0    0    5  
   0    4    2    0    0    0    0    0    0    0    1    0    0    3    5  
   0    2    1    3    0    4    0    0    5    0    0    0    0    0    0  
   4    0    1    0    0    0    0    0    0    0    0    2    3    5    0  
   0    2    0    3    0    0    0    1    0    0    0    0    4    0    5  
   2    0    0    3    4    1    0    0    0    0    0    0    0    5    0  
   0    0    1    0    0    0    3    5    0    0    4    0    0    2    0  
   0    0    0    0    0    0    0    1    2    5    0    0    0    4    3  
   0    0    0    0    0    5    3    2    1    4    0    0    0    0    0  
   0    4    0    2    0    0    0    0    5    0    0    0    3    0    1  
   5    0    0    3    0    0    0    0    0    0    0    2    0    1    4  
   1    0    0    0    0    0    0    2    4    0    3    5    0    0    0  
   0    4    5    0    0    0    1    0    0    0    0    0    3    0    2  
   0    0    0    0    0    0    2    3    1    5    4    0    0    0    0  
   2    1    0    0    0    0    0    0    5    4    0    0    0    0    3  
   0    0    3    0    0    0    1    2    5    0    0    0    0    4    0  
   0    3    0    2    0    0    0    0    5    1    0    0    0    4    0  
   0    1    0    0    2    0    0    3    0    4    0    5    0    0    0  
   0    0    2    0    0    0    3    5    0    4    1    0    0    0    0  
   0    0    1    0    0    0    0    2    4    0    3    0    0    0    5  
   0    0    5    0    0    3    1    4    2    0    0    0    0    0    0  
   0    5    4    0    3    0    0    2    0    0    0    1    0    0    0  
   1    0    3    0    0    0    0    0    0    4    2    0    5    0    0  
   0    0    0    4    0    1    0    0    2    0    0    0    0    5    3  
   0    3    0    0    1    0    4    0    0    0    0    5    0    2    0  
   0    0    4    5    0    0    0    0    0    0    1    2    0    0    3  
   0    2    5    0    3    0    0    0    0    0    1    4    0    0    0  
   0    0    0    4    0    0    5    0    2    3    0    0    0    1    0  
   0    0    0    0    0    0    0    5    3    1    2    0    0    4    0  
   0    0    0    0    1    0    0    5    4    0    2    0    0    3    0  
   0    0    4    0    0    0    2    5    0    0    0    3    0    0    1  
   5    1    0    0    0    0    0    0    4    2    0    0    0    0    3  
   1    2    0    0    0    0    0    4    0    0    3    0    0    5    0  
   0    0    1    0    0    0    0    3    0    2    4    5    0    0    0  
   3    0    0    0    1    0    0    0    0    0    0    2    5    0    4  
   0    1    0    0    2    0    0    0    0    0    4    0    0    3    5  
   3    0    1    5    0    0    2    0    0    0    0    4    0    0    0  
   0    0    0    2    0    0    4    0    0    0    1    5    0    3    0  
   5    0    2    0    0    0    0    0    4    0    0    0    1    3    0  
   0    0    0    1    0    0    0    0    0    5    0    0    4    3    2  
   3    5    1    0    0    4    0    0    0    2    0    0    0    0    0  
   2    0    0    0    4    0    3    1    0    0    0    5    0    0    0  
   0    4    0    0    3    0    0    2    0    0    0    0    0    5    1  
   0    0    3    0    0    2    0    0    0    1    0    5    0    0    4  
   5    0    2    4    0    0    3    0    0    0    0    1    0    0    0  
   0    1    0    0    0    0    3    0    4    0    5    0    0    2    0  
   0    0    0    0    4    0    5    0    0    0    3    0    0    2    1  
   0    0    0    0    0    4    0    1    0    0    5    0    2    0    3  
   0    0    4    0    0    3    0    5    0    0    2    0    0    0    1  
   4    1    0    0    0    0    0    0    0    3    0    0    5    0    2  
   0    0    0    0    4    1    0    0    0    0    0    0    3    2    5  
   0    0    5    2    0    1    0    0    0    0    0    3    0    4    0  
   0    0    0    5    0    0    1    0    0    0    0    2    3    0    4  
   3    0    5    0    0    0    0    1    0    0    2    0    4    0    0  
   0    3    1    4    0    0    0    2    0    0    0    0    0    5    0  
   0    4    2    0    0    1    0    0    5    0    0    3    0    0    0  
   0    0    0    0    2    3    0    0    0    5    0    4    0    1    0  
   0    3    0    2    0    0    5    0    0    0    0    4    0    1    0  
   4    0    0    0    0    0    1    0    0    3    0    0    2    5    0  
   2    4    0    0    5    0    0    0    1    3    0    0    0    0    0  
   0    5    0    3    1    2    4    0    0    0    0    0    0    0    0  
   0    0    0    0    1    5    0    4    0    0    2    0    3    0    0  
   2    0    0    0    0    0    4    5    0    3    0    0    0    1    0  
   5    4    2    0    0    1    0    0    0    0    3    0    0    0    0  
   0    2    0    5    0    0    3    1    0    0    0    4    0    0    0  
   0    3    0    4    0    0    0    5    0    0    0    1    2    0    0  
   2    0    0    0    0    0    1    0    3    0    4    0    5    0    0  
   5    2    1    0    0    3    0    0    0    0    0    0    0    4    0  
   2    0    5    0    0    0    0    0    0    1    0    0    0    4    3  
   1    0    4    2    3    0    0    0    0    0    0    5    0    0    0  
   1    0    0    0    4    5    0    2    0    0    0    0    0    3    0  
   0    0    5    1    0    0    0    3    0    4    0    0    2    0    0  
   4    0    0    3    0    0    0    0    0    0    5    0    2    0    1  
   0    0    4    3    0    1    0    0    5    0    0    0    0    0    2  
   0    2    0    0    0    4    0    1    5    0    0    0    0    0    3  
   0    2    5    1    0    0    0    0    4    3    0    0    0    0    0  
   3    0    0    0    1    2    0    0    0    4    0    5    0    0    0  
   0    4    1    5    0    0    0    0    0    0    0    2    0    0    3  
   0    5    4    0    0    0    0    0    1    0    0    0    3    2    0  
   3    0    0    4    0    1    0    2    0    0    5    0    0    0    0  
   0    0    5    0    0    0    0    0    3    4    2    0    1    0    0  
   2    0    0    0    4    0    0    1    0    5    0    0    0    3    0  
   0    0    1    0    0    3    2    0    4    5    0    0    0    0    0  
   0    0    0    3    4    0    0    0    0    0    0    1    0    2    5  
   0    0    0    3    0    2    5    0    4    0    0    0    0    0    1  
   1    0    2    0    0    0    0    0    0    0    4    5    0    3    0  
   3    0    4    0    5    0    1    0    0    2    0    0    0    0    0  
   0    0    0    0    0    5    2    0    1    4    3    0    0    0    0  
   0    2    1    0    0    0    5    0    0    3    0    0    4    0    0  
   5    0    0    0    4    0    0    0    0    0    0    3    2    0    1  
   3    0    0    0    0    2    0    0    1    0    0    5    0    0    4  
   4    0    0    0    3    0    1    5    0    0    2    0    0    0    0  
   0    0    0    0    5    3    0    2    1    0    4    0    0    0    0  
   0    0    0    0    0    3    2    0    0    5    4    1    0    0    0  
   5    0    0    3    1    0    4    0    0    0    0    0    0    0    2  
   0    0    0    0    4    0    5    0    1    0    0    2    0    0    3  
   0    3    0    5    4    0    2    1    0    0    0    0    0    0    0  
   0    0    0    0    0    0    0    0    5    3    0    2    0    4    1  
   2    0    0    0    0    1    0    5    0    0    0    0    0    4    3  
   1    0    4    0    3    0    5    0    0    0    0    0    0    0    2  
   0    0    0    0    0    0    0    1    4    3    0    2    0    0    5  
   0    0    1    0    0    4    0    5    0    2    0    0    3    0    0  ] 
RESERVATION PRICES : [    6    0    6    0    6    0    0    0    0    0    6    0    6    0    0  
   0    0   12    0    0   11    0    0    0   13    0   10    0    0   10  
  12    0    0    0    0    0   14   16    0   12    0    0   15    0    0  
   0    0    0   14    0    0   14   14   15    0   13    0    0    0    0  
   0    0    0    0    0   18    0   23   21   21    0    0   23    0    0  
  24    0    0   22    0   22    0    0   21    0   19    0    0    0    0  
  27    0    0    0    0    0   25   25   25    0    0    0    0    0   28  
   0   26    0    0   26   33    0    0   32    0    0    0    0    0   33  
   0   39    0    0    0   31   37   33    0    0    0    0   30    0    0  
  33    0    0    0    0   41   38    0   32    0    0   39    0    0    0  
   0    0    0   33    0   36    0    0    0    0   32    0    0   40   43  
  48    0    0    0   39    0    0    0    0    0   38    0    0   47   49  
   0   49    0    0   47    0    0   51    0    0    0   43    0   46    0  
   0    0   61    0   53    0    0   48   55    0    0   53    0    0    0  
  53   51    0   45    0    0    0    0   62    0   52    0    0    0    0  
   0    0    0    0    0    0    0    0   60    0    0   70   56   54   68  
  72    0   66    0   62    0    0   65    0    0    0    0   55    0    0  
   0   57    0    0    0   54   61    0    0    0    0    0   67   67    0  
  65    0   73   55    0   62   73    0    0    0    0    0    0    0    0  
  67   72    0   76    0    0    0   58    0    0    0   58    0    0    0  
  76    0    0    0    0   67   73   82    0    0    0    0    0    0   65  
  83    0   84   89    0    0    0   75    0    0    0    0    0    0   86  
  89    0   78    0    0    0   81    0    0   86    0   71    0    0    0  
  72    0   72    0   85    0   65    0    0    0    0    0    0    0   79  
   0   88    0    0    0    0   77   93   69    0    0    0   71    0    0  
   0   86    0    0    0   73    0   87    0    0   83    0    0    0   72  
  91   80   83    0    0    0    0   84    0    0    0   96    0    0    0  
  88    0    0    0    0    0    0    0    0   82  101    0   84  102    0  
   0    0    0   90   81  101    0    0    0    0   92    0    0   88    0  
   0  108    0   80    0    0  107   83   85    0    0    0    0    0    0  
  81    0    0    0    0    0    0    0   87    0   87    0    0  101   93  
   0    0   88    0    0    0    0   86    0    0    0  114   85   88    0  
   0    0  115  118    0  116  114    0    0    0    0   94    0    0    0  
   0  110    0    0    0  105  123    0    0    0    0  110  122    0    0  
   0    0    0  105   97   95    0    0    0    0    0    0  103    0  115  
   0    0    0    0    0    0  113  109    0    0    0  114  100  116    0  
   0    0  130  118    0    0    0  133    0  132    0    0  113    0    0  
   0    0    0  115  141    0    0    0    0    0  142  139  129    0    0  
 119    0  145  128    0    0    0    0    0    0    0  144    0    0  113  
   0  125    0    0    0  122    0    0    0  129  154    0    0  144    0  
   0    0    0  120    0    0    0  127    0    0  122    0    0  113  126  
 147  120  136    0    0    0  156    0    0    0    0    0    0    0  121  
   0    0    0  151  128  120    0    0    0  121  141    0    0    0    0  
   0    0  154  140    0    0  121    0  126    0  149    0    0    0    0  
 125    0    0    0    0    0    0    0  156  133    0    0    0  138  125  
 146    0  135  145    0    0    0  134    0    0    0    0    0  141    0  
   0    0    0    0    0  140    0  128    0  150    0    0    0  161  157  
   0    0    0  137  131    0    0    0    0  162  143    0  180    0    0  
   0    0  131    0  178  133    0    0    0  135    0    0    0    0  177  
   0  157  166    0    0    0    0    0    0    0  170    0    0  149  147  
   0  144  143  157    0  178    0    0  189    0    0    0    0    0    0  
 184    0  142    0    0    0    0    0    0    0    0  187  170  155    0  
   0  179    0  167    0    0    0  162    0    0    0    0  148    0  190  
 198    0    0  187  151  159    0    0    0    0    0    0    0  164    0  
   0    0  188    0    0    0  198  180    0    0  155    0    0  167    0  
   0    0    0    0    0    0    0  205  201  184    0    0    0  161  165  
   0    0    0    0    0  193  199  185  158  180    0    0    0    0    0  
   0  159    0  163    0    0    0    0  188    0    0    0  166    0  196  
 165    0    0  163    0    0    0    0    0    0    0  184    0  202  220  
 224    0    0    0    0    0    0  176  212    0  166  221    0    0    0  
   0  196  181    0    0    0  186    0    0    0    0    0  193    0  185  
   0    0    0    0    0    0  187  192  194  172  199    0    0    0    0  
 190  226    0    0    0    0    0    0  204  174    0    0    0    0  187  
   0    0  196    0    0    0  174  221  223    0    0    0    0  212    0  
   0  220    0  231    0    0    0    0  222  213    0    0    0  177    0  
   0  210    0    0  209    0    0  202    0  189    0  213    0    0    0  
   0    0  189    0    0    0  220  213    0  190  232    0    0    0    0  
   0    0  194    0    0    0    0  202  240    0  252    0    0    0  188  
   0    0  225    0    0  231  186  209  222    0    0    0    0    0    0  
   0  187  231    0  215    0    0  223    0    0    0  212    0    0    0  
 231    0  216    0    0    0    0    0    0  229  208    0  207    0    0  
   0    0    0  219    0  190    0    0  221    0    0    0    0  224  256  
   0  255    0    0  242    0  270    0    0    0    0  247    0  266    0  
   0    0  259  219    0    0    0    0    0    0  214  241    0    0  206  
   0  265  234    0  263    0    0    0    0    0  274  250    0    0    0  
   0    0    0  254    0    0  236    0  279  238    0    0    0  265    0  
   0    0    0    0    0    0    0  263  267  239  235    0    0  270    0  
   0    0    0    0  230    0    0  224  248    0  221    0    0  266    0  
   0    0  263    0    0    0  235  269    0    0    0  277    0    0  220  
 224  264    0    0    0    0    0    0  222  266    0    0    0    0  283  
 294  276    0    0    0    0    0  278    0    0  247    0    0  285    0  
   0    0  254    0    0    0    0  275    0  293  296  241    0    0    0  
 224    0    0    0  306    0    0    0    0    0    0  310  278    0  268  
   0  300    0    0  318    0    0    0    0    0  262    0    0  287  295  
 260    0  310  248    0    0  283    0    0    0    0  293    0    0    0  
   0    0    0  317    0    0  275    0    0    0  285  285    0  272    0  
 284    0  258    0    0    0    0    0  257    0    0    0  257  240    0  
   0    0    0  282    0    0    0    0    0  246    0    0  277  317  313  
 329  258  328    0    0  322    0    0    0  305    0    0    0    0    0  
 303    0    0    0  303    0  287  284    0    0    0  256    0    0    0  
   0  309    0    0  276    0    0  284    0    0    0    0    0  248  303  
   0    0  264    0    0  282    0    0    0  276    0  272    0    0  314  
 287    0  249  341    0    0  276    0    0    0    0  306    0    0    0  
   0  345    0    0    0    0  319    0  256    0  300    0    0  255    0  
   0    0    0    0  344    0  287    0    0    0  343    0    0  274  254  
   0    0    0    0    0  274    0  356    0    0  316    0  326    0  267  
   0    0  306    0    0  288    0  352    0    0  304    0    0    0  337  
 364  270    0    0    0    0    0    0    0  334    0    0  269    0  286  
   0    0    0    0  311  330    0    0    0    0    0    0  282  274  330  
   0    0  344  351    0  355    0    0    0    0    0  348    0  333    0  
   0    0    0  333    0    0  293    0    0    0    0  299  335    0  285  
 277    0  276    0    0    0    0  327    0    0  304    0  329    0    0  
   0  348  295  295    0    0    0  312    0    0    0    0    0  376    0  
   0  295  345    0    0  313    0    0  373    0    0  379    0    0    0  
   0    0    0    0  379  323    0    0    0  365    0  376    0  380    0  
   0  295    0  321    0    0  385    0    0    0    0  299    0  317    0  
 368    0    0    0    0    0  292    0    0  290    0    0  332  354    0  
 310  341    0    0  381    0    0    0  306  342    0    0    0    0    0  
   0  356    0  294  351  343  320    0    0    0    0    0    0    0    0  
   0    0    0    0  311  319    0  342    0    0  314    0  391    0    0  
 410    0    0    0    0    0  346  389    0  335    0    0    0  322    0  
 317  373  384    0    0  354    0    0    0    0  341    0    0    0    0  
   0  323    0  326    0    0  412  414    0    0    0  419    0    0    0  
   0  423    0  363    0    0    0  329    0    0    0  352  319    0    0  
 384    0    0    0    0    0  419    0  413    0  430    0  430    0    0  
 357  360  384    0    0  364    0    0    0    0    0    0    0  340    0  
 399    0  347    0    0    0    0    0    0  412    0    0    0  314  355  
 354    0  385  404  361    0    0    0    0    0    0  391    0    0    0  
 404    0    0    0  360  350    0  396    0    0    0    0    0  326    0  
   0    0  414  332    0    0    0  342    0  425    0    0  374    0    0  
 320    0    0  430    0    0    0    0    0    0  430    0  346    0  375  
   0    0  333  344    0  385    0    0  436    0    0    0    0    0  366  
   0  400    0    0    0  408    0  382  410    0    0    0    0    0  362  
   0  416  432  350    0    0    0    0  358  407    0    0    0    0    0  
 436    0    0    0  453  365    0    0    0  394    0  392    0    0    0  
   0  439  357  443    0    0    0    0    0    0    0  465    0    0  375  
   0  342  372    0    0    0    0    0  446    0    0    0  358  339    0  
 417    0    0  426    0  441    0  407    0    0  349    0    0    0    0  
   0    0  399    0    0    0    0    0  378  423  471    0  372    0    0  
 485    0    0    0  416    0    0  458    0  485    0    0    0  424    0  
   0    0  396    0    0  360  450    0  387  426    0    0    0    0    0  
   0    0    0  478  492    0    0    0    0    0    0  436    0  446  414  
   0    0    0  394    0  490  461    0  364    0    0    0    0    0  414  
 485    0  433    0    0    0    0    0    0    0  450  420    0  425    0  
 424    0  485    0  456    0  444    0    0  424    0    0    0    0    0  
   0    0    0    0    0  390  373    0  494  486  509    0    0    0    0  
   0  433  476    0    0    0  446    0    0  479    0    0  396    0    0  
 442    0    0    0  371    0    0    0    0    0    0  485  514    0  511  
 426    0    0    0    0  396    0    0  475    0    0  457    0    0  502  
 514    0    0    0  513    0  430  509    0    0  465    0    0    0    0  
   0    0    0    0  498  424    0  384  477    0  502    0    0    0    0  
   0    0    0    0    0  459  490    0    0  405  493  526    0    0    0  
 447    0    0  427  482    0  537    0    0    0    0    0    0    0  396  
   0    0    0    0  479    0  539    0  495    0    0  534    0    0  454  
   0  456    0  444  414    0  466  419    0    0    0    0    0    0    0  
   0    0    0    0    0    0    0    0  486  450    0  397    0  510  501  
 469    0    0    0    0  404    0  407    0    0    0    0    0  504  397  
 546    0  428    0  404    0  519    0    0    0    0    0    0    0  411  
   0    0    0    0    0    0    0  527  467  467    0  410    0    0  505  
   0    0  547    0    0  533    0  472    0  479    0    0  466    0    0  ] 
 ] 
