K : 50
I : 15
C : 2
INSTANCE : 4
PREFERENCES : [    4    0    5    3    0    0    0    0    0    0    0    0    0    2    1  
   0    0    2    0    0    5    0    0    0    0    1    3    0    0    4  
   0    2    0    0    0    0    1    0    0    4    5    0    0    3    0  
   5    0    0    0    1    0    0    0    3    0    2    0    0    4    0  
   0    0    0    0    3    0    1    0    0    0    0    5    0    2    4  
   0    2    5    0    4    0    0    1    0    0    0    0    0    3    0  
   0    0    0    5    0    2    1    0    0    0    3    0    0    0    4  
   4    0    1    3    5    0    0    0    0    0    0    0    0    2    0  
   0    0    2    5    4    0    3    0    1    0    0    0    0    0    0  
   2    0    0    3    0    1    0    0    0    0    0    4    0    0    5  
   0    3    0    4    0    2    0    0    0    0    5    0    0    0    1  
   0    3    0    0    4    0    2    5    1    0    0    0    0    0    0  
   4    0    0    0    0    0    5    2    0    0    3    0    1    0    0  
   0    5    0    2    0    1    4    0    0    0    0    0    0    0    3  
   3    0    0    0    5    0    0    0    0    2    1    4    0    0    0  
   2    0    0    0    3    0    0    1    0    4    5    0    0    0    0  
   3    0    2    0    0    0    4    5    0    0    0    0    1    0    0  
   0    0    1    3    0    0    5    2    0    0    4    0    0    0    0  
   0    0    3    0    0    1    0    5    0    4    2    0    0    0    0  
   0    0    4    0    0    5    0    0    2    0    0    0    3    0    1  
   0    0    5    0    0    0    1    3    0    2    4    0    0    0    0  
   0    0    0    1    0    5    0    0    4    0    3    0    0    0    2  
   0    0    3    0    0    0    4    0    0    0    2    5    1    0    0  
   1    0    0    0    0    3    0    0    0    5    0    2    0    4    0  
   0    0    0    5    0    0    1    0    2    3    0    4    0    0    0  
   0    0    0    0    0    1    5    4    0    3    0    0    0    0    2  
   0    0    0    0    3    0    0    0    0    2    5    0    4    1    0  
   0    3    0    0    1    0    2    0    0    0    4    5    0    0    0  
   0    2    0    0    0    0    0    0    0    0    1    4    3    0    5  
   0    1    0    0    0    0    0    3    0    5    0    4    2    0    0  
   0    0    5    0    1    0    0    2    3    0    4    0    0    0    0  
   0    4    0    1    0    0    0    0    0    0    0    0    5    3    2  
   0    0    0    4    3    0    0    0    0    5    0    1    0    2    0  
   0    3    0    0    0    0    5    0    0    0    0    1    0    4    2  
   0    0    5    0    0    0    3    0    4    0    2    0    1    0    0  
   0    2    0    3    0    0    5    0    4    0    0    0    0    0    1  
   0    1    0    0    0    4    0    5    2    0    3    0    0    0    0  
   0    0    0    0    0    5    2    0    0    0    4    0    3    1    0  
   2    3    0    0    0    4    0    5    0    1    0    0    0    0    0  
   3    0    2    0    0    0    0    0    1    5    0    0    0    0    4  
   0    0    3    5    4    0    0    0    1    0    0    2    0    0    0  
   0    0    0    4    0    0    5    0    0    3    0    0    0    2    1  
   5    0    1    0    0    0    0    0    2    0    3    0    4    0    0  
   0    4    0    0    0    0    0    5    0    0    3    1    0    2    0  
   0    0    0    4    2    1    0    0    0    0    0    5    3    0    0  
   0    3    0    0    0    0    0    5    2    0    0    1    4    0    0  
   4    2    0    0    0    0    3    0    1    0    0    0    5    0    0  
   3    0    4    0    1    5    2    0    0    0    0    0    0    0    0  
   0    0    0    0    0    3    0    0    2    4    1    5    0    0    0  
   0    4    5    3    0    0    2    0    0    0    0    0    0    0    1  ] 
RESERVATION PRICES : [    7    0    7    6    0    0    0    0    0    0    0    0    0    6    7  
   0    0   10    0    0   12    0    0    0    0   10    9    0    0    9  
   0   14    0    0    0    0   19    0    0   14   14    0    0   15    0  
  16    0    0    0   16    0    0    0   18    0   15    0    0   20    0  
   0    0    0    0   22    0   24    0    0    0    0   22    0   22   19  
   0   31   32    0   26    0    0   28    0    0    0    0    0   30    0  
   0    0    0   32    0   26   26    0    0    0   26    0    0    0   30  
  29    0   34   31   28    0    0    0    0    0    0    0    0   27    0  
   0    0   40   40   33    0   40    0   30    0    0    0    0    0    0  
  41    0    0   37    0   41    0    0    0    0    0   40    0    0   37  
   0   35    0   38    0   40    0    0    0    0   37    0    0    0   39  
   0   32    0    0   42    0   43   39   34    0    0    0    0    0    0  
  40    0    0    0    0    0   45   36    0    0   41    0   43    0    0  
   0   46    0   42    0   40   48    0    0    0    0    0    0    0   39  
  43    0    0    0   52    0    0    0    0   50   49   58    0    0    0  
  56    0    0    0   61    0    0   54    0   52   63    0    0    0    0  
  59    0   58    0    0    0   53   64    0    0    0    0   54    0    0  
   0    0   60   52    0    0   53   57    0    0   50    0    0    0    0  
   0    0   70    0    0   61    0   65    0   74   60    0    0    0    0  
   0    0   70    0    0   72    0    0   56    0    0    0   67    0   62  
   0    0   68    0    0    0   73   76    0   63   60    0    0    0    0  
   0    0    0   81    0   77    0    0   68    0   73    0    0    0   61  
   0    0   81    0    0    0   79    0    0    0   85   70   70    0    0  
  68    0    0    0    0   63    0    0    0   63    0   66    0   85    0  
   0    0    0   83    0    0   74    0   87   85    0   88    0    0    0  
   0    0    0    0    0   89   91   85    0   92    0    0    0    0   84  
   0    0    0    0   81    0    0    0    0   72   77    0   78   88    0  
   0   77    0    0   98    0   75    0    0    0   92   84    0    0    0  
   0  101    0    0    0    0    0    0    0    0   78   88  107    0   82  
   0   85    0    0    0    0    0  108    0   93    0   89   97    0    0  
   0    0   99    0   87    0    0  108  103    0  104    0    0    0    0  
   0  102    0   98    0    0    0    0    0    0    0    0  106  104   89  
   0    0    0  109  103    0    0    0    0  114    0   87    0   88    0  
   0  106    0    0    0    0   89    0    0    0    0   98    0   98   94  
   0    0  123    0    0    0   90    0  109    0  107    0  111    0    0  
   0  130    0   97    0    0  115    0  102    0    0    0    0    0  122  
   0  114    0    0    0  104    0  104  116    0  132    0    0    0    0  
   0    0    0    0    0   99  127    0    0    0  132    0  137  137    0  
 125  141    0    0    0  126    0  121    0  124    0    0    0    0    0  
 111    0  137    0    0    0    0    0  125  107    0    0    0    0  106  
   0    0  138  151  148    0    0    0  147    0    0  146    0    0    0  
   0    0    0  123    0    0  126    0    0  148    0    0    0  149  147  
 122    0  153    0    0    0    0    0  143    0  142    0  121    0    0  
   0  139    0    0    0    0    0  137    0    0  161  138    0  121    0  
   0    0    0  134  141  150    0    0    0    0    0  127  162    0    0  
   0  165    0    0    0    0    0  137  126    0    0  126  162    0    0  
 147  147    0    0    0    0  173    0  133    0    0    0  172    0    0  
 149    0  131    0  150  138  174    0    0    0    0    0    0    0    0  
   0    0    0    0    0  141    0    0  151  142  165  153    0    0    0  
   0  181  160  154    0    0  143    0    0    0    0    0    0    0  166  ] 
 ] 
