K : 75
I : 5
C : 15
INSTANCE : 5
PREFERENCES : [    3    1    0    2    0  
   2    3    1    0    0  
   3    2    0    1    0  
   1    3    0    0    2  
   1    3    0    0    2  
   0    3    1    0    2  
   2    0    1    3    0  
   0    0    1    3    2  
   0    2    1    3    0  
   0    0    3    2    1  
   0    0    3    2    1  
   3    0    2    1    0  
   2    3    1    0    0  
   0    3    1    0    2  
   0    1    3    2    0  
   0    0    2    3    1  
   3    0    0    1    2  
   1    0    2    0    3  
   0    1    2    0    3  
   0    1    3    2    0  
   1    3    0    0    2  
   1    2    0    3    0  
   1    0    3    0    2  
   3    0    0    2    1  
   0    2    0    1    3  
   0    3    1    2    0  
   0    2    0    3    1  
   2    0    0    3    1  
   3    2    1    0    0  
   3    0    0    1    2  
   0    2    0    3    1  
   1    3    0    0    2  
   0    0    3    2    1  
   0    1    3    2    0  
   1    0    3    0    2  
   0    2    0    1    3  
   2    1    0    3    0  
   0    0    2    1    3  
   2    0    1    3    0  
   0    3    1    0    2  
   1    0    3    0    2  
   1    3    2    0    0  
   0    1    0    2    3  
   0    0    1    2    3  
   3    0    1    0    2  
   1    3    0    0    2  
   3    0    0    2    1  
   0    1    2    3    0  
   3    0    0    1    2  
   2    0    0    3    1  
   0    2    3    1    0  
   3    2    0    1    0  
   0    2    3    0    1  
   0    2    3    0    1  
   3    2    1    0    0  
   3    1    0    2    0  
   1    3    0    2    0  
   2    3    0    1    0  
   1    3    0    0    2  
   0    2    3    1    0  
   0    3    1    2    0  
   0    1    3    0    2  
   0    0    1    2    3  
   0    2    1    3    0  
   3    2    0    1    0  
   1    2    3    0    0  
   0    1    2    3    0  
   1    3    2    0    0  
   3    1    0    0    2  
   2    3    1    0    0  
   0    0    1    2    3  
   2    3    0    1    0  
   0    3    1    0    2  
   0    2    1    0    3  
   3    1    0    0    2  ] 
RESERVATION PRICES : [    9    9    0    9    0  
  12   12   10    0    0  
  10    9    0    9    0  
  12   16    0    0   12  
  16   18    0    0   20  
   0   25   21    0   19  
  25    0   31   23    0  
   0    0   27   28   24  
   0   31   28   24    0  
   0    0   34   27   26  
   0    0   35   36   41  
  40    0   33   40    0  
  37   34   40    0    0  
   0   46   45    0   46  
   0   45   44   52    0  
   0    0   38   48   50  
  50    0    0   54   47  
  44    0   43    0   57  
   0   58   64    0   53  
   0   65   64   62    0  
  52   67    0    0   60  
  63   60    0   64    0  
  67    0   66    0   63  
  58    0    0   76   63  
   0   61    0   63   67  
   0   70   66   67    0  
   0   80    0   84   75  
  88    0    0   87   88  
  94   78   75    0    0  
 107    0    0   93   78  
   0   82    0   94  107  
 104   95    0    0  114  
   0    0  107  119  112  
   0   99  114  109    0  
  98    0   91    0  119  
   0  112    0  124   95  
 123  109    0   99    0  
   0    0  125  115  119  
 111    0  118  124    0  
   0  130  121    0  128  
 115    0  133    0  128  
 148  142  121    0    0  
   0  125    0  137  150  
   0    0  146  144  131  
 133    0  141    0  138  
 172  152    0    0  170  
 140    0    0  145  130  
   0  180  171  149    0  
 174    0    0  169  148  
 183    0    0  176  164  
   0  138  192  187    0  
 153  166    0  148    0  
   0  193  149    0  168  
   0  146  169    0  179  
 154  196  175    0    0  
 197  192    0  160    0  
 156  210    0  167    0  
 165  191    0  194    0  
 188  202    0    0  193  
   0  181  185  172    0  
   0  174  185  177    0  
   0  199  190    0  167  
   0    0  220  190  220  
   0  218  188  199    0  
 210  185    0  243    0  
 223  220  239    0    0  
   0  241  211  232    0  
 199  202  211    0    0  
 201  193    0    0  198  
 227  238  245    0    0  
   0    0  267  202  234  
 262  263    0  251    0  
   0  252  261    0  221  
   0  233  266    0  241  
 225  261    0    0  225  ] 
 ] 
