K : 125
I : 15
C : 20
INSTANCE : 3
PREFERENCES : [    0    2    0    0    0    1    3    4    0    0    0    0    0    0    5  
   0    0    0    5    0    0    1    0    0    0    0    0    4    3    2  
   0    5    0    0    0    1    2    3    0    0    0    4    0    0    0  
   0    2    0    4    0    0    0    1    5    0    0    0    0    0    3  
   3    0    1    0    5    0    2    0    4    0    0    0    0    0    0  
   0    0    3    0    0    0    4    0    0    0    2    5    0    0    1  
   2    0    1    0    0    0    5    0    3    0    0    0    4    0    0  
   1    5    0    2    0    0    0    0    3    0    0    0    0    0    4  
   0    5    0    0    0    1    0    0    4    0    0    0    2    3    0  
   0    0    0    4    5    0    0    0    3    0    2    0    0    0    1  
   0    4    0    0    3    0    0    0    0    1    0    0    5    2    0  
   0    3    0    0    4    0    0    5    2    0    0    0    0    0    1  
   0    2    3    0    0    5    0    0    0    0    1    0    0    0    4  
   2    5    0    1    0    0    3    0    0    0    0    4    0    0    0  
   0    4    0    0    0    0    2    0    0    5    1    3    0    0    0  
   0    0    0    2    0    1    0    4    0    0    0    0    5    0    3  
   5    1    0    0    0    0    0    3    0    2    4    0    0    0    0  
   1    0    5    0    3    0    0    0    2    0    0    4    0    0    0  
   0    0    0    3    0    5    4    1    0    0    0    0    2    0    0  
   0    2    0    1    0    0    0    0    5    4    0    0    0    0    3  
   0    0    0    0    5    4    1    0    0    2    0    3    0    0    0  
   0    0    1    0    3    0    4    0    0    0    0    0    0    2    5  
   0    4    0    0    1    0    0    2    0    0    3    0    0    0    5  
   0    5    0    0    0    0    3    0    0    0    0    4    0    2    1  
   0    0    0    0    0    0    2    0    4    5    0    0    3    1    0  
   0    0    0    0    1    0    0    3    0    2    0    5    0    0    4  
   0    0    3    4    0    1    2    0    0    5    0    0    0    0    0  
   0    0    0    0    4    3    1    2    0    0    0    0    0    0    5  
   2    0    1    0    0    0    0    3    0    0    0    0    0    5    4  
   0    0    0    0    3    0    4    0    0    1    0    2    5    0    0  
   0    3    0    0    0    2    0    0    1    4    0    0    0    0    5  
   0    2    4    0    0    0    5    3    0    1    0    0    0    0    0  
   2    0    3    0    1    0    5    4    0    0    0    0    0    0    0  
   1    0    0    2    0    0    0    0    5    0    3    0    0    0    4  
   5    0    0    2    0    0    4    0    0    0    0    0    3    0    1  
   5    0    0    4    0    0    0    0    0    2    3    1    0    0    0  
   1    0    3    5    4    0    0    0    2    0    0    0    0    0    0  
   0    0    3    0    0    5    2    0    0    0    0    0    4    0    1  
   0    0    1    2    0    3    0    0    0    5    0    0    0    0    4  
   0    0    0    4    0    1    5    3    0    2    0    0    0    0    0  
   0    4    2    3    0    0    0    5    0    0    0    0    0    0    1  
   4    2    0    0    0    0    0    0    3    1    0    5    0    0    0  
   4    0    5    0    3    2    0    0    0    0    0    0    0    1    0  
   2    0    0    0    3    5    4    0    0    0    0    0    0    0    1  
   0    3    0    0    0    0    0    0    0    0    2    4    0    1    5  
   0    3    2    0    0    1    5    4    0    0    0    0    0    0    0  
   5    0    0    2    1    0    4    0    0    0    0    0    0    0    3  
   0    0    5    3    0    1    2    0    0    4    0    0    0    0    0  
   5    0    0    0    4    1    0    3    0    0    0    0    0    0    2  
   0    0    5    1    0    0    0    2    0    4    0    0    0    0    3  
   0    2    5    4    0    0    0    0    3    0    1    0    0    0    0  
   0    5    3    0    4    0    0    2    0    0    0    0    1    0    0  
   5    0    1    0    0    4    0    0    0    0    2    0    3    0    0  
   5    0    0    2    0    0    0    3    0    1    0    0    0    0    4  
   1    0    5    0    0    0    0    0    2    3    0    4    0    0    0  
   0    0    5    0    0    0    2    1    0    3    0    0    4    0    0  
   0    5    0    0    0    0    0    0    3    0    0    0    2    4    1  
   0    4    0    1    5    2    0    0    0    0    0    0    3    0    0  
   5    0    0    0    0    3    0    4    2    0    0    0    0    0    1  
   0    0    0    1    3    0    0    4    0    2    0    0    0    5    0  
   0    0    1    0    0    0    3    0    0    0    0    2    4    5    0  
   0    0    0    0    0    0    2    4    0    0    3    5    0    1    0  
   1    0    0    0    0    0    0    3    0    2    4    0    0    5    0  
   0    0    0    4    3    0    0    0    0    1    0    2    0    0    5  
   4    0    0    0    0    0    0    1    5    3    0    0    0    2    0  
   0    3    1    0    2    0    0    0    0    0    5    0    4    0    0  
   3    5    0    0    0    0    1    0    0    4    0    0    0    2    0  
   2    0    4    0    3    0    1    5    0    0    0    0    0    0    0  
   0    0    0    0    0    4    1    0    0    2    0    3    0    0    5  
   0    0    0    4    5    0    0    2    0    0    0    1    0    0    3  
   3    0    0    4    0    5    2    0    0    0    0    1    0    0    0  
   2    0    0    0    0    0    0    0    4    1    0    3    0    5    0  
   5    4    0    0    0    0    1    0    0    3    0    0    2    0    0  
   0    0    0    3    1    4    2    0    0    5    0    0    0    0    0  
   0    0    2    0    0    0    0    0    5    0    0    0    3    1    4  
   0    3    0    0    1    2    5    0    0    0    0    0    4    0    0  
   0    0    0    2    0    0    1    4    5    0    0    0    3    0    0  
   3    0    1    0    0    2    0    5    0    0    4    0    0    0    0  
   0    0    4    0    0    2    0    0    3    0    0    5    0    0    1  
   1    0    0    0    0    0    5    0    0    3    4    0    0    0    2  
   2    0    0    3    5    0    0    0    0    4    0    1    0    0    0  
   0    0    4    0    5    0    0    3    0    0    0    0    2    0    1  
   2    0    0    1    0    5    0    3    4    0    0    0    0    0    0  
   0    3    0    0    0    1    0    0    5    0    0    0    2    4    0  
   0    3    0    5    0    0    0    0    0    4    0    1    0    2    0  
   0    3    2    0    0    0    5    0    4    0    0    0    0    0    1  
   5    0    4    0    2    0    0    0    3    0    0    0    0    0    1  
   0    0    0    4    0    0    0    5    1    0    2    0    3    0    0  
   0    2    0    0    0    0    0    0    0    0    1    5    3    0    4  
   0    0    0    0    3    0    4    0    0    0    5    0    0    2    1  
   0    0    3    0    1    2    0    0    0    0    0    5    4    0    0  
   0    0    5    0    2    1    0    0    3    0    0    4    0    0    0  
   0    0    0    0    1    0    0    0    5    2    3    0    0    4    0  
   0    0    1    0    0    4    5    0    0    3    2    0    0    0    0  
   0    0    0    0    3    0    0    0    1    0    5    4    0    2    0  
   0    0    5    1    0    0    0    0    4    0    0    2    0    0    3  
   1    0    0    0    5    3    0    0    2    4    0    0    0    0    0  
   0    0    0    0    0    0    3    0    0    1    0    4    5    0    2  
   0    0    0    3    0    0    0    0    4    0    2    0    0    5    1  
   0    0    0    0    2    0    0    3    0    4    0    5    0    1    0  
   0    0    0    0    0    0    1    4    0    2    0    0    3    0    5  
   2    0    5    0    0    0    4    0    0    3    1    0    0    0    0  
   0    0    0    0    1    0    0    0    0    5    0    3    0    4    2  
   0    0    1    4    0    0    0    0    2    0    0    0    3    0    5  
   0    0    0    0    1    0    0    0    3    5    2    4    0    0    0  
   5    4    0    3    0    0    0    0    2    0    0    0    1    0    0  
   0    0    0    1    4    0    0    0    0    0    0    5    0    3    2  
   0    0    0    2    0    0    0    4    0    0    5    0    0    3    1  
   0    0    0    0    5    0    0    0    2    0    3    0    0    1    4  
   1    0    5    0    0    0    3    0    0    4    0    2    0    0    0  
   0    0    0    0    0    0    4    1    0    0    5    0    0    3    2  
   5    0    0    2    3    0    1    0    4    0    0    0    0    0    0  
   0    3    0    0    0    4    0    0    0    0    0    0    1    2    5  
   0    5    0    0    0    0    0    0    4    2    1    0    3    0    0  
   0    0    5    0    0    4    1    0    2    3    0    0    0    0    0  
   0    0    0    4    0    5    0    3    1    0    2    0    0    0    0  
   0    0    0    1    0    0    0    0    0    4    5    0    3    2    0  
   0    4    3    2    0    1    0    0    0    0    0    0    5    0    0  
   0    0    1    0    0    0    0    0    3    0    4    0    0    5    2  
   0    0    0    2    0    4    0    3    0    1    0    0    0    5    0  
   0    1    0    0    0    0    4    5    2    0    3    0    0    0    0  
   4    0    5    0    0    0    0    3    0    1    0    0    0    2    0  
   0    4    0    0    2    0    0    3    0    0    0    1    0    0    5  
   0    0    0    2    0    4    5    0    0    0    1    3    0    0    0  
   1    0    0    0    0    2    4    0    0    0    0    0    0    5    3  ] 
RESERVATION PRICES : [    0    8    0    0    0    8    7    9    0    0    0    0    0    0    8  
   0    0    0   11    0    0    9    0    0    0    0    0   10    9   11  
   0   17    0    0    0   16   13   16    0    0    0   17    0    0    0  
   0   19    0   17    0    0    0   15   15    0    0    0    0    0   20  
  16    0   19    0   19    0   17    0   20    0    0    0    0    0    0  
   0    0   24    0    0    0   19    0    0    0   20   24    0    0   24  
  30    0   28    0    0    0   26    0   32    0    0    0   33    0    0  
  28   38    0   33    0    0    0    0   37    0    0    0    0    0   36  
   0   39    0    0    0   40    0    0   41    0    0    0   39   35    0  
   0    0    0   39   30    0    0    0   36    0   31    0    0    0   34  
   0   39    0    0   44    0    0    0    0   46    0    0   46   42    0  
   0   37    0    0   36    0    0   37   44    0    0    0    0    0   37  
   0   39   48    0    0   40    0    0    0    0   37    0    0    0   40  
  56   41    0   56    0    0   54    0    0    0    0   41    0    0    0  
   0   56    0    0    0    0   44    0    0   56   52   53    0    0    0  
   0    0    0   55    0   61    0   49    0    0    0    0   54    0   54  
  68   64    0    0    0    0    0   66    0   67   60    0    0    0    0  
  63    0   60    0   63    0    0    0   68    0    0   62    0    0    0  
   0    0    0   61    0   68   55   63    0    0    0    0   58    0    0  
   0   61    0   71    0    0    0    0   79   69    0    0    0    0   77  
   0    0    0    0   66   68   69    0    0   62    0   64    0    0    0  
   0    0   83    0   70    0   73    0    0    0    0    0    0   67   76  
   0   81    0    0   78    0    0   82    0    0   78    0    0    0   93  
   0   83    0    0    0    0   80    0    0    0    0   83    0   75   87  
   0    0    0    0    0    0   96    0  102   78    0    0   80   81    0  
   0    0    0    0   85    0    0   77    0   99    0   77    0    0   85  
   0    0   96   96    0  100  100    0    0   82    0    0    0    0    0  
   0    0    0    0   90   81  111   89    0    0    0    0    0    0   85  
  98    0  101    0    0    0    0  113    0    0    0    0    0  101   93  
   0    0    0    0   96    0   95    0    0  116    0  116  100    0    0  
   0  115    0    0    0  107    0    0   93  103    0    0    0    0  124  
   0  120  115    0    0    0  107  112    0  116    0    0    0    0    0  
 128    0   94    0  102    0  103  124    0    0    0    0    0    0    0  
 122    0    0  111    0    0    0    0  124    0  126    0    0    0  105  
 101    0    0  115    0    0  113    0    0    0    0    0  125    0  135  
 100    0    0  120    0    0    0    0    0  103  105  136    0    0    0  
 122    0  113  105  110    0    0    0  120    0    0    0    0    0    0  
   0    0  129    0    0  130  131    0    0    0    0    0  111    0  116  
   0    0  127  120    0  137    0    0    0  132    0    0    0    0  142  
   0    0    0  141    0  135  131  141    0  146    0    0    0    0    0  
   0  136  153  155    0    0    0  117    0    0    0    0    0    0  128  
 137  133    0    0    0    0    0    0  112  131    0  139    0    0    0  
 143    0  144    0  143  121    0    0    0    0    0    0    0  143    0  
 127    0    0    0  138  148  149    0    0    0    0    0    0    0  132  
   0  144    0    0    0    0    0    0    0    0  140  138    0  165  129  
   0  140  156    0    0  153  162  147    0    0    0    0    0    0    0  
 171    0    0  176  148    0  170    0    0    0    0    0    0    0  149  
   0    0  168  156    0  133  174    0    0  159    0    0    0    0    0  
 171    0    0    0  180  157    0  140    0    0    0    0    0    0  165  
   0    0  171  159    0    0    0  153    0  165    0    0    0    0  150  
   0  179  137  180    0    0    0    0  165    0  185    0    0    0    0  
   0  157  183    0  171    0    0  145    0    0    0    0  190    0    0  
 180    0  152    0    0  159    0    0    0    0  180    0  200    0    0  
 159    0    0  162    0    0    0  161    0  171    0    0    0    0  158  
 168    0  161    0    0    0    0    0  163  191    0  171    0    0    0  
   0    0  162    0    0    0  185  161    0  160    0    0  153    0    0  
   0  158    0    0    0    0    0    0  172    0    0    0  163  154  170  
   0  177    0  188  171  183    0    0    0    0    0    0  202    0    0  
 190    0    0    0    0  205    0  196  163    0    0    0    0    0  208  
   0    0    0  176  194    0    0  194    0  183    0    0    0  189    0  
   0    0  166    0    0    0  175    0    0    0    0  177  177  220    0  
   0    0    0    0    0    0  198  206    0    0  197  167    0  208    0  
 227    0    0    0    0    0    0  168    0  174  197    0    0  226    0  
   0    0    0  180  193    0    0    0    0  204    0  198    0    0  201  
 194    0    0    0    0    0    0  187  211  220    0    0    0  220    0  
   0  204  229    0  237    0    0    0    0    0  178    0  184    0    0  
 180  188    0    0    0    0  200    0    0  231    0    0    0  211    0  
 203    0  221    0  233    0  224  230    0    0    0    0    0    0    0  
   0    0    0    0    0  215  257    0    0  197    0  230    0    0  188  
   0    0    0  220  211    0    0  198    0    0    0  217    0    0  197  
 231    0    0  250    0  258  235    0    0    0    0  262    0    0    0  
 210    0    0    0    0    0    0    0  253  225    0  255    0  215    0  
 245  258    0    0    0    0  246    0    0  226    0    0  264    0    0  
   0    0    0  249  237  228  202    0    0  204    0    0    0    0    0  
   0    0  204    0    0    0    0    0  199    0    0    0  210  203  218  
   0  276    0    0  216  204  230    0    0    0    0    0  215    0    0  
   0    0    0  252    0    0  256  232  239    0    0    0  218    0    0  
 284    0  258    0    0  271    0  257    0    0  229    0    0    0    0  
   0    0  244    0    0  214    0    0  244    0    0  256    0    0  227  
 266    0    0    0    0    0  266    0    0  280  249    0    0    0  273  
 246    0    0  304  275    0    0    0    0  294    0  289    0    0    0  
   0    0  308    0  246    0    0  290    0    0    0    0  258    0  236  
 287    0    0  284    0  237    0  305  294    0    0    0    0    0    0  
   0  302    0    0    0  252    0    0  285    0    0    0  246  247    0  
   0  298    0  301    0    0    0    0    0  264    0  286    0  301    0  
   0  272  315    0    0    0  286    0  260    0    0    0    0    0  250  
 300    0  266    0  252    0    0    0  303    0    0    0    0    0  295  
   0    0    0  295    0    0    0  275  331    0  310    0  294    0    0  
   0  279    0    0    0    0    0    0    0    0  291  282  268    0  252  
   0    0    0    0  331    0  282    0    0    0  253    0    0  283  285  
   0    0  250    0  332  304    0    0    0    0    0  317  266    0    0  
   0    0  327    0  279  352    0    0  350    0    0  283    0    0    0  
   0    0    0    0  338    0    0    0  331  282  291    0    0  352    0  
   0    0  324    0    0  288  309    0    0  309  281    0    0    0    0  
   0    0    0    0  323    0    0    0  276    0  356  272    0  298    0  
   0    0  343  350    0    0    0    0  296    0    0  267    0    0  292  
 282    0    0    0  293  287    0    0  307  341    0    0    0    0    0  
   0    0    0    0    0    0  308    0    0  301    0  335  351    0  366  
   0    0    0  309    0    0    0    0  369    0  276    0    0  291  339  
   0    0    0    0  302    0    0  375    0  319    0  383    0  315    0  
   0    0    0    0    0    0  374  382    0  379    0    0  386    0  281  
 311    0  300    0    0    0  291    0    0  379  279    0    0    0    0  
   0    0    0    0  370    0    0    0    0  287    0  286    0  385  314  
   0    0  336  311    0    0    0    0  383    0    0    0  300    0  328  
   0    0    0    0  329    0    0    0  309  397  353  370    0    0    0  
 375  385    0  304    0    0    0    0  384    0    0    0  368    0    0  
   0    0    0  398  323    0    0    0    0    0    0  340    0  335  404  
   0    0    0  387    0    0    0  405    0    0  366    0    0  403  351  
   0    0    0    0  323    0    0    0  351    0  381    0    0  347  403  
 311    0  299    0    0    0  372    0    0  383    0  370    0    0    0  
   0    0    0    0    0    0  335  414    0    0  314    0    0  380  329  
 354    0    0  366  383    0  325    0  389    0    0    0    0    0    0  
   0  303    0    0    0  413    0    0    0    0    0    0  325  327  364  
   0  331    0    0    0    0    0    0  403  324  353    0  364    0    0  
   0    0  326    0    0  385  332    0  389  369    0    0    0    0    0  
   0    0    0  365    0  378    0  354  397    0  357    0    0    0    0  
   0    0    0  402    0    0    0    0    0  350  436    0  420  359    0  
   0  426  387  367    0  410    0    0    0    0    0    0  316    0    0  
   0    0  378    0    0    0    0    0  409    0  332    0    0  444  426  
   0    0    0  354    0  412    0  367    0  404    0    0    0  366    0  
   0  394    0    0    0    0  398  422  426    0  354    0    0    0    0  
 389    0  442    0    0    0    0  354    0  328    0    0    0  444    0  
   0  346    0    0  410    0    0  436    0    0    0  394    0    0  408  
   0    0    0  400    0  449  373    0    0    0  364  365    0    0    0  
 408    0    0    0    0  446  431    0    0    0    0    0    0  412  413  ] 
 ] 
