K : 125
I : 10
C : 20
INSTANCE : 1
PREFERENCES : [    4    0    0    0    0    1    5    0    3    2  
   2    5    0    0    0    0    3    4    1    0  
   1    0    3    0    5    2    0    0    4    0  
   0    0    2    3    1    4    0    5    0    0  
   0    0    1    0    0    3    5    4    2    0  
   0    2    0    0    0    5    1    3    4    0  
   5    0    1    0    4    0    2    0    3    0  
   0    0    1    4    5    0    0    2    0    3  
   0    0    4    5    0    0    1    3    2    0  
   3    0    1    0    4    0    0    0    5    2  
   2    3    5    0    0    0    0    1    4    0  
   5    2    1    0    3    0    0    0    0    4  
   0    1    0    0    4    0    0    2    5    3  
   0    0    5    0    3    1    0    2    4    0  
   0    0    0    5    3    2    0    0    4    1  
   0    2    5    0    0    3    0    0    4    1  
   4    2    0    1    0    0    3    0    5    0  
   2    1    3    4    0    0    0    5    0    0  
   3    0    5    0    2    0    0    4    0    1  
   0    4    5    3    0    1    0    0    2    0  
   2    0    0    0    5    3    4    0    1    0  
   0    0    3    0    1    5    0    0    2    4  
   4    0    0    3    0    5    2    0    1    0  
   0    5    2    0    0    1    3    0    4    0  
   0    4    0    2    5    3    0    1    0    0  
   4    5    0    0    3    0    0    2    0    1  
   3    5    0    0    0    1    2    0    0    4  
   4    0    5    0    0    0    2    1    0    3  
   4    0    0    2    3    1    0    0    5    0  
   3    5    4    0    0    1    0    2    0    0  
   0    0    4    5    0    2    1    0    3    0  
   0    4    1    2    5    0    3    0    0    0  
   4    0    2    0    0    0    3    5    1    0  
   3    0    0    0    0    0    5    2    1    4  
   1    5    2    0    4    0    0    0    3    0  
   5    3    1    2    0    0    0    0    4    0  
   0    0    0    3    0    4    0    5    1    2  
   0    2    0    0    1    0    0    4    5    3  
   2    1    3    5    0    0    4    0    0    0  
   5    0    1    4    2    3    0    0    0    0  
   1    2    5    0    0    0    0    0    3    4  
   1    3    4    2    0    0    0    0    5    0  
   0    4    2    0    5    0    3    0    0    1  
   3    0    4    5    2    0    0    0    0    1  
   5    0    2    0    0    0    0    3    4    1  
   0    0    0    3    5    2    4    0    1    0  
   2    3    5    0    0    0    0    1    0    4  
   1    0    0    0    2    3    5    4    0    0  
   0    0    1    0    4    5    0    3    0    2  
   0    1    0    5    0    3    0    0    4    2  
   5    0    0    0    2    3    0    1    0    4  
   0    1    0    0    4    5    2    0    3    0  
   0    1    4    2    3    5    0    0    0    0  
   0    5    1    0    3    2    4    0    0    0  
   0    0    0    4    0    3    0    2    5    1  
   0    0    0    3    1    5    4    0    2    0  
   5    0    2    0    0    1    4    3    0    0  
   3    1    0    4    2    0    0    5    0    0  
   2    0    1    0    5    0    4    0    0    3  
   3    1    5    0    4    0    0    0    0    2  
   3    2    1    4    0    0    0    0    5    0  
   2    0    1    0    0    3    0    4    0    5  
   0    4    0    0    1    0    3    5    0    2  
   0    2    3    4    1    0    0    0    5    0  
   5    2    3    4    0    0    0    1    0    0  
   2    0    0    0    3    5    4    0    1    0  
   4    0    0    0    0    2    5    1    0    3  
   5    0    4    0    2    0    0    1    3    0  
   1    0    0    0    0    5    0    2    4    3  
   1    0    0    3    0    2    0    4    5    0  
   2    4    5    3    0    0    0    1    0    0  
   1    2    4    0    0    0    0    5    3    0  
   0    0    5    0    0    2    3    1    4    0  
   0    4    2    0    0    0    1    5    3    0  
   0    0    2    3    1    0    0    0    4    5  
   2    0    5    0    0    0    0    1    3    4  
   0    1    2    0    5    4    0    0    0    3  
   3    0    2    4    0    1    0    0    0    5  
   0    0    1    5    0    0    2    0    4    3  
   0    4    0    0    0    0    2    3    5    1  
   0    0    2    0    4    0    3    5    1    0  
   1    2    0    0    0    4    3    5    0    0  
   0    0    0    5    0    3    1    0    4    2  
   1    2    0    4    0    5    0    3    0    0  
   2    4    0    0    0    5    0    3    0    1  
   3    4    0    2    0    0    1    0    5    0  
   0    1    0    3    2    0    5    0    4    0  
   5    0    1    0    0    3    0    2    0    4  
   0    0    0    5    1    0    0    3    2    4  
   0    0    4    2    0    5    1    3    0    0  
   0    0    4    0    0    2    5    0    1    3  
   0    5    3    0    4    0    0    2    0    1  
   4    0    0    0    1    3    0    2    0    5  
   0    3    1    0    4    0    5    0    0    2  
   2    1    5    0    3    0    0    0    0    4  
   0    0    5    0    1    0    2    0    4    3  
   4    1    3    0    0    5    0    2    0    0  
   0    4    0    1    5    0    3    2    0    0  
   0    3    4    0    2    0    0    5    1    0  
   5    4    0    1    0    3    0    0    2    0  
   0    3    0    5    0    0    1    0    4    2  
   0    0    5    0    1    0    3    4    0    2  
   0    0    0    2    0    1    5    4    0    3  
   3    5    0    0    0    1    0    2    0    4  
   0    0    0    0    5    2    4    0    3    1  
   5    0    0    1    0    0    2    3    4    0  
   0    0    0    5    3    4    0    0    1    2  
   0    4    0    0    3    1    5    2    0    0  
   1    0    2    0    0    4    0    3    0    5  
   4    0    1    0    0    0    0    5    2    3  
   0    1    0    5    2    4    0    3    0    0  
   0    0    4    0    2    5    3    0    0    1  
   2    5    4    3    0    1    0    0    0    0  
   0    0    1    2    3    0    5    0    4    0  
   0    0    0    5    0    4    3    2    0    1  
   2    0    0    4    0    5    1    0    3    0  
   0    2    1    0    0    5    0    0    3    4  
   3    4    0    2    0    0    0    0    5    1  
   4    5    0    0    0    0    3    1    0    2  
   5    2    0    0    4    0    1    3    0    0  
   5    0    4    2    0    0    0    3    0    1  
   0    4    2    3    0    0    1    0    5    0  
   0    2    0    0    3    5    4    0    1    0  
   2    0    0    1    0    4    0    0    5    3  
   3    0    0    1    4    0    0    5    0    2  ] 
RESERVATION PRICES : [    7    0    0    0    0    7    6    0    6    7  
  14   12    0    0    0    0   14   13   12    0  
  13    0   14    0   12   13    0    0   11    0  
   0    0   18   17   17   16    0   19    0    0  
   0    0   20    0    0   19   19   19   23    0  
   0   26    0    0    0   21   21   25   27    0  
  25    0   26    0   24    0   20    0   20    0  
   0    0   20   20   21    0    0   26    0   24  
   0    0   28   24    0    0   30   28   28    0  
  31    0   38    0   35    0    0    0   32   38  
  29   36   36    0    0    0    0   37   39    0  
  44   35   37    0   35    0    0    0    0   32  
   0   48    0    0   38    0    0   41   51   48  
   0    0   40    0   42   43    0   40   52    0  
   0    0    0   54   47   56    0    0   45   55  
   0   57   54    0    0   53    0    0   50   45  
  52   62    0   55    0    0   63    0   49    0  
  73   60   70   69    0    0    0   58    0    0  
  62    0   69    0   66    0    0   76    0   67  
   0   76   78   63    0   73    0    0   75    0  
  78    0    0    0   82   78   68    0   73    0  
   0    0   89    0   79   90    0    0   82   88  
  81    0    0   92    0   94   71    0   87    0  
   0   96  103    0    0   91   80    0   75    0  
   0  100    0  100   77   91    0   76    0    0  
 110   88    0    0  103    0    0   82    0  104  
  93   92    0    0    0   90   94    0    0   84  
  93    0  121    0    0    0  117  106    0   93  
 113    0    0  111   89   96    0    0  116    0  
  92  108  117    0    0  128    0  107    0    0  
   0    0  125  110    0  114  116    0  105    0  
   0  127  118  137  120    0  104    0    0    0  
 114    0  107    0    0    0  128  106  110    0  
 108    0    0    0    0    0  122  102  111  127  
 126  112  128    0  138    0    0    0  116    0  
 136  140  132  108    0    0    0    0  120    0  
   0    0    0  124    0  108    0  117  144  139  
   0  124    0    0  120    0    0  136  133  130  
 136  128  140  129    0    0  130    0    0    0  
 132    0  150  123  137  146    0    0    0    0  
 138  166  162    0    0    0    0    0  149  131  
 162  128  172  136    0    0    0    0  157    0  
   0  125  145    0  155    0  141    0    0  129  
 145    0  161  165  151    0    0    0    0  163  
 158    0  134    0    0    0    0  174  177  155  
   0    0    0  180  183  178  165    0  171    0  
 139  158  147    0    0    0    0  179    0  140  
 150    0    0    0  159  153  140  165    0    0  
   0    0  154    0  174  172    0  187    0  185  
   0  195    0  169    0  174    0    0  160  196  
 151    0    0    0  164  179    0  197    0  187  
   0  191    0    0  183  203  184    0  179    0  
   0  163  211  220  193  168    0    0    0    0  
   0  159  206    0  166  170  218    0    0    0  
   0    0    0  163    0  181    0  202  202  177  
   0    0    0  181  187  212  167    0  171    0  
 208    0  185    0    0  193  225  220    0    0  
 178  220    0  184  197    0    0  192    0    0  
 225    0  183    0  180    0  192    0    0  171  
 212  197  192    0  186    0    0    0    0  178  
 236  212  192  232    0    0    0    0  177    0  
 196    0  222    0    0  178    0  247    0  247  
   0  203    0    0  245    0  233  198    0  186  
   0  193  217  248  186    0    0    0  223    0  
 249  227  221  192    0    0    0  224    0    0  
 191    0    0    0  200  252  229    0  197    0  
 214    0    0    0    0  253  200  195    0  237  
 244    0  216    0  207    0    0  265  231    0  
 246    0    0    0    0  205    0  231  237  205  
 218    0    0  265    0  218    0  201  234    0  
 242  239  221  223    0    0    0  206    0    0  
 213  226  221    0    0    0    0  206  267    0  
   0    0  242    0    0  255  238  279  230    0  
   0  233  272    0    0    0  222  255  208    0  
   0    0  283  213  262    0    0    0  231  271  
 283    0  266    0    0    0    0  213  256  265  
   0  224  215    0  280  275    0    0    0  244  
 259    0  237  278    0  271    0    0    0  291  
   0    0  271  272    0    0  228    0  229  262  
   0  250    0    0    0    0  262  289  278  234  
   0    0  256    0  280    0  241  266  268    0  
 233  265    0    0    0  296  283  311    0    0  
   0    0    0  261    0  294  288    0  241  296  
 314  239    0  243    0  254    0  231    0    0  
 306  295    0    0    0  246    0  268    0  240  
 274  293    0  245    0    0  237    0  235    0  
   0  275    0  285  292    0  245    0  290    0  
 311    0  254    0    0  256    0  281    0  280  
   0    0    0  305  307    0    0  312  283  249  
   0    0  243  334    0  327  255  305    0    0  
   0    0  334    0    0  265  318    0  313  281  
   0  266  263    0  301    0    0  260    0  322  
 317    0    0    0  306  268    0  308    0  349  
   0  264  337    0  330    0  325    0    0  286  
 306  311  265    0  282    0    0    0    0  305  
   0    0  294    0  327    0  345    0  286  353  
 294  358  353    0    0  358    0  289    0    0  
   0  312    0  366  295    0  365  313    0    0  
   0  323  317    0  320    0    0  307  358    0  
 309  293    0  364    0  319    0    0  277    0  
   0  301    0  348    0    0  299    0  367  276  
   0    0  379    0  313    0  359  329    0  306  
   0    0    0  295    0  281  367  305    0  323  
 328  347    0    0    0  324    0  301    0  366  
   0    0    0    0  331  396  326    0  292  384  
 392    0    0  361    0    0  398  337  386    0  
   0    0    0  377  375  373    0    0  315  330  
   0  300    0    0  330  367  360  361    0    0  
 316    0  410    0    0  310    0  344    0  385  
 399    0  392    0    0    0    0  356  317  417  
   0  355    0  366  340  381    0  342    0    0  
   0    0  373    0  309  413  350    0    0  310  
 323  348  375  355    0  317    0    0    0    0  
   0    0  312  357  309    0  331    0  360    0  
   0    0    0  328    0  311  412  383    0  319  
 339    0    0  316    0  339  418    0  418    0  
   0  415  396    0    0  357    0    0  374  413  
 385  344    0  332    0    0    0    0  407  357  
 348  335    0    0    0    0  399  324    0  404  
 340  353    0    0  349    0  371  361    0    0  
 426    0  430  372    0    0    0  432    0  350  
   0  399  418  398    0    0  334    0  390    0  
   0  452    0    0  346  443  445    0  351    0  
 341    0    0  421    0  447    0    0  368  455  
 422    0    0  431  431    0    0  391    0  357  ] 
 ] 
