K : 100
I : 15
C : 10
INSTANCE : 2
PREFERENCES : [    0    1    5    0    0    3    0    2    0    0    4    0    0    0    0  
   0    3    0    0    2    0    4    1    0    5    0    0    0    0    0  
   1    0    4    0    0    5    0    0    0    0    0    2    0    3    0  
   2    0    0    1    0    5    0    0    0    0    4    0    3    0    0  
   0    0    0    0    0    5    0    0    1    0    3    4    0    2    0  
   0    3    0    0    0    4    2    0    5    0    0    0    0    1    0  
   0    0    0    0    0    3    1    4    5    0    0    0    2    0    0  
   4    0    0    0    0    2    0    0    0    0    0    0    1    3    5  
   0    0    0    0    3    0    0    5    1    2    0    0    4    0    0  
   0    0    3    0    5    0    0    1    0    0    4    0    2    0    0  
   4    0    0    0    5    0    0    0    0    2    0    0    3    0    1  
   2    0    0    0    3    0    0    0    5    0    0    4    1    0    0  
   0    0    5    0    0    0    0    0    0    0    4    0    2    1    3  
   0    2    0    1    0    0    0    0    0    5    4    0    0    0    3  
   5    3    0    0    0    0    0    2    0    1    4    0    0    0    0  
   2    0    0    4    0    5    0    0    0    1    0    0    0    0    3  
   0    0    0    0    0    0    0    5    0    3    1    0    2    0    4  
   0    4    0    0    0    0    5    0    2    0    0    0    1    0    3  
   1    0    4    0    0    0    0    0    0    0    5    0    2    3    0  
   0    0    5    4    0    3    0    0    2    1    0    0    0    0    0  
   0    1    0    0    0    4    0    3    2    0    0    0    0    0    5  
   0    0    2    0    0    0    1    0    5    0    0    0    3    0    4  
   0    0    1    0    3    0    0    0    2    0    4    5    0    0    0  
   0    5    0    0    0    4    1    0    0    3    0    0    2    0    0  
   4    0    0    0    0    2    0    5    0    3    0    0    1    0    0  
   0    1    0    0    0    0    0    5    0    0    2    4    3    0    0  
   3    0    0    0    0    0    0    0    5    0    1    0    4    2    0  
   0    3    0    0    0    2    0    0    0    4    5    1    0    0    0  
   0    5    3    0    2    0    0    0    0    0    1    0    0    0    4  
   0    0    0    1    0    5    2    3    0    0    4    0    0    0    0  
   0    1    0    0    0    0    0    2    0    5    3    4    0    0    0  
   0    0    0    0    0    4    3    1    0    2    0    0    5    0    0  
   1    0    4    0    3    2    0    0    0    0    5    0    0    0    0  
   0    0    0    4    1    0    0    0    0    2    0    0    3    5    0  
   0    0    0    0    1    0    2    0    5    0    3    0    0    4    0  
   5    0    0    3    4    0    0    0    0    1    0    0    0    0    2  
   0    0    0    0    0    1    4    0    0    0    2    5    0    0    3  
   0    0    0    0    0    4    5    1    3    0    0    0    2    0    0  
   0    0    5    3    2    0    0    0    1    0    0    0    0    4    0  
   5    0    0    0    0    3    0    0    2    0    1    4    0    0    0  
   0    0    0    3    2    4    0    1    0    0    0    5    0    0    0  
   0    0    0    0    2    4    1    0    0    0    0    5    0    3    0  
   0    0    0    0    0    4    2    1    0    3    0    0    5    0    0  
   0    0    0    0    0    4    0    3    0    0    0    5    0    2    1  
   4    3    0    0    1    0    0    0    5    0    2    0    0    0    0  
   0    0    3    2    0    1    4    0    5    0    0    0    0    0    0  
   0    0    0    0    0    0    1    3    0    0    5    0    4    2    0  
   0    3    1    0    0    0    0    0    0    0    0    5    2    0    4  
   3    0    2    5    0    0    0    0    0    1    0    0    4    0    0  
   0    0    3    4    0    0    0    0    0    0    0    5    0    1    2  
   0    0    0    0    3    0    0    4    1    0    2    5    0    0    0  
   0    0    0    1    0    0    0    4    3    0    0    0    5    2    0  
   2    4    1    0    0    0    0    5    0    0    0    0    3    0    0  
   0    0    1    3    0    0    0    5    0    2    0    0    0    4    0  
   0    3    0    2    1    0    0    0    0    5    0    0    4    0    0  
   4    0    2    0    0    0    0    0    0    3    5    1    0    0    0  
   0    0    0    0    4    3    0    1    0    2    0    0    0    0    5  
   0    0    0    3    5    2    0    4    0    0    0    1    0    0    0  
   0    0    0    0    0    5    0    0    3    2    1    4    0    0    0  
   0    1    0    0    0    4    0    5    2    0    0    0    3    0    0  
   0    0    0    0    0    0    5    2    1    0    0    4    0    0    3  
   3    0    2    0    0    0    0    0    5    0    4    1    0    0    0  
   0    1    2    0    0    4    5    0    3    0    0    0    0    0    0  
   0    0    0    4    0    0    0    5    3    1    0    0    2    0    0  
   0    0    0    4    0    5    0    1    3    2    0    0    0    0    0  
   0    0    0    0    0    0    5    0    3    4    1    0    0    2    0  
   0    1    4    0    3    0    5    0    0    0    0    2    0    0    0  
   2    0    0    0    0    3    0    0    4    0    0    0    5    1    0  
   5    4    0    0    0    0    0    0    0    0    0    0    2    3    1  
   0    0    3    1    0    0    5    0    0    4    0    0    0    2    0  
   0    0    0    0    0    3    0    0    0    0    4    2    0    5    1  
   0    0    0    4    0    0    0    0    0    1    0    3    2    0    5  
   0    0    1    0    0    0    0    3    2    5    4    0    0    0    0  
   0    0    0    0    0    0    1    0    4    5    2    0    0    3    0  
   0    0    0    4    0    0    0    2    0    1    0    3    0    5    0  
   0    3    2    4    1    0    0    0    0    5    0    0    0    0    0  
   0    2    5    0    3    0    0    1    0    0    0    0    4    0    0  
   0    0    3    0    1    5    4    0    0    2    0    0    0    0    0  
   0    2    0    0    1    5    0    0    0    4    0    0    0    3    0  
   0    0    1    0    0    0    4    0    0    0    0    0    2    5    3  
   0    0    0    0    0    5    0    0    0    0    0    4    2    1    3  
   0    4    0    3    0    2    0    0    0    1    0    0    5    0    0  
   0    0    5    0    0    0    0    0    0    4    2    3    0    0    1  
   4    0    0    0    5    0    0    0    0    1    0    0    3    0    2  
   0    0    0    0    4    0    3    1    0    2    0    0    5    0    0  
   0    0    4    3    2    0    0    5    0    0    0    0    0    1    0  
   1    0    0    0    0    0    0    2    0    5    0    0    3    4    0  
   3    0    0    0    0    0    4    0    1    0    0    2    0    5    0  
   0    0    1    5    0    2    0    0    3    0    0    0    0    4    0  
   1    4    2    0    0    0    0    0    0    5    0    0    0    0    3  
   0    0    0    0    2    5    0    3    0    4    0    0    1    0    0  
   2    0    0    0    3    0    1    0    0    0    5    4    0    0    0  
   0    0    4    0    3    0    0    0    2    0    1    0    0    5    0  
   0    4    0    0    0    3    0    0    1    0    2    5    0    0    0  
   0    2    0    0    1    0    0    0    4    0    0    5    0    3    0  
   0    0    2    5    1    0    0    3    0    0    0    0    0    4    0  
   2    0    0    0    4    1    0    0    0    0    0    0    3    5    0  
   0    0    1    0    0    2    3    0    0    5    0    0    0    0    4  
   0    0    0    0    2    1    0    4    0    0    5    0    0    0    3  
   0    3    0    4    2    0    0    0    0    1    0    0    5    0    0  ] 
RESERVATION PRICES : [    0    7    6    0    0    7    0    6    0    0    6    0    0    0    0  
   0   10    0    0    9    0   11   11    0   11    0    0    0    0    0  
  15    0   16    0    0   16    0    0    0    0    0   13    0   16    0  
  21    0    0   20    0   19    0    0    0    0   20    0   16    0    0  
   0    0    0    0    0   22    0    0   23    0   24   24    0   22    0  
   0   31    0    0    0   28   30    0   29    0    0    0    0   26    0  
   0    0    0    0    0   27   31   26   26    0    0    0   30    0    0  
  37    0    0    0    0   38    0    0    0    0    0    0   33   30   38  
   0    0    0    0   37    0    0   33   36   39    0    0   38    0    0  
   0    0   36    0   38    0    0   36    0    0   35    0   35    0    0  
  45    0    0    0   42    0    0    0    0   45    0    0   37    0   46  
  44    0    0    0   38    0    0    0   40    0    0   39   50    0    0  
   0    0   52    0    0    0    0    0    0    0   47    0   42   45   51  
   0   54    0   59    0    0    0    0    0   59   57    0    0    0   44  
  57   48    0    0    0    0    0   56    0   58   44    0    0    0    0  
  63    0    0   63    0   63    0    0    0   66    0    0    0    0   52  
   0    0    0    0    0    0    0   50    0   51   58    0   52    0   49  
   0   52    0    0    0    0   56    0   52    0    0    0   55    0   64  
  58    0   54    0    0    0    0    0    0    0   54    0   72   54    0  
   0    0   74   67    0   66    0    0   62   68    0    0    0    0    0  
   0   75    0    0    0   61    0   63   63    0    0    0    0    0   64  
   0    0   86    0    0    0   82    0   85    0    0    0   87    0   81  
   0    0   70    0   73    0    0    0   72    0   79   69    0    0    0  
   0   80    0    0    0   85   78    0    0   85    0    0   89    0    0  
  68    0    0    0    0   71    0   66    0   70    0    0   88    0    0  
   0   91    0    0    0    0    0   80    0    0   75   82   77    0    0  
  92    0    0    0    0    0    0    0   92    0   94    0   81   89    0  
   0   94    0    0    0   94    0    0    0   91   77  101    0    0    0  
   0   84   91    0  107    0    0    0    0    0   79    0    0    0   95  
   0    0    0   90    0   95  102   91    0    0   85    0    0    0    0  
   0  108    0    0    0    0    0  107    0   99   95   87    0    0    0  
   0    0    0    0    0  120  105  120    0   94    0    0  114    0    0  
 118    0  110    0  122  109    0    0    0    0  106    0    0    0    0  
   0    0    0   95  112    0    0    0    0   99    0    0   91   94    0  
   0    0    0    0  127    0  120    0   95    0  116    0    0  120    0  
 100    0    0  109  129    0    0    0    0  117    0    0    0    0   98  
   0    0    0    0    0  103  131    0    0    0  117   99    0    0  115  
   0    0    0    0    0  102  113  137  100    0    0    0  122    0    0  
   0    0  131  118  103    0    0    0  110    0    0    0    0  123    0  
 106    0    0    0    0  128    0    0  140    0  131  115    0    0    0  
   0    0    0  116  121  123    0  107    0    0    0  139    0    0    0  
   0    0    0    0  127  112  118    0    0    0    0  134    0  138    0  
   0    0    0    0    0  144  128  121    0  139    0    0  142    0    0  
   0    0    0    0    0  148    0  129    0    0    0  154    0  137  129  
 131  147    0    0  137    0    0    0  150    0  125    0    0    0    0  
   0    0  137  153    0  139  127    0  148    0    0    0    0    0    0  
   0    0    0    0    0    0  139  175    0    0  137    0  156  133    0  
   0  156  165    0    0    0    0    0    0    0    0  157  172    0  153  
 133    0  139  165    0    0    0    0    0  166    0    0  171    0    0  
   0    0  153  178    0    0    0    0    0    0    0  182    0  156  145  
   0    0    0    0  155    0    0  135  181    0  183  162    0    0    0  
   0    0    0  149    0    0    0  192  150    0    0    0  171  189    0  
 166  195  170    0    0    0    0  158    0    0    0    0  176    0    0  
   0    0  182  186    0    0    0  149    0  163    0    0    0  193    0  
   0  152    0  192  196    0    0    0    0  144    0    0  150    0    0  
 157    0  199    0    0    0    0    0    0  180  154  188    0    0    0  
   0    0    0    0  177  199    0  154    0  174    0    0    0    0  172  
   0    0    0  179  164  212    0  209    0    0    0  176    0    0    0  
   0    0    0    0    0  216    0    0  202  190  171  207    0    0    0  
   0  178    0    0    0  207    0  189  217    0    0    0  208    0    0  
   0    0    0    0    0    0  221  223  186    0    0  171    0    0  177  
 213    0  168    0    0    0    0    0  173    0  214  185    0    0    0  
   0  183  233    0    0  224  202    0  209    0    0    0    0    0    0  
   0    0    0  239    0    0    0  175  227  198    0    0  193    0    0  
   0    0    0  184    0  227    0  219  207  215    0    0    0    0    0  
   0    0    0    0    0    0  189    0  246  245  236    0    0  194    0  
   0  234  199    0  229    0  246    0    0    0    0  181    0    0    0  
 200    0    0    0    0  235    0    0  192    0    0    0  234  186    0  
 226  191    0    0    0    0    0    0    0    0    0    0  186  232  207  
   0    0  191  200    0    0  196    0    0  248    0    0    0  224    0  
   0    0    0    0    0  191    0    0    0    0  247  264    0  192  222  
   0    0    0  232    0    0    0    0    0  209    0  234  209    0  225  
   0    0  198    0    0    0    0  235  248  237  272    0    0    0    0  
   0    0    0    0    0    0  256    0  205  258  266    0    0  239    0  
   0    0    0  256    0    0    0  216    0  242    0  274    0  225    0  
   0  218  255  217  242    0    0    0    0  225    0    0    0    0    0  
   0  244  213    0  253    0    0  219    0    0    0    0  266    0    0  
   0    0  276    0  242  288  258    0    0  251    0    0    0    0    0  
   0  275    0    0  223  256    0    0    0  266    0    0    0  214    0  
   0    0  275    0    0    0  272    0    0    0    0    0  282  221  279  
   0    0    0    0    0  287    0    0    0    0    0  272  283  265  240  
   0  253    0  294    0  274    0    0    0  257    0    0  264    0    0  
   0    0  294    0    0    0    0    0    0  231  239  290    0    0  238  
 240    0    0    0  301    0    0    0    0  269    0    0  272    0  251  
   0    0    0    0  284    0  243  316    0  272    0    0  263    0    0  
   0    0  299  264  256    0    0  290    0    0    0    0    0  236    0  
 275    0    0    0    0    0    0  280    0  302    0    0  278  274    0  
 293    0    0    0    0    0  324    0  278    0    0  290    0  314    0  
   0    0  296  247    0  276    0    0  272    0    0    0    0  249    0  
 292  254  287    0    0    0    0    0    0  309    0    0    0    0  318  
   0    0    0    0  254  273    0  332    0  259    0    0  341    0    0  
 281    0    0    0  309    0  252    0    0    0  337  326    0    0    0  
   0    0  271    0  336    0    0    0  289    0  330    0    0  294    0  
   0  353    0    0    0  325    0    0  304    0  318  256    0    0    0  
   0  287    0    0  353    0    0    0  271    0    0  294    0  346    0  
   0    0  317  319  293    0    0  342    0    0    0    0    0  290    0  
 331    0    0    0  264  333    0    0    0    0    0    0  320  314    0  
   0    0  331    0    0  268  320    0    0  276    0    0    0    0  367  
   0    0    0    0  356  280    0  330    0    0  311    0    0    0  367  
   0  308    0  369  335    0    0    0    0  375    0    0  372    0    0  ] 
 ] 
