K : 150
I : 15
C : 15
INSTANCE : 4
PREFERENCES : [    2    0    0    0    1    0    3    0    5    4    0    0    0    0    0  
   4    0    5    0    0    0    0    0    3    2    0    0    1    0    0  
   0    2    0    5    0    1    0    0    3    0    0    0    0    4    0  
   0    3    0    4    2    0    0    0    0    0    5    0    0    1    0  
   0    3    0    0    0    0    0    2    0    0    4    1    5    0    0  
   0    3    0    0    0    0    1    4    0    5    0    2    0    0    0  
   0    0    0    3    0    0    0    5    2    1    0    0    4    0    0  
   5    0    0    3    0    0    0    0    1    0    0    0    4    0    2  
   2    0    0    0    0    0    0    0    1    0    3    5    0    4    0  
   1    2    0    0    0    0    0    3    0    5    0    0    0    4    0  
   0    4    0    0    0    0    5    3    2    0    0    0    0    0    1  
   0    2    0    1    0    0    0    3    0    5    0    0    0    0    4  
   5    4    0    0    1    0    0    3    0    0    0    0    2    0    0  
   0    0    0    3    1    0    0    2    0    0    0    4    0    5    0  
   0    0    0    0    5    3    0    2    0    4    0    0    0    0    1  
   0    4    0    0    5    0    0    0    0    3    1    2    0    0    0  
   0    4    1    3    0    5    0    2    0    0    0    0    0    0    0  
   1    0    0    4    0    5    3    0    0    0    0    0    2    0    0  
   4    0    0    3    0    0    0    0    0    1    0    0    2    0    5  
   4    0    3    1    0    0    0    5    0    0    0    2    0    0    0  
   0    2    0    0    3    0    4    0    0    0    1    0    0    0    5  
   2    3    5    0    4    0    0    0    0    0    0    0    0    1    0  
   0    0    0    0    3    4    2    0    0    1    0    0    0    5    0  
   0    0    0    0    3    5    2    0    0    4    1    0    0    0    0  
   2    0    0    1    3    0    0    0    0    0    0    5    0    4    0  
   0    0    0    0    0    0    0    4    0    2    3    5    1    0    0  
   0    0    4    0    5    0    0    0    0    3    0    2    1    0    0  
   0    1    0    0    0    0    0    3    0    0    0    0    4    2    5  
   3    4    1    2    0    0    0    0    0    0    0    0    0    5    0  
   0    0    0    5    0    1    3    0    0    0    0    2    0    0    4  
   0    0    0    0    2    0    0    0    0    3    0    5    0    4    1  
   3    1    0    0    0    0    0    5    0    0    4    2    0    0    0  
   0    0    0    2    0    0    1    5    4    0    0    0    0    3    0  
   0    0    0    2    0    4    0    0    0    0    0    1    5    3    0  
   0    0    3    0    0    0    0    0    2    1    0    0    0    4    5  
   0    0    0    3    2    1    0    0    0    0    0    0    0    5    4  
   0    5    0    0    1    0    3    0    4    0    0    0    2    0    0  
   0    0    0    1    0    2    0    0    5    0    0    3    0    0    4  
   0    4    3    0    1    0    0    2    0    0    0    0    5    0    0  
   1    0    0    0    0    0    0    0    4    0    0    5    0    3    2  
   5    0    1    4    0    2    0    0    0    0    0    0    3    0    0  
   5    0    0    0    3    2    0    0    0    0    4    0    0    1    0  
   4    0    2    0    0    3    0    0    0    0    5    0    0    1    0  
   0    0    0    0    5    0    0    2    0    0    1    3    0    4    0  
   0    3    0    0    1    0    4    0    0    0    5    0    2    0    0  
   0    0    0    0    5    1    0    0    3    0    4    2    0    0    0  
   0    0    0    0    1    3    0    5    0    4    0    0    0    2    0  
   0    0    5    0    0    0    0    2    0    0    3    0    1    4    0  
   3    0    2    0    1    0    0    0    0    0    0    0    5    0    4  
   4    0    0    5    2    0    0    0    3    0    1    0    0    0    0  
   0    2    0    0    3    1    0    0    0    0    5    0    0    4    0  
   5    0    2    0    0    0    1    4    0    3    0    0    0    0    0  
   0    0    4    0    2    0    0    3    0    0    1    5    0    0    0  
   2    0    5    0    0    0    0    0    0    0    0    1    3    4    0  
   0    0    2    0    1    3    0    0    5    0    4    0    0    0    0  
   0    0    2    4    5    0    0    0    0    1    0    0    0    3    0  
   0    0    1    0    2    0    0    3    0    0    4    0    0    0    5  
   3    0    0    0    0    4    5    0    0    0    0    0    2    1    0  
   4    0    3    0    0    0    0    0    5    1    0    0    0    2    0  
   0    2    4    0    3    0    0    0    0    0    0    0    5    1    0  
   0    0    2    4    0    5    0    3    0    0    0    0    1    0    0  
   0    3    0    0    0    1    0    5    0    0    0    2    0    4    0  
   0    0    0    4    0    1    0    0    0    0    2    0    3    0    5  
   0    5    0    0    2    1    0    0    0    0    0    4    0    3    0  
   0    2    0    4    0    5    3    0    0    0    0    0    0    1    0  
   0    5    0    2    0    0    0    1    4    0    3    0    0    0    0  
   4    0    0    0    0    0    0    0    5    0    1    0    0    2    3  
   1    0    0    0    0    0    0    5    4    2    0    0    3    0    0  
   1    0    0    5    3    0    0    0    0    0    0    2    0    0    4  
   0    0    0    0    2    0    0    0    0    3    4    5    0    1    0  
   0    0    1    0    0    0    5    0    2    0    4    0    0    3    0  
   1    4    0    0    0    0    2    5    0    0    0    0    0    3    0  
   4    0    0    3    0    2    0    0    0    0    5    0    0    1    0  
   3    0    4    0    0    0    0    0    0    5    1    0    0    0    2  
   0    1    0    4    0    0    3    2    0    0    5    0    0    0    0  
   5    0    4    0    0    0    0    0    0    0    2    0    3    1    0  
   0    0    0    0    5    0    4    3    0    1    0    0    2    0    0  
   0    0    0    0    5    4    0    0    0    2    0    3    0    1    0  
   0    0    0    0    4    2    3    1    0    0    0    0    0    0    5  
   2    3    5    0    0    0    0    0    0    0    4    0    0    0    1  
   1    0    0    0    0    2    0    0    0    0    0    3    4    0    5  
   0    0    0    4    0    3    5    0    0    2    0    0    0    0    1  
   0    0    0    0    0    5    0    0    1    0    3    0    0    2    4  
   5    2    3    1    0    0    0    0    0    0    4    0    0    0    0  
   0    0    4    0    5    2    3    1    0    0    0    0    0    0    0  
   5    0    0    0    0    3    2    0    4    0    0    0    1    0    0  
   0    3    0    0    4    0    1    0    2    0    0    0    5    0    0  
   0    0    0    3    0    0    1    0    0    0    5    4    2    0    0  
   0    0    0    1    0    0    0    5    0    0    4    0    3    0    2  
   0    0    0    0    0    0    0    3    1    0    0    4    2    5    0  
   4    0    0    0    0    5    1    0    0    0    2    0    0    3    0  
   3    0    0    0    0    0    0    0    0    0    4    2    5    0    1  
   0    0    0    3    2    0    0    0    4    1    0    0    5    0    0  
   4    0    0    0    0    0    1    0    0    0    3    2    5    0    0  
   1    0    0    5    0    4    0    0    0    0    2    0    0    0    3  
   5    0    1    0    0    0    0    2    0    4    0    0    0    3    0  
   0    0    3    1    0    5    0    0    4    0    0    2    0    0    0  
   0    1    3    0    0    4    0    0    0    0    0    5    0    2    0  
   0    0    0    5    0    0    0    0    4    2    0    1    0    0    3  
   0    2    4    0    5    0    0    3    0    0    0    0    1    0    0  
   5    0    4    0    0    0    2    0    1    0    0    0    0    3    0  
   0    5    0    4    0    0    0    0    2    0    0    0    0    1    3  
   1    0    0    3    0    0    0    0    0    0    0    0    4    2    5  
   0    0    0    5    0    3    0    0    0    0    1    0    4    0    2  
   0    0    0    0    0    4    5    0    0    1    3    0    0    2    0  
   3    4    5    0    0    0    0    1    0    0    0    0    2    0    0  
   0    0    0    3    0    0    0    0    0    2    0    0    5    1    4  
   0    1    4    0    5    0    3    2    0    0    0    0    0    0    0  
   1    0    0    0    4    2    0    0    5    3    0    0    0    0    0  
   0    0    2    0    0    4    0    3    0    0    5    0    1    0    0  
   0    0    2    5    4    0    3    0    0    0    0    0    0    1    0  
   0    2    0    1    0    3    0    0    4    0    0    0    5    0    0  
   0    0    0    3    0    5    2    0    0    1    0    0    4    0    0  
   0    0    3    5    0    4    0    0    2    0    0    0    1    0    0  
   5    0    0    0    0    4    0    1    0    0    3    0    0    2    0  
   4    5    0    1    0    0    0    0    0    2    0    0    0    3    0  
   0    0    4    0    0    0    0    1    2    0    0    3    5    0    0  
   0    3    0    0    1    5    0    4    0    0    0    0    2    0    0  
   0    2    5    0    0    0    0    0    1    0    0    3    4    0    0  
   4    0    1    0    3    0    0    0    0    0    2    5    0    0    0  
   1    5    0    4    0    0    0    0    0    0    0    0    3    0    2  
   0    2    0    5    0    0    4    3    0    0    0    1    0    0    0  
   1    0    5    0    3    0    4    0    0    2    0    0    0    0    0  
   0    5    4    2    1    0    0    0    0    0    0    0    0    3    0  
   0    2    4    0    1    0    0    0    5    0    0    0    0    0    3  
   0    2    0    0    3    1    0    5    0    0    4    0    0    0    0  
   0    0    2    5    0    0    3    1    4    0    0    0    0    0    0  
   0    0    0    1    2    0    0    0    0    0    5    0    0    3    4  
   5    0    0    0    0    4    0    3    0    0    0    0    1    0    2  
   0    0    0    0    5    0    1    0    2    3    0    4    0    0    0  
   0    5    0    4    0    0    0    0    0    2    1    0    3    0    0  
   4    0    5    2    0    1    0    0    0    0    0    0    0    3    0  
   0    0    4    0    0    0    0    0    5    3    0    2    0    1    0  
   0    4    0    0    1    5    0    0    0    0    3    0    2    0    0  
   0    0    3    0    2    0    0    0    1    5    4    0    0    0    0  
   0    0    0    0    0    0    0    5    3    0    2    0    1    4    0  
   2    1    0    0    0    0    0    0    5    0    0    3    0    0    4  
   1    5    0    0    0    0    0    3    4    2    0    0    0    0    0  
   2    0    0    0    0    3    0    4    0    0    0    5    0    0    1  
   0    0    0    2    0    0    0    0    5    0    3    0    0    1    4  
   0    4    3    0    1    5    0    0    2    0    0    0    0    0    0  
   4    0    0    0    0    0    5    0    0    2    0    0    1    3    0  
   0    0    0    2    0    4    0    3    0    5    0    0    1    0    0  
   0    0    4    0    5    0    0    3    0    2    0    1    0    0    0  
   0    5    3    0    0    0    0    0    0    0    0    4    2    1    0  
   1    0    2    3    0    0    5    0    0    0    0    0    4    0    0  
   2    0    0    0    0    1    0    0    0    3    0    0    0    5    4  
   0    0    0    0    3    0    0    5    0    1    2    0    0    0    4  
   0    0    0    0    2    0    4    0    1    0    0    3    0    5    0  
   0    0    3    1    0    0    0    0    5    2    4    0    0    0    0  ] 
RESERVATION PRICES : [    7    0    0    0    6    0    7    0    7    6    0    0    0    0    0  
  11    0    9    0    0    0    0    0    9   11    0    0   10    0    0  
   0   15    0   19    0   18    0    0   16    0    0    0    0   19    0  
   0   21    0   21   22    0    0    0    0    0   17    0    0   22    0  
   0   25    0    0    0    0    0   24    0    0   23   25   24    0    0  
   0   25    0    0    0    0   28   25    0   30    0   24    0    0    0  
   0    0    0   32    0    0    0   31   25   26    0    0   25    0    0  
  34    0    0   29    0    0    0    0   31    0    0    0   39    0   38  
  42    0    0    0    0    0    0    0   36    0   39   39    0   40    0  
  49   51    0    0    0    0    0   51    0   38    0    0    0   50    0  
   0   45    0    0    0    0   48   54   45    0    0    0    0    0   40  
   0   46    0   51    0    0    0   48    0   48    0    0    0    0   54  
  48   57    0    0   44    0    0   58    0    0    0    0   59    0    0  
   0    0    0   61   65    0    0   54    0    0    0   49    0   52    0  
   0    0    0    0   60   63    0   66    0   54    0    0    0    0   57  
   0   50    0    0   63    0    0    0    0   67   55   61    0    0    0  
   0   64   55   67    0   69    0   72    0    0    0    0    0    0    0  
  63    0    0   79    0   75   72    0    0    0    0    0   76    0    0  
  72    0    0   67    0    0    0    0    0   81    0    0   82    0   65  
  66    0   83   81    0    0    0   70    0    0    0   80    0    0    0  
   0   92    0    0   81    0   83    0    0    0   72    0    0    0   90  
  71   71   90    0   71    0    0    0    0    0    0    0    0   83    0  
   0    0    0    0   88   86   86    0    0   81    0    0    0   75    0  
   0    0    0    0   79   80   91    0    0   78  100    0    0    0    0  
  78    0    0   94   90    0    0    0    0    0    0   91    0   89    0  
   0    0    0    0    0    0    0   93    0  106   91   79  101    0    0  
   0    0   98    0  109    0    0    0    0   85    0   94   94    0    0  
   0   88    0    0    0    0    0  106    0    0    0    0   93   93  112  
 120   99  105  105    0    0    0    0    0    0    0    0    0  114    0  
   0    0    0  100    0   94  114    0    0    0    0  121    0    0  123  
   0    0    0    0  124    0    0    0    0  115    0  129    0   99   98  
 127  107    0    0    0    0    0  103    0    0  112  124    0    0    0  
   0    0    0  100    0    0  122  127  117    0    0    0    0  113    0  
   0    0    0  124    0  112    0    0    0    0    0  114  104   98    0  
   0    0  110    0    0    0    0    0  116  108    0    0    0  125  118  
   0    0    0  119  114  101    0    0    0    0    0    0    0  128  103  
   0  137    0    0  108    0  115    0  111    0    0    0  106    0    0  
   0    0    0  146    0  114    0    0  114    0    0  127    0    0  106  
   0  146  111    0  108    0    0  107    0    0    0    0  125    0    0  
 121    0    0    0    0    0    0    0  151    0    0  122    0  118  124  
 116    0  135  129    0  127    0    0    0    0    0    0  127    0    0  
 140    0    0    0  145  164    0    0    0    0  138    0    0  151    0  
 155    0  134    0    0  148    0    0    0    0  162    0    0  164    0  
   0    0    0    0  170    0    0  148    0    0  149  124    0  152    0  
   0  141    0    0  152    0  164    0    0    0  159    0  170    0    0  
   0    0    0    0  153  132    0    0  171    0  139  136    0    0    0  
   0    0    0    0  165  158    0  161    0  174    0    0    0  180    0  
   0    0  160    0    0    0    0  158    0    0  161    0  171  179    0  
 185    0  145    0  136    0    0    0    0    0    0    0  155    0  159  
 136    0    0  185  183    0    0    0  137    0  161    0    0    0    0  
   0  173    0    0  190  176    0    0    0    0  169    0    0  152    0  
 153    0  160    0    0    0  173  173    0  152    0    0    0    0    0  
   0    0  201    0  187    0    0  203    0    0  177  150    0    0    0  
 169    0  202    0    0    0    0    0    0    0    0  147  169  163    0  
   0    0  195    0  208  165    0    0  173    0  192    0    0    0    0  
   0    0  199  203  163    0    0    0    0  162    0    0    0  165    0  
   0    0  181    0  169    0    0  177    0    0  207    0    0    0  163  
 167    0    0    0    0  190  162    0    0    0    0    0  192  186    0  
 225    0  194    0    0    0    0    0  177  223    0    0    0  203    0  
   0  182  182    0  206    0    0    0    0    0    0    0  217  204    0  
   0    0  226  182    0  195    0  177    0    0    0    0  236    0    0  
   0  186    0    0    0  225    0  181    0    0    0  234    0  239    0  
   0    0    0  216    0  244    0    0    0    0  215    0  183    0  247  
   0  187    0    0  220  214    0    0    0    0    0  187    0  238    0  
   0  240    0  217    0  244  202    0    0    0    0    0    0  211    0  
   0  236    0  235    0    0    0  212  179    0  219    0    0    0    0  
 225    0    0    0    0    0    0    0  197    0  202    0    0  225  205  
 199    0    0    0    0    0    0  210  240  219    0    0  256    0    0  
 206    0    0  249  256    0    0    0    0    0    0  244    0    0  252  
   0    0    0    0  217    0    0    0    0  203  241  206    0  205    0  
   0    0  209    0    0    0  222    0  253    0  234    0    0  231    0  
 213  238    0    0    0    0  258  224    0    0    0    0    0  211    0  
 199    0    0  236    0  212    0    0    0    0  241    0    0  213    0  
 281    0  219    0    0    0    0    0    0  226  241    0    0    0  220  
   0  264    0  246    0    0  216  207    0    0  271    0    0    0    0  
 220    0  239    0    0    0    0    0    0    0  287    0  236  292    0  
   0    0    0    0  231    0  249  272    0  236    0    0  280    0    0  
   0    0    0    0  267  274    0    0    0  224    0  265    0  288    0  
   0    0    0    0  244  229  273  268    0    0    0    0    0    0  291  
 269  219  235    0    0    0    0    0    0    0  300    0    0    0  285  
 232    0    0    0    0  292    0    0    0    0    0  252  248    0  301  
   0    0    0  279    0  277  308    0    0  277    0    0    0    0  265  
   0    0    0    0    0  282    0    0  301    0  263    0    0  306  284  
 276  235  277  298    0    0    0    0    0    0  294    0    0    0    0  
   0    0  267    0  294  240  281  252    0    0    0    0    0    0    0  
 291    0    0    0    0  329  304    0  317    0    0    0  293    0    0  
   0  253    0    0  313    0  296    0  271    0    0    0  312    0    0  
   0    0    0  308    0    0  279    0    0    0  271  281  290    0    0  
   0    0    0  312    0    0    0  277    0    0  267    0  279    0  305  
   0    0    0    0    0    0    0  282  274    0    0  294  306  280    0  
 288    0    0    0    0  326  315    0    0    0  280    0    0  289    0  
 279    0    0    0    0    0    0    0    0    0  265  326  281    0  284  
   0    0    0  347  334    0    0    0  260  274    0    0  298    0    0  
 289    0    0    0    0    0  310    0    0    0  286  270  340    0    0  
 277    0    0  293    0  255    0    0    0    0  304    0    0    0  320  
 358    0  332    0    0    0    0  313    0  294    0    0    0  269    0  
   0    0  324  283    0  361    0    0  362    0    0  345    0    0    0  
   0  267  352    0    0  331    0    0    0    0    0  293    0  267    0  
   0    0    0  351    0    0    0    0  304  376    0  328    0    0  376  
   0  371  361    0  357    0    0  339    0    0    0    0  363    0    0  
 332    0  346    0    0    0  366    0  305    0    0    0    0  368    0  
   0  326    0  334    0    0    0    0  353    0    0    0    0  305  329  
 340    0    0  288    0    0    0    0    0    0    0    0  321  376  362  
   0    0    0  306    0  387    0    0    0    0  302    0  303    0  303  
   0    0    0    0    0  292  286    0    0  321  339    0    0  358    0  
 393  348  329    0    0    0    0  326    0    0    0    0  328    0    0  
   0    0    0  337    0    0    0    0    0  321    0    0  393  330  364  
   0  342  349    0  377    0  308  400    0    0    0    0    0    0    0  
 358    0    0    0  384  397    0    0  392  318    0    0    0    0    0  
   0    0  396    0    0  368    0  328    0    0  311    0  398    0    0  
   0    0  370  325  303    0  327    0    0    0    0    0    0  310    0  
   0  420    0  396    0  343    0    0  303    0    0    0  365    0    0  
   0    0    0  359    0  376  391    0    0  323    0    0  406    0    0  
   0    0  354  346    0  359    0    0  322    0    0    0  343    0    0  
 385    0    0    0    0  387    0  368    0    0  432    0    0  391    0  
 396  338    0  377    0    0    0    0    0  347    0    0    0  327    0  
   0    0  381    0    0    0    0  404  397    0    0  318  354    0    0  
   0  374    0    0  322  354    0  351    0    0    0    0  419    0    0  
   0  425  402    0    0    0    0    0  446    0    0  372  340    0    0  
 426    0  349    0  381    0    0    0    0    0  339  426    0    0    0  
 346  372    0  355    0    0    0    0    0    0    0    0  385    0  350  
   0  379    0  368    0    0  429  427    0    0    0  363    0    0    0  
 435    0  411    0  461    0  411    0    0  338    0    0    0    0    0  
   0  451  436  352  408    0    0    0    0    0    0    0    0  406    0  
   0  456  460    0  467    0    0    0  376    0    0    0    0    0  358  
   0  447    0    0  423  421    0  470    0    0  436    0    0    0    0  
   0    0  392  412    0    0  479  428  377    0    0    0    0    0    0  
   0    0    0  388  462    0    0    0    0    0  466    0    0  452  368  
 440    0    0    0    0  390    0  389    0    0    0    0  488    0  462  
   0    0    0    0  426    0  377    0  407  454    0  376    0    0    0  
   0  397    0  456    0    0    0    0    0  363  384    0  380    0    0  
 430    0  405  480    0  392    0    0    0    0    0    0    0  429    0  
   0    0  457    0    0    0    0    0  416  378    0  365    0  444    0  
   0  493    0    0  423  425    0    0    0    0  393    0  459    0    0  
   0    0  479    0  472    0    0    0  449  462  388    0    0    0    0  
   0    0    0    0    0    0    0  475  432    0  384    0  470  450    0  
 393  417    0    0    0    0    0    0  408    0    0  465    0    0  502  
 389  444    0    0    0    0    0  453  410  413    0    0    0    0    0  
 461    0    0    0    0  442    0  452    0    0    0  409    0    0  499  
   0    0    0  493    0    0    0    0  501    0  404    0    0  470  417  
   0  486  454    0  475  379    0    0  472    0    0    0    0    0    0  
 501    0    0    0    0    0  490    0    0  448    0    0  443  489    0  
   0    0    0  420    0  454    0  482    0  453    0    0  531    0    0  
   0    0  419    0  529    0    0  457    0  536    0  431    0    0    0  
   0  531  427    0    0    0    0    0    0    0    0  481  492  473    0  
 485    0  401  429    0    0  432    0    0    0    0    0  538    0    0  
 446    0    0    0    0  398    0    0    0  548    0    0    0  460  436  
   0    0    0    0  548    0    0  492    0  554  531    0    0    0  450  
   0    0    0    0  514    0  422    0  443    0    0  559    0  417    0  
   0    0  555  500    0    0    0    0  564  477  495    0    0    0    0  ] 
 ] 
