K : 75
I : 10
C : 3
INSTANCE : 1
PREFERENCES : [    0    3    0    1    4    0    5    0    2    0  
   0    5    0    1    2    0    3    0    0    4  
   3    5    0    0    1    2    0    4    0    0  
   0    4    1    0    3    0    0    2    0    5  
   0    0    5    0    0    0    2    3    4    1  
   0    0    3    0    0    0    4    2    5    1  
   0    4    0    0    0    0    3    2    1    5  
   2    0    0    0    0    5    1    0    4    3  
   0    3    5    0    0    1    0    4    0    2  
   0    0    1    0    0    2    5    0    3    4  
   3    1    0    0    0    5    2    4    0    0  
   4    1    0    3    2    5    0    0    0    0  
   5    0    0    0    1    3    0    0    2    4  
   0    0    4    0    3    2    0    5    1    0  
   2    0    0    0    0    1    3    0    5    4  
   5    0    1    0    2    0    0    3    4    0  
   0    0    2    3    0    0    1    4    5    0  
   0    0    0    0    3    0    4    2    1    5  
   0    3    0    5    2    0    0    0    4    1  
   0    5    4    3    0    0    0    1    0    2  
   0    0    0    0    1    0    2    4    3    5  
   4    0    0    0    5    3    1    0    2    0  
   5    1    0    2    0    0    4    3    0    0  
   5    0    0    0    0    2    3    0    4    1  
   0    3    2    0    0    0    4    1    0    5  
   0    1    0    2    5    0    0    3    0    4  
   2    0    3    5    4    0    0    0    1    0  
   0    5    4    1    0    2    0    0    3    0  
   0    0    5    3    1    0    0    2    0    4  
   0    1    0    4    2    0    0    0    5    3  
   0    5    2    0    0    0    0    3    4    1  
   0    2    3    1    5    0    0    0    4    0  
   1    5    0    0    0    4    3    0    0    2  
   5    2    4    1    0    0    0    0    0    3  
   0    3    0    0    1    5    0    0    2    4  
   0    0    0    2    0    5    0    4    3    1  
   0    5    2    3    1    0    0    4    0    0  
   0    5    0    1    3    4    2    0    0    0  
   3    5    0    1    2    4    0    0    0    0  
   0    0    2    0    3    5    0    0    4    1  
   4    0    3    0    5    0    1    0    0    2  
   0    4    0    3    0    2    0    0    5    1  
   0    3    2    0    5    0    0    0    1    4  
   0    2    1    0    0    3    0    0    5    4  
   2    0    0    4    1    3    0    0    0    5  
   4    0    2    1    0    0    5    0    0    3  
   0    0    4    2    0    0    1    3    5    0  
   0    3    0    0    5    1    0    2    4    0  
   5    0    0    0    4    3    2    0    1    0  
   3    5    1    0    0    4    0    2    0    0  
   0    5    1    2    0    3    0    0    4    0  
   1    0    5    0    3    0    4    2    0    0  
   3    5    1    0    0    4    0    0    0    2  
   0    0    5    1    0    4    3    0    2    0  
   5    0    0    4    1    2    0    0    3    0  
   5    4    0    3    0    0    1    0    0    2  
   4    3    0    1    0    0    0    0    5    2  
   0    5    0    0    1    4    0    0    3    2  
   0    3    1    4    0    2    5    0    0    0  
   3    0    0    5    0    0    2    4    1    0  
   5    0    2    0    1    0    0    3    4    0  
   3    2    0    5    0    0    0    1    0    4  
   5    0    2    3    4    1    0    0    0    0  
   0    4    1    2    0    0    5    3    0    0  
   0    0    0    4    1    3    5    2    0    0  
   0    2    4    0    5    0    0    0    1    3  
   5    0    0    1    0    4    2    0    0    3  
   1    0    0    5    0    3    0    4    2    0  
   4    2    5    0    0    0    0    0    3    1  
   4    1    0    0    0    0    3    0    2    5  
   1    0    2    0    4    5    3    0    0    0  
   0    5    0    2    0    0    1    3    0    4  
   0    2    4    5    1    0    0    0    0    3  
   5    0    0    3    2    0    1    0    4    0  
   0    0    1    0    5    0    0    3    2    4  ] 
RESERVATION PRICES : [    0    9    0    8    7    0    9    0    9    0  
   0    7    0    7    7    0    9    0    0    8  
   9   10    0    0   10   11    0    9    0    0  
   0   15   14    0   18    0    0   17    0   14  
   0    0   19    0    0    0   19   19   19   16  
   0    0   20    0    0    0   21   19   25   25  
   0   29    0    0    0    0   24   23   24   25  
  32    0    0    0    0   28   34    0   26   29  
   0   28   33    0    0   27    0   34    0   27  
   0    0   31    0    0   39   33    0   37   40  
  38   41    0    0    0   41   44   42    0    0  
  42   44    0   39   33   34    0    0    0    0  
  49    0    0    0   50   51    0    0   51   40  
   0    0   44    0   45   53    0   49   49    0  
  46    0    0    0    0   44   51    0   56   52  
  53    0   57    0   51    0    0   48   45    0  
   0    0   47   48    0    0   45   48   59    0  
   0    0    0    0   54    0   55   67   56   67  
   0   72    0   75   71    0    0    0   71   74  
   0   74   67   63    0    0    0   65    0   70  
   0    0    0    0   60    0   66   56   61   59  
  79    0    0    0   67   62   60    0   69    0  
  84   79    0   66    0    0   63   66    0    0  
  85    0    0    0    0   72   88    0   89   67  
   0   76   82    0    0    0   74   72    0   76  
   0   85    0   83   85    0    0   78    0   98  
  89    0  101   81  102    0    0    0   79    0  
   0   88   90   85    0   78    0    0   90    0  
   0    0  101   92   81    0    0  102    0   97  
   0   83    0  109  104    0    0    0  100   93  
   0  117  104    0    0    0    0  104   90  101  
   0   99  106  119   93    0    0    0  100    0  
 103  122    0    0    0  112  111    0    0  113  
 113  130  127   96    0    0    0    0    0  108  
   0  117    0    0  136  123    0    0  101  103  
   0    0    0  140    0  109    0  112  106  136  
   0  115  140  133  114    0    0  145    0    0  
   0  138    0  138  110  124  116    0    0    0  
 148  150    0  109  122  139    0    0    0    0  
   0    0  142    0  122  116    0    0  142  143  
 136    0  158    0  153    0  146    0    0  138  
   0  124    0  134    0  135    0    0  144  119  
   0  158  130    0  155    0    0    0  122  138  
   0  134  153    0    0  142    0    0  163  149  
 147    0    0  139  172  170    0    0    0  163  
 167    0  165  164    0    0  137    0    0  154  
   0    0  178  171    0    0  149  171  133    0  
   0  176    0    0  173  144    0  139  140    0  
 159    0    0    0  155  178  150    0  158    0  
 162  135  136    0    0  157    0  148    0    0  
   0  180  157  185    0  178    0    0  159    0  
 186    0  160    0  168    0  145  186    0    0  
 173  180  179    0    0  189    0    0    0  190  
   0    0  165  147    0  186  160    0  162    0  
 152    0    0  151  179  165    0    0  200    0  
 178  195    0  195    0    0  153    0    0  190  
 156  182    0  199    0    0    0    0  213  185  
   0  217    0    0  188  203    0    0  168  157  
   0  169  191  187    0  176  206    0    0    0  
 181    0    0  175    0    0  183  187  168    0  
 195    0  166    0  209    0    0  203  180    0  
 201  220    0  171    0    0    0  211    0  174  
 224    0  209  190  214  218    0    0    0    0  
   0  238  193  225    0    0  203  210    0    0  
   0    0    0  237  227  230  231  216    0    0  
   0  193  192    0  211    0    0    0  228  208  
 242    0    0  229    0  203  227    0    0  250  
 218    0    0  224    0  234    0  195  191    0  
 201  194  197    0    0    0    0    0  197  241  
 222  262    0    0    0    0  229    0  220  208  
 255    0  235    0  206  264  242    0    0    0  
   0  225    0  255    0    0  249  250    0  260  
   0  198  255  252  247    0    0    0    0  269  
 255    0    0  261  212    0  209    0  234    0  
   0    0  223    0  204    0    0  205  250  273  ] 
 ] 
