K : 75
I : 5
C : 3
INSTANCE : 1
PREFERENCES : [    3    1    0    0    2  
   0    2    3    1    0  
   2    0    0    1    3  
   2    0    1    0    3  
   3    0    1    2    0  
   0    1    3    0    2  
   0    0    1    3    2  
   0    2    1    0    3  
   2    1    0    0    3  
   0    1    3    2    0  
   0    0    1    2    3  
   0    2    0    3    1  
   3    0    0    2    1  
   1    0    0    3    2  
   0    2    3    0    1  
   0    3    2    0    1  
   0    2    0    3    1  
   0    3    1    0    2  
   2    0    1    0    3  
   2    3    1    0    0  
   0    2    3    1    0  
   2    0    3    1    0  
   1    0    3    0    2  
   1    2    0    0    3  
   1    0    0    3    2  
   0    3    0    2    1  
   0    2    3    1    0  
   1    0    2    0    3  
   0    3    1    2    0  
   3    2    1    0    0  
   3    1    2    0    0  
   0    1    3    0    2  
   1    2    0    0    3  
   1    2    0    0    3  
   3    0    2    1    0  
   2    1    0    0    3  
   0    0    1    3    2  
   3    0    2    0    1  
   1    0    2    3    0  
   1    0    3    2    0  
   0    3    2    1    0  
   0    0    1    3    2  
   1    0    2    3    0  
   1    0    3    2    0  
   0    3    0    2    1  
   2    0    0    3    1  
   3    1    2    0    0  
   1    0    0    2    3  
   1    3    2    0    0  
   3    0    1    2    0  
   2    0    0    3    1  
   0    0    1    2    3  
   3    1    0    0    2  
   0    0    2    3    1  
   0    3    2    0    1  
   0    2    0    3    1  
   1    2    3    0    0  
   3    1    0    0    2  
   0    2    3    1    0  
   2    1    0    0    3  
   1    2    0    3    0  
   2    0    1    3    0  
   1    0    3    0    2  
   0    0    3    2    1  
   3    0    1    0    2  
   0    2    0    1    3  
   1    2    0    0    3  
   0    3    2    0    1  
   3    1    2    0    0  
   0    2    3    1    0  
   0    0    1    2    3  
   0    0    1    3    2  
   0    3    1    0    2  
   3    0    1    2    0  
   0    3    0    1    2  ] 
RESERVATION PRICES : [    5    5    0    0    6  
   0    9   10    9    0  
  16    0    0   16   16  
  12    0   12    0   15  
  23    0   23   19    0  
   0   20   23    0   21  
   0    0   28   21   23  
   0   30   25    0   27  
  29   37    0    0   35  
   0   32   36   39    0  
   0    0   32   38   35  
   0   39    0   42   43  
  44    0    0   44   50  
  44    0    0   48   53  
   0   65   54    0   64  
   0   65   54    0   61  
   0   56    0   63   66  
   0   63   63    0   56  
  68    0   62    0   53  
  74   70   72    0    0  
   0   84   76   71    0  
  62    0   67   68    0  
  75    0   81    0   91  
  69   87    0    0   73  
  86    0    0   94   92  
   0   95    0   99   95  
   0   96   99   77    0  
  94    0  105    0  102  
   0   88   87   83    0  
  96  101   91    0    0  
  99   91   99    0    0  
   0  106  102    0  115  
 115   84    0    0   88  
 121  119    0    0   93  
 112    0   92  118    0  
 125   99    0    0  117  
   0    0  132  111  128  
 121    0  104    0  135  
 115    0  122  133    0  
 112    0  115  107    0  
   0  131  137  122    0  
   0    0  142  151  136  
 156    0  141  153    0  
 126    0  127  140    0  
   0  131    0  135  158  
 128    0    0  130  135  
 134  122  130    0    0  
 144    0    0  140  172  
 154  148  163    0    0  
 185    0  139  185    0  
 138    0    0  152  155  
   0    0  173  169  174  
 152  162    0    0  178  
   0    0  196  192  149  
   0  150  165    0  181  
   0  199    0  201  190  
 193  215  176    0    0  
 179  211    0    0  172  
   0  167  210  159    0  
 226  165    0    0  170  
 227  217    0  182    0  
 175    0  174  180    0  
 185    0  225    0  204  
   0    0  210  192  199  
 196    0  195    0  198  
   0  209    0  219  252  
 194  232    0    0  256  
   0  256  186    0  198  
 257  205  201    0    0  
   0  252  232  233    0  
   0    0  251  252  258  
   0    0  241  261  195  
   0  201  252    0  205  
 206    0  273  227    0  
   0  221    0  227  216  ] 
 ] 
