K : 75
I : 10
C : 8
INSTANCE : 4
PREFERENCES : [    0    2    0    3    0    0    1    4    0    5  
   0    0    1    5    0    4    0    0    3    2  
   4    1    0    2    3    0    0    5    0    0  
   2    1    0    0    0    3    0    4    0    5  
   0    0    4    0    5    0    2    3    0    1  
   5    4    1    0    0    3    0    0    0    2  
   0    1    0    5    0    0    4    2    0    3  
   0    2    0    0    0    3    5    0    1    4  
   2    1    5    0    0    3    4    0    0    0  
   0    0    0    5    0    4    1    2    0    3  
   5    0    3    0    0    4    2    1    0    0  
   0    5    0    0    4    0    0    1    3    2  
   5    0    0    0    2    3    0    0    4    1  
   2    0    3    5    1    0    0    0    4    0  
   3    0    0    2    0    1    4    0    0    5  
   3    0    4    0    0    1    0    0    2    5  
   2    0    1    0    4    3    0    5    0    0  
   4    0    2    3    0    0    0    5    1    0  
   3    0    2    0    5    0    4    1    0    0  
   0    5    0    4    2    3    0    0    0    1  
   5    1    0    0    0    2    3    0    4    0  
   5    0    0    3    0    0    0    1    2    4  
   3    0    0    0    0    0    1    4    2    5  
   0    0    4    1    0    2    0    5    3    0  
   0    5    4    0    2    0    0    0    1    3  
   0    0    2    4    0    5    0    3    1    0  
   5    0    0    0    1    2    4    0    3    0  
   0    0    4    0    0    2    1    0    3    5  
   0    4    2    0    5    0    3    1    0    0  
   0    4    0    3    0    1    0    0    5    2  
   0    4    1    0    5    3    2    0    0    0  
   0    4    3    2    1    0    0    0    0    5  
   1    0    0    2    0    0    0    5    3    4  
   2    1    0    0    0    0    5    0    3    4  
   5    3    4    0    0    2    0    0    1    0  
   1    0    0    2    3    4    0    0    0    5  
   0    0    5    0    4    1    0    2    0    3  
   0    0    0    0    2    4    3    1    5    0  
   0    0    0    5    3    0    2    0    4    1  
   2    0    5    0    0    0    3    0    4    1  
   0    2    0    0    5    0    1    0    3    4  
   0    0    0    0    2    5    3    1    0    4  
   2    0    0    0    0    3    5    4    1    0  
   5    0    2    0    3    0    1    4    0    0  
   0    3    0    0    5    0    2    1    0    4  
   0    1    0    4    3    0    0    5    2    0  
   4    0    5    3    2    0    0    1    0    0  
   0    0    3    0    4    0    0    1    5    2  
   4    5    0    2    0    3    0    1    0    0  
   3    0    2    1    0    0    5    0    4    0  
   3    5    1    0    0    2    4    0    0    0  
   0    3    2    0    4    1    0    0    5    0  
   0    5    3    4    0    2    0    0    1    0  
   3    0    4    5    0    2    1    0    0    0  
   4    0    1    0    5    0    2    0    0    3  
   3    0    0    2    1    0    5    4    0    0  
   0    4    0    0    0    5    0    1    3    2  
   0    0    4    3    5    1    0    0    0    2  
   3    0    1    0    4    0    2    5    0    0  
   0    0    0    0    0    2    4    1    3    5  
   5    1    3    0    4    0    0    0    2    0  
   0    0    2    0    1    4    5    3    0    0  
   0    5    0    4    0    1    2    0    3    0  
   5    0    1    3    0    0    0    0    4    2  
   0    0    4    5    0    3    0    2    1    0  
   4    0    0    0    0    3    1    5    0    2  
   0    5    0    4    0    0    1    2    3    0  
   0    2    3    5    0    4    0    1    0    0  
   2    5    0    0    0    0    0    4    3    1  
   4    0    0    0    0    0    1    5    2    3  
   0    5    0    4    0    1    3    0    2    0  
   2    4    3    0    0    0    1    5    0    0  
   0    4    2    0    0    5    0    0    1    3  
   2    0    0    3    0    0    1    4    5    0  
   0    0    5    0    1    2    0    0    4    3  ] 
RESERVATION PRICES : [    0    6    0    7    0    0    6    7    0    7  
   0    0   10   11    0   10    0    0    9   11  
  14   12    0   15   16    0    0   14    0    0  
  23   18    0    0    0   21    0   21    0   21  
   0    0   23    0   20    0   18   21    0   17  
  22   21   26    0    0   27    0    0    0   23  
   0   24    0   23    0    0   24   24    0   24  
   0   25    0    0    0   21   24    0   23   21  
  25   26   26    0    0   25   29    0    0    0  
   0    0    0   27    0   35   29   32    0   33  
  34    0   31    0    0   32   33   37    0    0  
   0   38    0    0   36    0    0   45   38   39  
  45    0    0    0   41   50    0    0   50   47  
  48    0   44   52   52    0    0    0   48    0  
  46    0    0   58    0   55   45    0    0   56  
  57    0   49    0    0   50    0    0   47   58  
  54    0   62    0   54   62    0   52    0    0  
  62    0   59   49    0    0    0   60   63    0  
  60    0   66    0   71    0   60   67    0    0  
   0   69    0   57   56   70    0    0    0   72  
  57   75    0    0    0   76   59    0   77    0  
  83    0    0   65    0    0    0   81   63   71  
  64    0    0    0    0    0   79   81   84   86  
   0    0   66   84    0   74    0   80   85    0  
   0   92   84    0   78    0    0    0   73   71  
   0    0  103   84    0   99    0   91   79    0  
  96    0    0    0   98   83   84    0   94    0  
   0    0  108    0    0   83   93    0   97   94  
   0  111  104    0   83    0   98  111    0    0  
   0  110    0  111    0   89    0    0  114  110  
   0  121  121    0  100  102   97    0    0    0  
   0   93  114   99  101    0    0    0    0  111  
 104    0    0  100    0    0    0  107  123  103  
 112   96    0    0    0    0  103    0  111  118  
 110  131  105    0    0  112    0    0  120    0  
 107    0    0  132  137  113    0    0    0  136  
   0    0  127    0  115  119    0  139    0  118  
   0    0    0    0  146  138  149  110  117    0  
   0    0    0  153  114    0  131    0  130  141  
 137    0  158    0    0    0  134    0  117  125  
   0  149    0    0  132    0  142    0  125  123  
   0    0    0    0  130  120  118  150    0  135  
 143    0    0    0    0  167  168  164  142    0  
 125    0  145    0  145    0  131  167    0    0  
   0  128    0    0  133    0  166  163    0  173  
   0  167    0  154  129    0    0  178  158    0  
 173    0  165  145  159    0    0  141    0    0  
   0    0  166    0  172    0    0  156  155  145  
 149  168    0  149    0  182    0  191    0    0  
 148    0  146  146    0    0  173    0  152    0  
 189  150  142    0    0  181  197    0    0    0  
   0  154  149    0  157  185    0    0  171    0  
   0  151  160  150    0  161    0    0  186    0  
 206    0  184  189    0  158  170    0    0    0  
 173    0  194    0  188    0  186    0    0  172  
 216    0    0  214  179    0  174  194    0    0  
   0  162    0    0    0  166    0  211  188  196  
   0    0  231  230  176  188    0    0    0  221  
 234    0  226    0  177    0  180  190    0    0  
   0    0    0    0    0  185  192  191  233  203  
 218  196  205    0  221    0    0    0  176    0  
   0    0  188    0  203  184  193  216    0    0  
   0  228    0  194    0  209  241    0  241    0  
 194    0  208  243    0    0    0    0  191  191  
   0    0  232  245    0  212    0  196  252    0  
 248    0    0    0    0  221  241  241    0  199  
   0  226    0  262    0    0  251  242  193    0  
   0  229  220  262    0  196    0  258    0    0  
 211  238    0    0    0    0    0  196  256  220  
 199    0    0    0    0    0  210  236  237  233  
   0  211    0  259    0  259  269    0  200    0  
 237  255  207    0    0    0  202  235    0    0  
   0  214  226    0    0  216    0    0  238  215  
 240    0    0  247    0    0  212  278  267    0  
   0    0  271    0  243  233    0    0  262  213  ] 
 ] 
