K : 50
I : 15
C : 8
INSTANCE : 3
PREFERENCES : [    3    0    0    0    0    0    5    1    0    0    2    0    4    0    0  
   0    0    0    0    0    0    1    3    0    5    4    0    0    2    0  
   0    0    0    0    0    0    0    3    4    0    5    0    2    0    1  
   0    0    0    3    0    5    0    1    4    0    2    0    0    0    0  
   0    0    0    2    0    3    5    0    4    0    0    0    0    1    0  
   0    0    0    0    0    4    0    0    2    0    3    0    5    0    1  
   0    0    0    0    3    0    0    0    4    2    0    5    0    0    1  
   0    3    0    0    0    4    0    2    5    0    0    0    1    0    0  
   5    1    0    0    0    2    3    4    0    0    0    0    0    0    0  
   0    0    5    0    0    3    0    0    0    1    4    0    0    0    2  
   1    5    0    0    2    3    0    0    0    0    4    0    0    0    0  
   2    0    0    0    0    0    0    5    4    0    0    0    1    3    0  
   0    4    0    3    1    0    0    0    0    0    0    5    2    0    0  
   3    0    0    5    0    4    0    1    0    2    0    0    0    0    0  
   0    5    0    0    0    0    1    3    0    2    0    4    0    0    0  
   0    0    0    5    0    1    0    4    0    0    0    0    2    0    3  
   0    2    0    0    0    0    5    0    0    1    0    0    0    3    4  
   5    0    0    0    2    0    0    0    0    0    0    4    1    0    3  
   3    0    5    0    2    0    0    0    0    1    0    0    0    4    0  
   2    3    0    0    4    0    0    0    0    5    1    0    0    0    0  
   0    0    0    0    0    2    0    0    0    1    3    4    5    0    0  
   5    0    0    2    0    0    0    0    3    0    0    1    0    0    4  
   0    3    0    0    0    0    2    0    4    0    0    5    1    0    0  
   5    0    4    0    0    2    3    0    0    0    0    0    0    1    0  
   4    0    0    2    0    0    0    5    1    0    0    0    3    0    0  
   0    5    0    0    0    4    2    3    1    0    0    0    0    0    0  
   4    0    5    2    0    0    3    0    0    0    0    0    1    0    0  
   1    2    4    0    0    0    0    0    0    0    0    3    5    0    0  
   3    0    0    0    0    5    0    0    4    1    0    0    0    2    0  
   1    4    0    0    5    0    0    0    2    0    0    0    0    0    3  
   1    0    5    0    0    0    0    0    0    0    4    0    0    3    2  
   0    0    0    0    1    0    2    0    0    0    3    0    0    4    5  
   0    0    0    0    0    3    5    0    0    1    2    0    0    0    4  
   0    0    2    0    0    0    3    5    4    1    0    0    0    0    0  
   0    0    0    0    0    3    0    4    1    0    0    2    5    0    0  
   0    3    0    0    0    0    0    5    2    0    1    0    0    4    0  
   0    0    1    0    0    0    2    0    0    5    3    4    0    0    0  
   0    0    1    3    0    0    0    4    0    0    2    0    5    0    0  
   0    0    0    0    0    0    0    4    5    0    2    1    3    0    0  
   5    4    1    2    0    0    0    3    0    0    0    0    0    0    0  
   0    0    0    0    0    0    3    2    0    0    5    1    0    4    0  
   3    0    0    0    0    4    0    0    2    0    0    0    0    1    5  
   0    3    2    0    5    0    0    0    0    0    0    0    1    0    4  
   0    0    4    1    5    0    0    0    0    0    0    3    2    0    0  
   3    0    1    4    0    0    0    0    2    0    0    0    0    0    5  
   0    0    5    0    0    0    0    0    2    0    4    1    3    0    0  
   0    0    0    0    0    0    3    1    0    0    5    2    0    0    4  
   0    2    0    0    0    0    0    5    0    1    3    0    4    0    0  
   0    0    0    0    5    0    3    0    1    0    0    0    0    2    4  
   0    1    0    0    0    0    0    0    0    3    4    0    0    2    5  ] 
RESERVATION PRICES : [    9    0    0    0    0    0    7    9    0    0    8    0    8    0    0  
   0    0    0    0    0    0   12   11    0   13   13    0    0   12    0  
   0    0    0    0    0    0    0   15   17    0   15    0   15    0   17  
   0    0    0   19    0   19    0   19   16    0   18    0    0    0    0  
   0    0    0   18    0   15   20    0   16    0    0    0    0   15    0  
   0    0    0    0    0   23    0    0   24    0   20    0   22    0   22  
   0    0    0    0   19    0    0    0   21   20    0   22    0    0   23  
   0   24    0    0    0   25    0   26   22    0    0    0   26    0    0  
  34   31    0    0    0   33   31   30    0    0    0    0    0    0    0  
   0    0   33    0    0   39    0    0    0   37   30    0    0    0   30  
  36   41    0    0   45   36    0    0    0    0   39    0    0    0    0  
  41    0    0    0    0    0    0   40   39    0    0    0   44   38    0  
   0   38    0   52   43    0    0    0    0    0    0   42   45    0    0  
  53    0    0   48    0   53    0   55    0   44    0    0    0    0    0  
   0   59    0    0    0    0   47   53    0   48    0   52    0    0    0  
   0    0    0   63    0   54    0   52    0    0    0    0   59    0   48  
   0   70    0    0    0    0   64    0    0   52    0    0    0   65   66  
  72    0    0    0   69    0    0    0    0    0    0   72   54    0   58  
  77    0   76    0   66    0    0    0    0   67    0    0    0   70    0  
  74   71    0    0   64    0    0    0    0   60   65    0    0    0    0  
   0    0    0    0    0   81    0    0    0   69   73   68   83    0    0  
  74    0    0   74    0    0    0    0   78    0    0   76    0    0   80  
   0   97    0    0    0    0   97    0   71    0    0   82   77    0    0  
  82    0   90    0    0   96  101    0    0    0    0    0    0   93    0  
 102    0    0   94    0    0    0  100   85    0    0    0   94    0    0  
   0   87    0    0    0  103   90   78  105    0    0    0    0    0    0  
  87    0   77   95    0    0   83    0    0    0    0    0  100    0    0  
  92   84  104    0    0    0    0    0    0    0    0  110  107    0    0  
  96    0    0    0    0   97    0    0  103  110    0    0    0  105    0  
  91   95    0    0  121    0    0    0   96    0    0    0    0    0   99  
  94    0   90    0    0    0    0    0    0    0   94    0    0  116  115  
   0    0    0    0  113    0  115    0    0    0  107    0    0   98  106  
   0    0    0    0    0  105  100    0    0  110   99    0    0    0  117  
   0    0   97    0    0    0  111  108  120  110    0    0    0    0    0  
   0    0    0    0    0   95    0  126  112    0    0  109  100    0    0  
   0  101    0    0    0    0    0  103  121    0  101    0    0  104    0  
   0    0  135    0    0    0  104    0    0  128  124  122    0    0    0  
   0    0  120  106    0    0    0  137    0    0  123    0  118    0    0  
   0    0    0    0    0    0    0  119  139    0  133  117  116    0    0  
 140  140  118  127    0    0    0  128    0    0    0    0    0    0    0  
   0    0    0    0    0    0  127  142    0    0  142  116    0  125    0  
 135    0    0    0    0  127    0    0  154    0    0    0    0  141  119  
   0  126  128    0  160    0    0    0    0    0    0    0  128    0  149  
   0    0  162  129  124    0    0    0    0    0    0  139  155    0    0  
 165    0  155  155    0    0    0    0  129    0    0    0    0    0  160  
   0    0  147    0    0    0    0    0  148    0  132  153  133    0    0  
   0    0    0    0    0    0  132  162    0    0  141  173    0    0  148  
   0  133    0    0    0    0    0  134    0  136  164    0  149    0    0  
   0    0    0    0  152    0  152    0  174    0    0    0    0  164  140  
   0  159    0    0    0    0    0    0    0  189  165    0    0  169  160  ] 
 ] 
