K : 100
I : 15
C : 16
INSTANCE : 2
PREFERENCES : [    2    0    3    0    0    0    1    0    0    0    0    4    0    0    5  
   0    0    0    1    4    3    0    0    5    2    0    0    0    0    0  
   1    2    0    5    0    3    0    0    0    0    0    0    0    0    4  
   0    0    2    1    4    0    0    5    0    0    0    0    0    0    3  
   1    0    0    4    0    3    0    2    5    0    0    0    0    0    0  
   1    3    4    0    0    0    5    0    0    2    0    0    0    0    0  
   0    0    0    2    0    1    0    0    4    3    0    5    0    0    0  
   5    0    0    1    0    4    3    0    0    0    0    0    0    0    2  
   2    0    0    0    1    0    0    5    0    0    0    0    0    4    3  
   0    0    0    1    4    0    3    0    0    0    0    0    0    5    2  
   0    0    0    0    5    1    0    0    0    3    0    0    0    4    2  
   3    0    0    4    0    0    0    1    5    0    0    0    2    0    0  
   0    0    0    4    3    0    1    5    0    0    0    0    0    0    2  
   0    0    0    0    0    2    3    0    0    4    1    0    0    0    5  
   3    0    0    0    0    0    2    4    0    0    5    0    0    1    0  
   5    1    4    0    0    0    0    0    0    3    2    0    0    0    0  
   4    0    0    0    0    0    3    0    1    0    0    0    2    5    0  
   1    0    5    0    0    0    0    0    4    0    0    3    0    0    2  
   2    0    0    0    4    0    0    3    1    0    5    0    0    0    0  
   2    0    0    1    0    4    0    0    0    3    0    0    0    0    5  
   1    0    0    0    4    5    0    3    0    0    0    0    0    2    0  
   0    1    0    0    0    0    0    2    0    3    0    4    0    0    5  
   0    0    0    0    3    0    4    0    5    0    0    2    0    1    0  
   0    0    0    1    0    0    0    5    0    0    4    2    0    0    3  
   0    5    0    4    3    2    0    1    0    0    0    0    0    0    0  
   3    0    4    1    2    0    0    0    0    0    0    5    0    0    0  
   0    1    0    2    0    0    5    0    4    0    0    0    3    0    0  
   0    0    0    0    0    2    3    0    0    5    4    0    0    0    1  
   0    5    0    0    1    2    0    3    4    0    0    0    0    0    0  
   4    0    0    2    5    0    0    3    0    1    0    0    0    0    0  
   0    0    3    0    0    0    0    2    5    0    0    4    1    0    0  
   0    1    2    4    0    0    0    0    0    3    0    0    0    5    0  
   0    0    0    0    0    0    0    0    1    2    0    3    0    5    4  
   0    0    0    1    0    0    3    2    5    0    4    0    0    0    0  
   0    0    0    5    1    0    0    3    0    4    0    0    0    0    2  
   0    5    0    0    0    0    2    1    4    0    3    0    0    0    0  
   0    5    4    2    0    0    0    0    1    0    0    0    0    0    3  
   0    0    4    0    3    0    5    0    2    0    0    0    1    0    0  
   4    0    0    0    5    2    0    0    1    0    0    0    3    0    0  
   0    1    3    0    5    0    0    0    0    0    0    2    0    4    0  
   0    5    4    0    3    0    0    0    0    1    0    0    2    0    0  
   0    0    3    0    2    0    0    0    0    4    1    0    0    5    0  
   0    0    5    0    0    0    2    1    0    4    0    0    0    0    3  
   1    3    0    0    0    0    0    5    0    0    2    0    0    0    4  
   0    0    3    4    2    5    0    0    0    0    1    0    0    0    0  
   4    0    0    5    2    0    0    0    1    0    3    0    0    0    0  
   0    0    3    0    0    0    0    0    0    1    0    4    5    2    0  
   0    3    0    5    0    0    0    1    0    0    4    0    0    2    0  
   3    0    0    0    2    0    4    0    1    0    0    0    0    0    5  
   0    1    0    3    0    2    0    4    5    0    0    0    0    0    0  
   0    1    3    0    2    0    0    0    0    0    5    0    4    0    0  
   0    5    3    2    0    0    0    0    4    0    0    1    0    0    0  
   1    4    2    0    0    0    0    5    0    0    3    0    0    0    0  
   0    5    0    0    0    0    0    4    0    3    0    0    0    1    2  
   0    0    0    0    0    1    0    0    5    2    0    0    0    4    3  
   0    0    4    0    5    0    0    3    2    1    0    0    0    0    0  
   1    5    0    0    0    0    2    0    0    3    0    0    4    0    0  
   1    0    0    0    0    3    0    0    0    5    2    0    0    0    4  
   0    3    5    0    0    0    0    0    0    2    0    0    4    0    1  
   2    0    3    0    0    0    5    0    0    0    4    0    1    0    0  
   0    5    0    3    0    0    0    4    1    0    0    2    0    0    0  
   2    0    5    0    1    0    0    3    0    0    0    0    0    4    0  
   0    3    0    0    2    1    0    0    0    5    0    4    0    0    0  
   0    0    0    0    0    0    0    3    1    4    0    0    5    0    2  
   0    0    0    4    0    2    0    0    3    0    1    0    0    0    5  
   0    0    0    0    2    4    5    0    1    0    0    0    0    3    0  
   0    2    0    3    0    0    0    0    0    4    1    0    0    5    0  
   0    0    2    0    0    4    0    0    5    1    0    3    0    0    0  
   0    0    2    0    0    0    0    0    0    0    1    3    0    5    4  
   0    0    0    3    5    2    0    0    0    0    0    1    0    4    0  
   0    4    5    0    0    0    1    0    0    0    0    0    3    2    0  
   0    2    0    0    0    4    0    0    0    0    0    3    0    1    5  
   0    1    0    0    0    4    0    0    3    2    0    0    0    5    0  
   0    0    0    0    0    5    3    0    2    0    0    0    1    4    0  
   0    0    0    0    0    0    5    0    2    0    1    0    3    4    0  
   0    0    0    0    0    0    2    0    1    5    0    0    0    3    4  
   2    0    0    0    0    0    1    5    0    0    0    0    3    4    0  
   0    4    2    1    0    0    0    5    0    3    0    0    0    0    0  
   0    0    4    0    0    0    0    3    5    2    0    0    0    0    1  
   0    0    0    0    0    5    0    3    4    0    2    0    1    0    0  
   0    5    3    0    0    2    0    0    4    1    0    0    0    0    0  
   0    0    0    0    1    0    5    4    3    0    0    2    0    0    0  
   2    0    0    0    0    0    0    5    1    3    0    4    0    0    0  
   0    0    4    0    3    0    0    1    0    0    2    0    0    5    0  
   0    0    4    0    0    0    0    0    1    5    0    3    0    0    2  
   0    0    0    0    0    0    1    2    0    4    0    0    5    0    3  
   0    5    3    0    0    0    2    0    0    1    0    0    0    0    4  
   0    4    2    0    0    3    0    0    1    0    0    5    0    0    0  
   0    0    2    0    4    1    0    3    0    0    0    5    0    0    0  
   3    1    5    0    0    0    0    0    0    0    0    2    0    4    0  
   0    1    0    0    0    4    0    2    0    0    5    3    0    0    0  
   0    0    0    0    0    0    0    1    4    5    0    0    0    2    3  
   0    5    4    0    1    0    0    2    0    0    0    0    0    3    0  
   0    0    0    0    0    0    1    3    5    0    4    0    2    0    0  
   0    0    4    5    0    0    0    2    1    3    0    0    0    0    0  
   0    2    1    0    0    0    0    5    0    0    3    0    4    0    0  
   0    0    1    0    3    0    0    0    0    0    0    0    4    2    5  
   3    2    0    0    0    0    0    0    1    0    0    4    0    5    0  
   0    0    0    0    0    0    1    2    4    0    0    0    3    5    0  
   0    0    0    1    0    0    0    4    0    2    3    0    5    0    0  ] 
RESERVATION PRICES : [    7    0    6    0    0    0    6    0    0    0    0    6    0    0    7  
   0    0    0   13   10   11    0    0   13   11    0    0    0    0    0  
  16   18    0   15    0   18    0    0    0    0    0    0    0    0   16  
   0    0   17   21   17    0    0   18    0    0    0    0    0    0   19  
  20    0    0   24    0   24    0   26   24    0    0    0    0    0    0  
  30   29   31    0    0    0   31    0    0   27    0    0    0    0    0  
   0    0    0   27    0   25    0    0   25   25    0   29    0    0    0  
  26    0    0   32    0   29   30    0    0    0    0    0    0    0   27  
  33    0    0    0   28    0    0   26    0    0    0    0    0   33   28  
   0    0    0   30   31    0   40    0    0    0    0    0    0   31   34  
   0    0    0    0   30   30    0    0    0   40    0    0    0   39   33  
  34    0    0   32    0    0    0   34   33    0    0    0   31    0    0  
   0    0    0   39   44    0   41   42    0    0    0    0    0    0   36  
   0    0    0    0    0   40   49    0    0   48   47    0    0    0   46  
  55    0    0    0    0    0   46   44    0    0   51    0    0   44    0  
  54   52   52    0    0    0    0    0    0   49   44    0    0    0    0  
  55    0    0    0    0    0   51    0   62    0    0    0   58   55    0  
  63    0   61    0    0    0    0    0   61    0    0   67    0    0   69  
  61    0    0    0   58    0    0   53   68    0   57    0    0    0    0  
  56    0    0   61    0   74    0    0    0   67    0    0    0    0   73  
  66    0    0    0   78   82    0   82    0    0    0    0    0   82    0  
   0   71    0    0    0    0    0   64    0   71    0   71    0    0   81  
   0    0    0    0   76    0   79    0   74    0    0   80    0   75    0  
   0    0    0   72    0    0    0   86    0    0   67   65    0    0   80  
   0   95    0   79   82   78    0   78    0    0    0    0    0    0    0  
  92    0   74   82   81    0    0    0    0    0    0  101    0    0    0  
   0   85    0   89    0    0   92    0   85    0    0    0   98    0    0  
   0    0    0    0    0   97   79    0    0  105   84    0    0    0   80  
   0   92    0    0   91   82    0   81   85    0    0    0    0    0    0  
 103    0    0  108   87    0    0   88    0   93    0    0    0    0    0  
   0    0  118    0    0    0    0   86  112    0    0  105  106    0    0  
   0   97  106  113    0    0    0    0    0  106    0    0    0  107    0  
   0    0    0    0    0    0    0    0  101  101    0  124    0  117   97  
   0    0    0  130    0    0  124  127  105    0  119    0    0    0    0  
   0    0    0  128  139    0    0  129    0  126    0    0    0    0  135  
   0  131    0    0    0    0  126  106  110    0  115    0    0    0    0  
   0  106  107  116    0    0    0    0  114    0    0    0    0    0  115  
   0    0  113    0  140    0  137    0  125    0    0    0  122    0    0  
 134    0    0    0  120  115    0    0  116    0    0    0  116    0    0  
   0  134  137    0  131    0    0    0    0    0    0  153    0  132    0  
   0  165  133    0  148    0    0    0    0  155    0    0  152    0    0  
   0    0  131    0  167    0    0    0    0  165  140    0    0  136    0  
   0    0  162    0    0    0  174  162    0  156    0    0    0    0  167  
 153  182    0    0    0    0    0  157    0    0  178    0    0    0  146  
   0    0  150  142  135  159    0    0    0    0  146    0    0    0    0  
 176    0    0  181  158    0    0    0  137    0  160    0    0    0    0  
   0    0  187    0    0    0    0    0    0  151    0  152  170  139    0  
   0  181    0  159    0    0    0  181    0    0  162    0    0  187    0  
 152    0    0    0  153    0  164    0  184    0    0    0    0    0  182  
   0  195    0  183    0  169    0  189  154    0    0    0    0    0    0  
   0  172  148    0  203    0    0    0    0    0  203    0  156    0    0  
   0  159  188  204    0    0    0    0  208    0    0  155    0    0    0  
 210  184  181    0    0    0    0  199    0    0  161    0    0    0    0  
   0  176    0    0    0    0    0  205    0  212    0    0    0  200  156  
   0    0    0    0    0  184    0    0  199  206    0    0    0  176  179  
   0    0  197    0  210    0    0  189  160  221    0    0    0    0    0  
 195  207    0    0    0    0  223    0    0  175    0    0  172    0    0  
 174    0    0    0    0  231    0    0    0  173  186    0    0    0  230  
   0  224  181    0    0    0    0    0    0  230    0    0  199    0  178  
 173    0  233    0    0    0  218    0    0    0  173    0  178    0    0  
   0  177    0  240    0    0    0  186  214    0    0  211    0    0    0  
 218    0  216    0  228    0    0  192    0    0    0    0    0  205    0  
   0  189    0    0  211  218    0    0    0  192    0  246    0    0    0  
   0    0    0    0    0    0    0  182  237  232    0    0  232    0  194  
   0    0    0  240    0  229    0    0  212    0  229    0    0    0  220  
   0    0    0    0  180  215  207    0  196    0    0    0    0  190    0  
   0  242    0  191    0    0    0    0    0  205  191    0    0  204    0  
   0    0  260    0    0  229    0    0  242  241    0  239    0    0    0  
   0    0  202    0    0    0    0    0    0    0  242  218    0  239  261  
   0    0    0  243  253  202    0    0    0    0    0  220    0  248    0  
   0  200  263    0    0    0  216    0    0    0    0    0  197  236    0  
   0  210    0    0    0  225    0    0    0    0    0  207    0  231  259  
   0  274    0    0    0  271    0    0  253  202    0    0    0  221    0  
   0    0    0    0    0  230  220    0  261    0    0    0  236  230    0  
   0    0    0    0    0    0  264    0  254    0  251    0  233  222    0  
   0    0    0    0    0    0  230    0  271  252    0    0    0  267  212  
 265    0    0    0    0    0  237  247    0    0    0    0  223  240    0  
   0  215  238  254    0    0    0  288    0  272    0    0    0    0    0  
   0    0  301    0    0    0    0  239  254  229    0    0    0    0  302  
   0    0    0    0    0  277    0  303  239    0  245    0  259    0    0  
   0  283  226    0    0  283    0    0  310  268    0    0    0    0    0  
   0    0    0    0  303    0  315  314  258    0    0  302    0    0    0  
 292    0    0    0    0    0    0  260  299  236    0  292    0    0    0  
   0    0  302    0  248    0    0  253    0    0  308    0    0  235    0  
   0    0  267    0    0    0    0    0  249  242    0  234    0    0  282  
   0    0    0    0    0    0  290  293    0  255    0    0  256    0  278  
   0  293  266    0    0    0  245    0    0  312    0    0    0    0  302  
   0  283  316    0    0  315    0    0  309    0    0  292    0    0    0  
   0    0  320    0  280  272    0  310    0    0    0  319    0    0    0  
 255  336  271    0    0    0    0    0    0    0    0  312    0  260    0  
   0  309    0    0    0  247    0  301    0    0  300  336    0    0    0  
   0    0    0    0    0    0    0  336  282  313    0    0    0  324  294  
   0  281  332    0  264    0    0  324    0    0    0    0    0  341    0  
   0    0    0    0    0    0  335  284  278    0  262    0  300    0    0  
   0    0  319  311    0    0    0  283  270  305    0    0    0    0    0  
   0  298  296    0    0    0    0  296    0    0  292    0  331    0    0  
   0    0  279    0  290    0    0    0    0    0    0    0  350  341  279  
 277  296    0    0    0    0    0    0  281    0    0  273    0  361    0  
   0    0    0    0    0    0  281  297  358    0    0    0  290  340    0  
   0    0    0  347    0    0    0  365    0  314  319    0  317    0    0  ] 
 ] 
