K : 50
I : 5
C : 8
INSTANCE : 2
PREFERENCES : [    1    3    0    0    2  
   2    0    1    0    3  
   1    0    3    0    2  
   0    3    1    2    0  
   1    2    0    3    0  
   1    0    0    3    2  
   0    3    2    0    1  
   2    0    0    1    3  
   2    1    3    0    0  
   3    2    0    0    1  
   0    0    2    1    3  
   2    3    0    1    0  
   2    3    0    0    1  
   0    3    1    2    0  
   2    0    1    0    3  
   1    2    0    0    3  
   3    0    0    1    2  
   0    0    3    2    1  
   1    2    3    0    0  
   1    3    2    0    0  
   0    1    2    3    0  
   1    2    0    3    0  
   0    3    2    1    0  
   2    0    1    3    0  
   3    1    0    2    0  
   1    0    3    0    2  
   0    3    2    1    0  
   1    3    0    2    0  
   3    2    0    0    1  
   3    0    1    0    2  
   0    1    3    0    2  
   3    0    0    1    2  
   1    0    2    0    3  
   3    0    0    1    2  
   0    3    1    2    0  
   2    1    0    3    0  
   2    3    1    0    0  
   3    0    0    2    1  
   2    0    1    0    3  
   0    0    3    1    2  
   2    1    0    0    3  
   3    0    0    2    1  
   1    0    2    0    3  
   0    1    3    0    2  
   0    0    1    2    3  
   0    0    3    1    2  
   3    0    0    2    1  
   0    0    2    1    3  
   3    0    2    0    1  
   0    2    3    1    0  ] 
RESERVATION PRICES : [    7    8    0    0    8  
   9    0    9    0   10  
  15    0   16    0   15  
   0   20   18   23    0  
  28   28    0   24    0  
  26    0    0   31   31  
   0   24   27    0   28  
  35    0    0   31   32  
  40   34   36    0    0  
  39   45    0    0   39  
   0    0   43   35   39  
  50   55    0   51    0  
  51   45    0    0   48  
   0   50   53   57    0  
  53    0   51    0   65  
  50   49    0    0   64  
  69    0    0   72   69  
   0    0   70   77   65  
  65   71   79    0    0  
  69   71   74    0    0  
   0   72   72   87    0  
  75   70    0   87    0  
   0   71   75   76    0  
  77    0   92   75    0  
  83   92    0   93    0  
  99    0  100    0   99  
   0  103  102   86    0  
  97  106    0   95    0  
 100  115    0    0  110  
 112    0   95    0  105  
   0  100  106    0  113  
 100    0    0   95  107  
  97    0   95    0  131  
 119    0    0  128  113  
   0  133   99  122    0  
 114  135    0  107    0  
 120  130  130    0    0  
 130    0    0  129  145  
 130    0  117    0  134  
   0    0  141  143  113  
 123  146    0    0  134  
 141    0    0  144  142  
 164    0  155    0  150  
   0  136  171    0  140  
   0    0  144  137  176  
   0    0  169  139  137  
 162    0    0  154  141  
   0    0  174  153  148  
 152    0  176    0  151  
   0  139  180  140    0  ] 
 ] 
