K : 125
I : 15
C : 13
INSTANCE : 5
PREFERENCES : [    1    0    0    0    3    0    0    0    0    0    0    4    0    5    2  
   0    0    3    0    5    0    0    1    2    0    0    0    4    0    0  
   0    0    2    0    0    0    0    5    0    0    0    3    1    4    0  
   0    0    3    0    0    0    5    0    2    4    0    0    0    0    1  
   0    0    0    0    0    0    0    0    1    4    0    5    2    0    3  
   0    0    0    2    0    4    0    0    0    0    3    0    0    5    1  
   3    0    0    0    0    0    0    0    0    0    0    4    1    5    2  
   4    0    2    0    0    0    0    0    0    1    0    5    0    0    3  
   0    3    0    0    0    0    2    0    0    0    5    4    0    0    1  
   4    0    0    5    0    0    0    0    1    0    0    0    3    2    0  
   0    0    0    0    4    0    3    0    2    0    0    0    1    5    0  
   0    0    4    5    0    3    0    0    0    0    0    1    0    2    0  
   2    1    0    0    4    0    0    5    0    0    0    0    0    0    3  
   0    0    0    0    0    0    0    3    0    4    2    0    0    5    1  
   1    2    0    0    0    0    0    0    4    0    5    3    0    0    0  
   3    0    0    0    4    0    2    0    5    0    0    1    0    0    0  
   0    5    2    0    0    0    0    3    0    0    4    0    0    0    1  
   0    3    0    0    4    0    0    2    0    0    0    0    1    5    0  
   2    5    0    0    4    0    0    3    0    0    0    1    0    0    0  
   0    0    2    0    3    0    0    1    0    4    0    5    0    0    0  
   0    0    0    0    5    0    0    4    1    3    0    0    0    2    0  
   0    0    3    4    0    0    0    0    0    0    5    1    0    0    2  
   0    4    5    0    0    0    3    0    2    0    0    0    0    0    1  
   2    4    0    0    0    3    0    0    0    0    5    1    0    0    0  
   0    0    0    0    0    0    2    4    0    1    5    0    0    0    3  
   3    0    4    0    0    0    0    0    1    0    0    0    5    2    0  
   0    0    1    2    4    0    0    0    0    0    0    5    0    0    3  
   0    0    0    0    3    4    2    0    1    0    0    5    0    0    0  
   0    0    0    0    1    0    0    3    5    0    0    4    0    0    2  
   1    4    5    2    0    0    0    3    0    0    0    0    0    0    0  
   4    0    0    1    0    5    0    2    0    0    0    3    0    0    0  
   0    0    5    0    0    0    0    3    0    2    0    0    0    1    4  
   0    0    0    2    0    4    5    0    0    1    3    0    0    0    0  
   0    2    0    3    0    0    1    0    5    4    0    0    0    0    0  
   5    2    4    0    0    0    0    0    0    0    1    0    0    3    0  
   4    0    0    0    0    2    0    0    3    1    0    0    0    5    0  
   0    2    4    1    5    0    0    0    0    0    0    3    0    0    0  
   0    0    0    0    0    2    3    5    4    0    0    1    0    0    0  
   0    4    0    0    0    0    0    2    0    0    3    0    5    1    0  
   0    0    0    0    0    0    1    0    5    3    0    0    2    0    4  
   0    0    0    0    0    1    0    0    2    5    0    3    0    0    4  
   5    0    3    0    4    0    1    0    0    0    0    0    2    0    0  
   3    0    0    5    2    0    0    0    0    0    0    0    4    0    1  
   3    0    5    0    0    0    0    0    4    1    2    0    0    0    0  
   3    0    0    0    0    0    0    4    0    1    5    0    0    0    2  
   0    3    0    0    5    0    0    4    0    2    0    0    0    0    1  
   0    0    2    0    1    0    0    3    5    0    0    0    4    0    0  
   0    0    3    5    0    0    1    0    0    0    0    4    0    0    2  
   0    0    0    0    0    0    2    4    1    0    0    5    3    0    0  
   2    0    0    0    0    0    0    3    0    0    0    5    0    1    4  
   0    0    0    0    0    0    0    4    0    2    0    3    0    5    1  
   0    0    0    0    5    0    0    3    0    0    0    1    4    0    2  
   0    0    0    0    0    2    4    0    0    5    1    0    0    3    0  
   0    0    0    3    0    0    0    2    0    4    1    0    0    5    0  
   0    0    0    3    0    4    1    5    0    0    0    0    0    2    0  
   0    4    0    0    0    0    1    0    2    0    3    0    0    0    5  
   0    3    0    0    0    0    5    0    1    4    0    0    2    0    0  
   4    5    2    0    0    0    0    0    0    1    0    0    0    0    3  
   5    2    0    0    0    0    0    0    0    3    0    0    4    0    1  
   1    3    0    0    0    0    0    0    5    0    0    0    2    0    4  
   4    0    2    1    0    0    5    0    0    0    0    0    3    0    0  
   0    0    4    0    0    0    0    0    5    3    0    2    0    1    0  
   5    0    0    0    3    0    0    2    0    0    0    0    4    0    1  
   4    0    0    0    1    0    0    0    0    2    0    3    0    5    0  
   0    0    1    0    3    0    2    0    4    0    0    0    5    0    0  
   0    5    3    1    0    0    0    0    0    0    4    0    2    0    0  
   2    0    5    0    0    4    3    0    0    0    0    0    0    1    0  
   1    5    0    0    0    3    0    0    0    0    0    4    2    0    0  
   0    3    0    0    0    0    0    2    0    1    0    0    5    0    4  
   0    4    5    0    0    1    0    3    2    0    0    0    0    0    0  
   0    0    5    0    0    2    0    1    0    3    4    0    0    0    0  
   0    2    0    0    0    0    0    3    0    4    1    0    0    0    5  
   0    0    5    0    0    2    1    0    0    0    4    0    0    3    0  
   0    0    0    0    0    4    0    0    0    0    0    3    2    1    5  
   4    0    0    5    3    0    0    0    0    1    0    0    0    2    0  
   3    0    4    0    0    0    0    0    0    2    0    5    0    1    0  
   0    0    0    0    1    0    0    0    2    5    0    0    4    0    3  
   2    0    4    3    0    5    0    0    0    0    0    0    0    1    0  
   0    0    3    0    0    0    0    0    5    0    0    4    0    2    1  
   0    3    0    1    0    2    0    4    0    0    0    5    0    0    0  
   0    4    0    0    5    0    2    0    3    0    1    0    0    0    0  
   0    0    0    0    0    0    4    1    0    5    0    0    2    3    0  
   0    4    3    0    0    0    1    0    0    2    0    5    0    0    0  
   0    3    0    5    0    0    0    0    0    1    2    0    0    4    0  
   2    5    0    0    0    0    0    0    4    3    1    0    0    0    0  
   1    0    5    4    0    0    0    0    3    0    0    0    2    0    0  
   5    0    1    0    0    0    0    0    0    4    0    0    3    2    0  
   0    0    0    0    0    0    0    4    0    3    0    1    0    2    5  
   3    4    0    0    2    0    0    0    0    1    0    0    0    5    0  
   0    5    0    1    0    3    0    2    0    0    4    0    0    0    0  
   0    0    3    0    1    0    0    2    0    0    4    0    0    0    5  
   0    0    0    0    2    0    0    0    0    0    4    5    1    3    0  
   0    0    0    2    0    3    0    4    0    1    0    0    0    5    0  
   1    4    0    0    0    3    0    5    0    0    0    0    2    0    0  
   0    2    0    0    0    0    0    0    0    0    4    3    5    1    0  
   5    0    0    0    0    2    0    3    1    0    0    0    4    0    0  
   2    5    1    0    3    0    0    0    0    0    0    0    0    4    0  
   1    0    5    4    0    0    2    0    0    0    3    0    0    0    0  
   0    0    0    4    3    2    0    0    0    0    0    1    0    5    0  
   0    0    2    0    0    0    0    5    1    0    4    0    0    0    3  
   2    0    0    4    3    0    0    0    0    0    5    0    1    0    0  
   0    0    5    0    0    0    0    3    0    1    4    0    2    0    0  
   0    0    5    0    0    4    1    0    0    0    2    3    0    0    0  
   3    0    2    0    0    4    0    0    0    0    0    0    5    0    1  
   1    4    0    0    0    0    0    0    2    0    5    0    3    0    0  
   4    0    0    0    0    0    1    0    0    0    3    2    0    0    5  
   0    0    4    0    3    2    1    0    0    0    0    0    5    0    0  
   0    3    0    0    0    0    5    1    0    0    0    4    0    0    2  
   0    0    0    0    0    3    0    1    0    5    2    0    0    4    0  
   4    0    5    0    2    0    0    0    0    0    0    0    1    0    3  
   2    0    4    5    0    0    0    0    0    1    3    0    0    0    0  
   0    0    0    0    0    1    0    0    0    2    3    5    0    0    4  
   0    0    0    0    2    0    4    0    0    0    5    1    0    3    0  
   0    0    5    0    0    0    0    0    4    1    0    0    3    2    0  
   0    0    0    2    0    0    3    0    0    0    5    4    0    1    0  
   0    0    0    1    3    0    0    2    0    4    5    0    0    0    0  
   0    0    0    0    0    3    4    5    0    0    0    0    1    2    0  
   0    0    1    0    0    0    0    3    5    4    0    0    0    0    2  
   0    5    1    0    4    0    0    0    3    0    2    0    0    0    0  
   0    1    0    0    0    0    4    0    0    0    0    2    5    3    0  
   3    0    4    0    2    5    0    1    0    0    0    0    0    0    0  
   3    1    2    0    0    0    0    0    0    0    5    0    0    0    4  
   0    0    1    0    0    3    4    0    0    5    0    0    0    0    2  
   2    0    0    0    0    0    0    0    1    3    0    4    0    5    0  
   0    3    0    0    2    0    4    0    0    0    1    0    0    5    0  ] 
RESERVATION PRICES : [    6    0    0    0    6    0    0    0    0    0    0    6    0    6    6  
   0    0   12    0   11    0    0   11   13    0    0    0   14    0    0  
   0    0   14    0    0    0    0   14    0    0    0   12   12   13    0  
   0    0   19    0    0    0   18    0   15   18    0    0    0    0   15  
   0    0    0    0    0    0    0    0   19   19    0   16   18    0   17  
   0    0    0   22    0   24    0    0    0    0   19    0    0   19   24  
  26    0    0    0    0    0    0    0    0    0    0   25   19   20   21  
  20    0   22    0    0    0    0    0    0   24    0   21    0    0   21  
   0   26    0    0    0    0   22    0    0    0   24   25    0    0   29  
  34    0    0   33    0    0    0    0   31    0    0    0   30   30    0  
   0    0    0    0   38    0   35    0   31    0    0    0   33   35    0  
   0    0   39   44    0   35    0    0    0    0    0   36    0   41    0  
  37   41    0    0   46    0    0   43    0    0    0    0    0    0   46  
   0    0    0    0    0    0    0   54    0   44   45    0    0   43   47  
  43   50    0    0    0    0    0    0   49    0   47   50    0    0    0  
  46    0    0    0   48    0   53    0   46    0    0   44    0    0    0  
   0   49   61    0    0    0    0   59    0    0   52    0    0    0   57  
   0   70    0    0   51    0    0   63    0    0    0    0   69   67    0  
  64   67    0    0   56    0    0   58    0    0    0   53    0    0    0  
   0    0   63    0   52    0    0   58    0   63    0   55    0    0    0  
   0    0    0    0   66    0    0   73   71   64    0    0    0   64    0  
   0    0   60   60    0    0    0    0    0    0   59   74    0    0   73  
   0   74   72    0    0    0   73    0   84    0    0    0    0    0   77  
  80   76    0    0    0   77    0    0    0    0   72   92    0    0    0  
   0    0    0    0    0    0   94   83    0   81   88    0    0    0   74  
  84    0   97    0    0    0    0    0   81    0    0    0   91   91    0  
   0    0  101   82  101    0    0    0    0    0    0   87    0    0   92  
   0    0    0    0   92   80   86    0   96    0    0   99    0    0    0  
   0    0    0    0  106    0    0   99   92    0    0   81    0    0   95  
 104   92  110  104    0    0    0  100    0    0    0    0    0    0    0  
  90    0    0   89    0  116    0  102    0    0    0  101    0    0    0  
   0    0  110    0    0    0    0   89    0   88    0    0    0  119  113  
   0    0    0   92    0  112  107    0    0  121   99    0    0    0    0  
   0   91    0  109    0    0  120    0  106  103    0    0    0    0    0  
 107  113  116    0    0    0    0    0    0    0  103    0    0  111    0  
 136    0    0    0    0  107    0    0  106  105    0    0    0  101    0  
   0  115  106  129  108    0    0    0    0    0    0  130    0    0    0  
   0    0    0    0    0  133  126  138  112    0    0  119    0    0    0  
   0  137    0    0    0    0    0  129    0    0  142    0  137  138    0  
   0    0    0    0    0    0  118    0  136  117    0    0  118    0  104  
   0    0    0    0    0  134    0    0  120  114    0  130    0    0  115  
 147    0  119    0  148    0  110    0    0    0    0    0  113    0    0  
 118    0    0  133  150    0    0    0    0    0    0    0  121    0  139  
 123    0  130    0    0    0    0    0  149  119  137    0    0    0    0  
 131    0    0    0    0    0    0  142    0  156  131    0    0    0  135  
   0  161    0    0  136    0    0  121    0  141    0    0    0    0  164  
   0    0  120    0  122    0    0  124  155    0    0    0  136    0    0  
   0    0  150  159    0    0  151    0    0    0    0  147    0    0  143  
   0    0    0    0    0    0  138  158  127    0    0  134  169    0    0  
 171    0    0    0    0    0    0  153    0    0    0  127    0  149  165  
   0    0    0    0    0    0    0  168    0  149    0  144    0  158  134  
   0    0    0    0  168    0    0  132    0    0    0  166  151    0  162  
   0    0    0    0    0  180  145    0    0  168  164    0    0  163    0  
   0    0    0  178    0    0    0  169    0  136  135    0    0  153    0  
   0    0    0  184    0  148  162  161    0    0    0    0    0  139    0  
   0  158    0    0    0    0  178    0  160    0  180    0    0    0  154  
   0  158    0    0    0    0  192    0  151  151    0    0  197    0    0  
 176  181  160    0    0    0    0    0    0  197    0    0    0    0  187  
 200  196    0    0    0    0    0    0    0  181    0    0  200    0  177  
 177  199    0    0    0    0    0    0  184    0    0    0  200    0  172  
 153    0  169  188    0    0  202    0    0    0    0    0  179    0    0  
   0    0  170    0    0    0    0    0  177  195    0  204    0  192    0  
 182    0    0    0  195    0    0  223    0    0    0    0  195    0  167  
 184    0    0    0  176    0    0    0    0  208    0  214    0  205    0  
   0    0  225    0  175    0  190    0  169    0    0    0  182    0    0  
   0  182  170  186    0    0    0    0    0    0  222    0  225    0    0  
 230    0  215    0    0  217  206    0    0    0    0    0    0  175    0  
 179  188    0    0    0  212    0    0    0    0    0  184  219    0    0  
   0  192    0    0    0    0    0  241    0  176    0    0  213    0  241  
   0  180  240    0    0  187    0  217  200    0    0    0    0    0    0  
   0    0  226    0    0  225    0  215    0  203  239    0    0    0    0  
   0  239    0    0    0    0    0  220    0  203  220    0    0    0  207  
   0    0  252    0    0  253  254    0    0    0  201    0    0  249    0  
   0    0    0    0    0  226    0    0    0    0    0  234  223  255  212  
 237    0    0  195  204    0    0    0    0  214    0    0    0  233    0  
 222    0  208    0    0    0    0    0    0  239    0  200    0  194    0  
   0    0    0    0  268    0    0    0  233  254    0    0  211    0  196  
 220    0  239  267    0  257    0    0    0    0    0    0    0  205    0  
   0    0  232    0    0    0    0    0  235    0    0  254    0  222  270  
   0  270    0  246    0  214    0  250    0    0    0  228    0    0    0  
   0  219    0    0  279    0  282    0  208    0  255    0    0    0    0  
   0    0    0    0    0    0  212  262    0  212    0    0  265  258    0  
   0  257  269    0    0    0  259    0    0  286    0  296    0    0    0  
   0  251    0  249    0    0    0    0    0  295  258    0    0  271    0  
 240  246    0    0    0    0    0    0  273  277  307    0    0    0    0  
 229    0  291  225    0    0    0    0  241    0    0    0  232    0    0  
 263    0  232    0    0    0    0    0    0  314    0    0  257  248    0  
   0    0    0    0    0    0    0  280    0  275    0  229    0  233  249  
 237  279    0    0  289    0    0    0    0  241    0    0    0  313    0  
   0  242    0  247    0  301    0  321    0    0  263    0    0    0    0  
   0    0  301    0  268    0    0  329    0    0  270    0    0    0  311  
   0    0    0    0  336    0    0    0    0    0  289  277  261  274    0  
   0    0    0  258    0  313    0  287    0  257    0    0    0  307    0  
 274  333    0    0    0  290    0  294    0    0    0    0  285    0    0  
   0  267    0    0    0    0    0    0    0    0  297  349  269  287    0  
 313    0    0    0    0  266    0  257  257    0    0    0  283    0    0  
 355  273  300    0  286    0    0    0    0    0    0    0    0  320    0  
 280    0  261  304    0    0  342    0    0    0  338    0    0    0    0  
   0    0    0  282  300  310    0    0    0    0    0  358    0  296    0  
   0    0  348    0    0    0    0  268  306    0  273    0    0    0  266  
 340    0    0  338  347    0    0    0    0    0  306    0  305    0    0  
   0    0  318    0    0    0    0  329    0  267  352    0  272    0    0  
   0    0  375    0    0  279  367    0    0    0  305  352    0    0    0  
 321    0  339    0    0  340    0    0    0    0    0    0  290    0  371  
 330  375    0    0    0    0    0    0  312    0  373    0  331    0    0  
 284    0    0    0    0    0  294    0    0    0  358  359    0    0  331  
   0    0  376    0  346  348  368    0    0    0    0    0  285    0    0  
   0  334    0    0    0    0  346  327    0    0    0  318    0    0  397  
   0    0    0    0    0  340    0  299    0  374  396    0    0  353    0  
 306    0  373    0  402    0    0    0    0    0    0    0  353    0  384  
 307    0  364  405    0    0    0    0    0  365  302    0    0    0    0  
   0    0    0    0    0  412    0    0    0  412  349  383    0    0  393  
   0    0    0    0  305    0  342    0    0    0  375  362    0  367    0  
   0    0  407    0    0    0    0    0  424  394    0    0  335  329    0  
   0    0    0  316    0    0  325    0    0    0  321  405    0  362    0  
   0    0    0  310  411    0    0  400    0  393  330    0    0    0    0  
   0    0    0    0    0  379  405  339    0    0    0    0  423  356    0  
   0    0  351    0    0    0    0  384  397  428    0    0    0    0  412  
   0  373  367    0  380    0    0    0  441    0  409    0    0    0    0  
   0  435    0    0    0    0  381    0    0    0    0  354  376  433    0  
 448    0  354    0  453  347    0  417    0    0    0    0    0    0    0  
 363  361  403    0    0    0    0    0    0    0  416    0    0    0  401  
   0    0  407    0    0  372  399    0    0  441    0    0    0    0  415  
 446    0    0    0    0    0    0    0  393  364    0  437    0  438    0  
   0  447    0    0  428    0  364    0    0    0  454    0    0  403    0  ] 
 ] 
