K : 50
I : 5
C : 2
INSTANCE : 2
PREFERENCES : [    0    0    1    3    2  
   2    0    0    3    1  
   0    1    0    3    2  
   1    0    0    3    2  
   0    0    2    1    3  
   3    1    0    2    0  
   1    0    2    0    3  
   1    0    0    2    3  
   0    1    3    0    2  
   0    1    0    3    2  
   0    1    2    3    0  
   1    0    0    3    2  
   0    3    2    0    1  
   2    0    1    0    3  
   1    0    2    0    3  
   3    0    0    1    2  
   0    2    3    0    1  
   3    0    1    0    2  
   0    0    3    1    2  
   0    2    1    0    3  
   0    3    2    0    1  
   1    0    0    3    2  
   1    3    2    0    0  
   1    0    2    0    3  
   0    2    3    1    0  
   3    0    2    1    0  
   1    0    2    0    3  
   3    0    1    2    0  
   0    2    1    3    0  
   0    2    3    1    0  
   1    2    0    0    3  
   0    0    1    3    2  
   0    1    2    0    3  
   3    0    0    1    2  
   1    0    2    3    0  
   0    2    1    0    3  
   0    0    2    1    3  
   1    0    0    3    2  
   1    3    2    0    0  
   1    3    0    2    0  
   0    3    2    0    1  
   2    1    0    3    0  
   2    1    3    0    0  
   0    3    2    0    1  
   0    1    3    2    0  
   3    0    2    1    0  
   1    2    0    3    0  
   0    3    0    1    2  
   3    2    0    0    1  
   1    0    2    3    0  ] 
RESERVATION PRICES : [    0    0    6    7    7  
  12    0    0   11   13  
   0   19    0   18   19  
  23    0    0   22   19  
   0    0   21   22   20  
  27   29    0   24    0  
  35    0   34    0   30  
  34    0    0   29   30  
   0   35   31    0   31  
   0   38    0   36   35  
   0   43   35   39    0  
  49    0    0   40   37  
   0   44   51    0   55  
  43    0   58    0   58  
  47    0   56    0   49  
  59    0    0   55   62  
   0   56   73    0   61  
  74    0   75    0   69  
   0    0   65   73   69  
   0   75   72    0   72  
   0   71   71    0   89  
  79    0    0   90   89  
  76   88   98    0    0  
  79    0   92    0   91  
   0   99   98   80    0  
  98    0   90   99    0  
 116    0   88    0  100  
 116    0  105  103    0  
   0  100  101  111    0  
   0  114  119  100    0  
 130  135    0    0  127  
   0    0  111  103  121  
   0  129  116    0  130  
 136    0    0  136  110  
 127    0  135  108    0  
   0  129  124    0  113  
   0    0  131  129  146  
 147    0    0  127  136  
 132  152  138    0    0  
 135  128    0  126    0  
   0  129  134    0  152  
 134  138    0  161    0  
 140  158  126    0    0  
   0  141  135    0  150  
   0  130  120  161    0  
 165    0  164  168    0  
 143  177    0  137    0  
   0  142    0  138  163  
 146  151    0    0  136  
 160    0  172  139    0  ] 
 ] 
