K : 75
I : 15
C : 8
INSTANCE : 2
PREFERENCES : [    0    3    4    0    0    0    0    0    0    1    0    2    0    5    0  
   0    0    2    0    0    0    0    0    0    1    5    4    0    0    3  
   1    0    0    0    0    0    3    0    4    0    0    0    2    5    0  
   0    4    0    0    0    0    0    0    2    0    1    0    5    3    0  
   3    0    0    5    0    1    0    4    0    0    0    0    0    2    0  
   5    0    0    1    0    4    0    0    0    0    2    3    0    0    0  
   0    4    0    0    0    0    0    0    0    2    1    0    0    3    5  
   0    0    3    0    0    5    0    1    2    0    4    0    0    0    0  
   0    0    5    0    0    0    4    0    2    0    0    0    1    0    3  
   0    0    2    3    5    0    0    0    0    1    0    0    0    0    4  
   2    0    0    0    0    0    4    0    0    1    0    3    0    0    5  
   0    0    0    0    0    0    0    0    1    0    2    5    0    4    3  
   0    2    1    0    3    0    0    5    0    0    0    0    4    0    0  
   0    2    5    3    1    0    0    0    0    0    4    0    0    0    0  
   0    1    0    0    5    0    0    0    0    0    2    3    0    0    4  
   5    0    0    0    2    0    0    0    0    1    4    0    0    3    0  
   2    0    5    0    0    4    3    0    0    0    0    0    0    1    0  
   0    0    0    5    0    0    0    1    2    0    4    0    0    3    0  
   4    0    0    3    0    0    0    1    0    5    0    0    0    0    2  
   0    0    3    0    0    0    0    0    0    5    1    0    0    4    2  
   0    0    0    2    0    4    1    0    3    0    0    0    0    0    5  
   0    2    0    3    5    0    0    0    0    4    1    0    0    0    0  
   0    0    1    3    0    4    0    0    0    0    0    0    2    5    0  
   2    0    3    0    5    0    1    0    0    0    0    0    0    0    4  
   5    0    2    3    0    0    1    0    0    0    0    4    0    0    0  
   0    0    0    0    1    3    2    0    0    0    4    0    0    0    5  
   0    0    0    0    0    4    0    0    0    0    5    3    0    2    1  
   0    0    0    5    0    0    4    1    0    0    0    0    3    2    0  
   4    0    0    0    0    5    3    0    0    0    1    0    2    0    0  
   0    0    5    4    0    0    0    0    0    0    1    2    0    3    0  
   0    2    1    0    0    0    3    0    0    0    0    0    0    4    5  
   0    1    2    5    0    4    0    0    0    0    0    0    0    3    0  
   1    0    5    0    0    0    0    0    0    0    0    4    2    3    0  
   0    0    5    0    0    0    0    0    0    0    4    0    1    3    2  
   5    0    2    0    1    0    0    3    0    0    0    0    4    0    0  
   0    0    3    0    4    0    1    0    0    2    0    0    5    0    0  
   1    3    0    0    0    0    0    0    5    0    0    0    2    0    4  
   0    0    2    0    0    0    3    4    0    0    0    1    0    5    0  
   0    0    0    1    0    5    0    0    3    0    0    4    2    0    0  
   4    1    0    0    0    0    0    0    0    5    2    0    0    3    0  
   4    0    0    0    0    1    0    3    0    0    0    5    0    2    0  
   0    0    0    0    0    0    0    0    1    2    0    4    3    0    5  
   0    0    0    0    4    1    0    0    0    0    0    0    5    3    2  
   0    2    0    0    0    0    5    4    0    3    0    1    0    0    0  
   0    0    0    0    3    0    0    2    5    0    4    1    0    0    0  
   0    0    2    0    0    0    0    0    3    1    5    0    0    0    4  
   4    5    0    0    0    1    0    0    0    2    0    3    0    0    0  
   0    0    4    0    0    0    0    0    2    0    3    0    0    5    1  
   0    0    4    0    5    1    0    0    0    3    0    0    2    0    0  
   0    0    5    0    0    1    0    0    3    0    0    4    0    2    0  
   4    1    0    0    0    3    0    5    0    0    0    2    0    0    0  
   5    0    0    4    0    0    0    1    0    2    0    3    0    0    0  
   0    1    0    0    0    5    3    0    0    0    4    0    2    0    0  
   5    0    0    0    0    1    0    0    0    0    0    3    0    4    2  
   1    0    3    0    0    0    4    0    2    0    0    0    5    0    0  
   0    1    5    4    0    0    0    2    0    3    0    0    0    0    0  
   0    0    0    0    5    3    0    0    0    0    0    4    1    0    2  
   5    0    0    2    3    4    0    0    0    1    0    0    0    0    0  
   0    1    0    0    0    0    4    2    0    0    3    0    0    5    0  
   0    0    3    5    1    0    0    4    0    0    0    0    2    0    0  
   0    0    4    0    5    0    0    1    3    0    0    0    0    0    2  
   0    0    1    0    0    0    2    0    5    0    0    0    3    0    4  
   0    2    0    0    0    0    0    5    0    0    4    3    0    1    0  
   5    4    0    0    0    3    2    0    1    0    0    0    0    0    0  
   0    0    2    5    3    0    0    0    0    0    0    0    0    1    4  
   0    0    0    0    0    2    0    1    5    0    0    3    4    0    0  
   5    0    0    4    0    0    0    1    3    0    0    0    0    2    0  
   0    3    0    4    0    5    0    0    0    0    0    0    2    1    0  
   0    0    1    0    0    0    0    5    4    0    3    0    0    0    2  
   4    0    0    0    2    1    0    0    0    3    0    5    0    0    0  
   0    0    0    0    1    3    0    4    2    0    5    0    0    0    0  
   0    0    0    0    0    0    3    4    2    5    0    0    0    1    0  
   0    0    0    0    0    2    0    4    5    3    0    0    1    0    0  
   1    3    0    0    0    0    0    5    2    0    0    4    0    0    0  
   0    0    5    3    0    0    0    4    0    2    0    0    0    0    1  ] 
RESERVATION PRICES : [    0    7    7    0    0    0    0    0    0    6    0    7    0    6    0  
   0    0    6    0    0    0    0    0    0    6    6    7    0    0    6  
   7    0    0    0    0    0    6    0    6    0    0    0    6    6    0  
   0   13    0    0    0    0    0    0   11    0   12    0   13   10    0  
  17    0    0   14    0   14    0   14    0    0    0    0    0   15    0  
  13    0    0   15    0   16    0    0    0    0   17   17    0    0    0  
   0   20    0    0    0    0    0    0    0   24   24    0    0   18   22  
   0    0   22    0    0   28    0   26   28    0   26    0    0    0    0  
   0    0   22    0    0    0   23    0   27    0    0    0   24    0   24  
   0    0   38   32   30    0    0    0    0   34    0    0    0    0   37  
  39    0    0    0    0    0   37    0    0   35    0   35    0    0   31  
   0    0    0    0    0    0    0    0   45    0   40   36    0   41   39  
   0   46   49    0   48    0    0   44    0    0    0    0   40    0    0  
   0   48   41   42   42    0    0    0    0    0   47    0    0    0    0  
   0   50    0    0   52    0    0    0    0    0   50   44    0    0   47  
  45    0    0    0   47    0    0    0    0   48   47    0    0   49    0  
  47    0   47    0    0   61   60    0    0    0    0    0    0   58    0  
   0    0    0   65    0    0    0   55   64    0   65    0    0   65    0  
  65    0    0   65    0    0    0   54    0   68    0    0    0    0   67  
   0    0   62    0    0    0    0    0    0   66   59    0    0   63   70  
   0    0    0   64    0   71   81    0   79    0    0    0    0    0   84  
   0   82    0   74   82    0    0    0    0   87   65    0    0    0    0  
   0    0   72   88    0   80    0    0    0    0    0    0   69   67    0  
  77    0   92    0   76    0   82    0    0    0    0    0    0    0   91  
  72    0   98   77    0    0   71    0    0    0    0   74    0    0    0  
   0    0    0    0   77   82   99    0    0    0   85    0    0    0   89  
   0    0    0    0    0  102    0    0    0    0  105  100    0  104   81  
   0    0    0  101    0    0  102  107    0    0    0    0   83   92    0  
  88    0    0    0    0   89   83    0    0    0  114    0   92    0    0  
   0    0   96   94    0    0    0    0    0    0  105   95    0  100    0  
   0  101  101    0    0    0   94    0    0    0    0    0    0   92  112  
   0  110  111  120    0  101    0    0    0    0    0    0    0  106    0  
 126    0  116    0    0    0    0    0    0    0    0  114  113  121    0  
   0    0  102    0    0    0    0    0    0    0  100    0  119  109  119  
 110    0  121    0  124    0    0  110    0    0    0    0  119    0    0  
   0    0  132    0  102    0  128    0    0  134    0    0  121    0    0  
 139  142    0    0    0    0    0    0  140    0    0    0  105    0  136  
   0    0  134    0    0    0  147  124    0    0    0  141    0  108    0  
   0    0    0  142    0  145    0    0  124    0    0  133  127    0    0  
 145  117    0    0    0    0    0    0    0  135  128    0    0  139    0  
 122    0    0    0    0  122    0  158    0    0    0  118    0  143    0  
   0    0    0    0    0    0    0    0  117  143    0  146  144    0  123  
   0    0    0    0  141  150    0    0    0    0    0    0  137  148  157  
   0  140    0    0    0    0  132  137    0  156    0  127    0    0    0  
   0    0    0    0  146    0    0  151  129    0  132  164    0    0    0  
   0    0  160    0    0    0    0    0  137  143  133    0    0    0  130  
 157  156    0    0    0  144    0    0    0  172    0  137    0    0    0  
   0    0  177    0    0    0    0    0  173    0  178    0    0  170  162  
   0    0  148    0  171  149    0    0    0  173    0    0  149    0    0  
   0    0  164    0    0  133    0    0  154    0    0  165    0  144    0  
 137  190    0    0    0  143    0  141    0    0    0  171    0    0    0  
 157    0    0  159    0    0    0  165    0  181    0  165    0    0    0  
   0  158    0    0    0  152  149    0    0    0  168    0  201    0    0  
 200    0    0    0    0  164    0    0    0    0    0  202    0  186  189  
 193    0  200    0    0    0  205    0  155    0    0    0  155    0    0  
   0  206  206  185    0    0    0  154    0  212    0    0    0    0    0  
   0    0    0    0  165  195    0    0    0    0    0  166  168    0  180  
 198    0    0  210  188  204    0    0    0  221    0    0    0    0    0  
   0  169    0    0    0    0  175  182    0    0  197    0    0  175    0  
   0    0  174  191  225    0    0  225    0    0    0    0  227    0    0  
   0    0  177    0  230    0    0  206  192    0    0    0    0    0  212  
   0    0  192    0    0    0  171    0  198    0    0    0  214    0  190  
   0  222    0    0    0    0    0  206    0    0  181  231    0  223    0  
 238  236    0    0    0  220  185    0  238    0    0    0    0    0    0  
   0    0  247  220  247    0    0    0    0    0    0    0    0  187  181  
   0    0    0    0    0  227    0  235  191    0    0  243  195    0    0  
 212    0    0  247    0    0    0  217  181    0    0    0    0  210    0  
   0  191    0  212    0  224    0    0    0    0    0    0  211  229    0  
   0    0  193    0    0    0    0  255  187    0  216    0    0    0  205  
 222    0    0    0  252  254    0    0    0  196    0  196    0    0    0  
   0    0    0    0  262  254    0  235  230    0  237    0    0    0    0  
   0    0    0    0    0    0  220  233  219  239    0    0    0  253    0  
   0    0    0    0    0  203    0  228  247  225    0    0  255    0    0  
 229  250    0    0    0    0    0  229  252    0    0  212    0    0    0  
   0    0  209  245    0    0    0  250    0  225    0    0    0    0  268  ] 
 ] 
