K : 50
I : 10
C : 8
INSTANCE : 2
PREFERENCES : [    4    1    0    0    2    0    0    3    5    0  
   0    0    3    2    5    0    4    0    1    0  
   0    4    3    5    0    0    0    2    0    1  
   3    0    0    0    5    4    1    0    2    0  
   0    0    2    0    0    3    4    0    1    5  
   0    3    2    4    0    0    1    0    5    0  
   0    0    0    0    4    1    3    5    2    0  
   4    0    1    3    5    0    0    0    2    0  
   0    0    0    1    4    0    2    3    5    0  
   0    0    2    4    0    5    0    3    0    1  
   4    2    0    3    1    5    0    0    0    0  
   2    0    1    0    4    0    0    3    0    5  
   4    0    0    5    0    2    1    3    0    0  
   2    0    0    0    0    4    3    5    1    0  
   1    0    0    2    4    5    0    3    0    0  
   0    4    0    5    0    1    0    3    0    2  
   4    1    5    0    0    0    3    0    2    0  
   1    0    2    0    4    0    0    3    0    5  
   2    3    5    4    0    0    0    0    1    0  
   0    0    0    4    2    0    5    1    0    3  
   0    0    1    0    4    0    5    2    0    3  
   1    0    2    0    0    5    0    3    0    4  
   2    0    0    5    1    4    0    3    0    0  
   3    4    0    1    0    5    0    2    0    0  
   0    4    0    3    2    1    5    0    0    0  
   0    4    5    0    3    0    1    0    2    0  
   4    0    0    1    0    3    0    2    5    0  
   0    0    0    0    1    0    5    3    4    2  
   0    3    0    2    0    0    5    0    4    1  
   1    0    0    4    5    0    3    0    0    2  
   0    0    2    0    5    3    4    1    0    0  
   3    0    0    0    0    2    0    1    4    5  
   0    0    5    4    3    1    0    2    0    0  
   0    0    0    3    0    0    2    1    4    5  
   5    0    1    3    2    0    0    0    0    4  
   4    0    2    1    3    0    0    5    0    0  
   4    5    3    0    2    1    0    0    0    0  
   4    1    2    0    5    3    0    0    0    0  
   0    5    3    0    4    0    0    2    1    0  
   2    4    0    5    0    0    3    0    0    1  
   5    1    4    2    0    0    0    3    0    0  
   3    5    2    4    0    1    0    0    0    0  
   1    4    0    0    5    0    3    0    2    0  
   4    2    0    3    5    0    0    1    0    0  
   0    2    3    0    5    4    0    0    0    1  
   0    5    0    2    3    4    0    0    0    1  
   1    0    2    0    0    4    3    0    0    5  
   4    0    0    1    2    0    5    0    3    0  
   1    4    5    2    0    0    0    0    0    3  
   4    0    3    0    0    1    0    2    0    5  ] 
RESERVATION PRICES : [    7    6    0    0    7    0    0    6    7    0  
   0    0   13   10   12    0   12    0   11    0  
   0   15   14   18    0    0    0   16    0   15  
  22    0    0    0   19   22   19    0   19    0  
   0    0   24    0    0   26   22    0   26   24  
   0   25   29   30    0    0   24    0   25    0  
   0    0    0    0   30   32   30   31   31    0  
  30    0   35   33   30    0    0    0   35    0  
   0    0    0   36   29    0   29   36   29    0  
   0    0   33   40    0   29    0   33    0   38  
  34   31    0   40   30   29    0    0    0    0  
  38    0   41    0   46    0    0   40    0   45  
  52    0    0   52    0   47   50   46    0    0  
  47    0    0    0    0   56   47   46   46    0  
  51    0    0   56   54   56    0   51    0    0  
   0   49    0   64    0   55    0   49    0   58  
  58   58   67    0    0    0   59    0   51    0  
  58    0   52    0   67    0    0   64    0   64  
  71   69   62   59    0    0    0    0   55    0  
   0    0    0   72   57    0   59   69    0   72  
   0    0   64    0   70    0   75   76    0   71  
  74    0   78    0    0   73    0   79    0   78  
  69    0    0   85   80   69    0   88    0    0  
  65   66    0   67    0   66    0   68    0    0  
   0   86    0   79   75   72   93    0    0    0  
   0   89   92    0   86    0   84    0   79    0  
  84    0    0  103    0   81    0  103  103    0  
   0    0    0    0   84    0  102  103   96  106  
   0  101    0  104    0    0  102    0   80   84  
  88    0    0   83  108    0  108    0    0  101  
   0    0  102    0   91   93   84  103    0    0  
  90    0    0    0    0  107    0  105  108  120  
   0    0   99  100  100   99    0  113    0    0  
   0    0    0   96    0    0  114   96   98   98  
 107    0   96   98  127    0    0    0    0  121  
 105    0  117  127  130    0    0  110    0    0  
 129  120  105    0  115  108    0    0    0    0  
 102  111  136    0  116  132    0    0    0    0  
   0  127  133    0  108    0    0  135  121    0  
 133  128    0  130    0    0  123    0    0  112  
 109  130  125  111    0    0    0  128    0    0  
 155  149  141  118    0  114    0    0    0    0  
 156  156    0    0  129    0  133    0  121    0  
 144  147    0  158  142    0    0  156    0    0  
   0  143  151    0  161  162    0    0    0  154  
   0  173    0  129  170  165    0    0    0  172  
 140    0  137    0    0  135  175    0    0  168  
 151    0    0  179  169    0  148    0  131    0  
 137  162  181  146    0    0    0    0    0  164  
 187    0  184    0    0  153    0  178    0  173  ] 
 ] 
