K : 125
I : 5
C : 20
INSTANCE : 2
PREFERENCES : [    2    3    1    0    0  
   1    3    0    2    0  
   3    1    2    0    0  
   1    0    0    2    3  
   1    2    0    3    0  
   2    1    3    0    0  
   3    1    0    0    2  
   0    2    3    0    1  
   3    0    0    1    2  
   3    1    0    2    0  
   0    3    2    1    0  
   1    0    0    2    3  
   0    3    1    2    0  
   1    0    3    0    2  
   0    0    2    3    1  
   2    0    3    0    1  
   1    3    0    0    2  
   0    2    3    1    0  
   0    3    1    2    0  
   1    2    3    0    0  
   2    3    0    1    0  
   1    3    0    2    0  
   0    1    3    0    2  
   2    3    0    0    1  
   1    0    2    3    0  
   0    1    3    0    2  
   3    1    2    0    0  
   2    0    1    3    0  
   2    0    1    0    3  
   2    0    0    1    3  
   2    3    0    0    1  
   0    1    3    2    0  
   0    0    2    1    3  
   1    2    0    3    0  
   0    0    2    3    1  
   1    0    2    0    3  
   0    3    2    0    1  
   3    2    0    0    1  
   1    0    2    3    0  
   2    1    3    0    0  
   1    2    0    0    3  
   0    0    1    2    3  
   0    2    1    3    0  
   2    3    0    1    0  
   0    3    0    2    1  
   0    0    3    2    1  
   0    1    3    0    2  
   0    0    1    3    2  
   0    1    3    0    2  
   3    0    1    0    2  
   0    3    2    0    1  
   1    0    0    3    2  
   3    0    2    1    0  
   0    0    3    2    1  
   0    0    1    2    3  
   2    3    0    0    1  
   3    2    0    1    0  
   1    0    0    3    2  
   2    3    0    0    1  
   0    3    2    0    1  
   1    0    0    3    2  
   0    0    3    2    1  
   0    3    0    2    1  
   3    2    1    0    0  
   1    3    0    0    2  
   0    2    0    1    3  
   0    2    3    0    1  
   1    0    3    2    0  
   0    3    0    1    2  
   0    3    0    1    2  
   3    1    0    0    2  
   1    2    0    3    0  
   1    3    0    2    0  
   0    2    1    3    0  
   1    3    0    2    0  
   0    3    1    2    0  
   1    0    3    0    2  
   2    0    3    1    0  
   2    0    3    1    0  
   3    2    0    1    0  
   3    1    2    0    0  
   3    0    0    2    1  
   1    0    3    2    0  
   0    2    1    3    0  
   0    3    2    0    1  
   0    3    2    0    1  
   3    0    0    1    2  
   1    3    0    2    0  
   2    0    1    0    3  
   3    1    0    0    2  
   0    1    0    3    2  
   0    0    3    1    2  
   3    2    0    1    0  
   0    3    2    1    0  
   3    1    2    0    0  
   0    2    3    0    1  
   2    0    1    0    3  
   0    0    2    1    3  
   0    2    0    1    3  
   3    1    0    2    0  
   0    1    0    3    2  
   2    0    1    3    0  
   1    0    2    0    3  
   0    0    3    2    1  
   0    0    3    1    2  
   3    2    0    0    1  
   0    2    1    3    0  
   2    0    0    3    1  
   0    0    2    3    1  
   0    1    3    0    2  
   0    0    2    1    3  
   0    2    3    1    0  
   0    0    3    2    1  
   2    0    3    0    1  
   0    2    1    3    0  
   0    3    1    0    2  
   0    3    0    1    2  
   1    0    2    3    0  
   0    1    3    0    2  
   3    2    0    1    0  
   1    2    3    0    0  
   3    0    0    1    2  
   0    0    2    1    3  
   2    0    3    0    1  
   0    3    2    1    0  ] 
RESERVATION PRICES : [    5    6    6    0    0  
  11   10    0   13    0  
  11   12   13    0    0  
  16    0    0   14   19  
  20   20    0   17    0  
  21   21   22    0    0  
  24   27    0    0   29  
   0   30   35    0   37  
  38    0    0   34   33  
  33   36    0   39    0  
   0   45   43   38    0  
  47    0    0   53   50  
   0   58   55   44    0  
  50    0   58    0   52  
   0    0   51   57   51  
  63    0   55    0   66  
  53   54    0    0   59  
   0   58   62   56    0  
   0   74   66   76    0  
  82   67   81    0    0  
  70   72    0   83    0  
  78   67    0   82    0  
   0   80   93    0   94  
  83   80    0    0   87  
  91    0  101   88    0  
   0   90   89    0  106  
  86   94  116    0    0  
 106    0  110   92    0  
  96    0   92    0  110  
 104    0    0  102  104  
 119  116    0    0  119  
   0  116  132  103    0  
   0    0  130  110  138  
 126  133    0  139    0  
   0    0  121  117  144  
 135    0  126    0  130  
   0  115  109    0  107  
 147  116    0    0  139  
 145    0  120  134    0  
 132  156  158    0    0  
 138  154    0    0  132  
   0    0  122  125  134  
   0  160  167  140    0  
 172  156    0  162    0  
   0  167    0  135  156  
   0    0  145  173  135  
   0  170  147    0  143  
   0    0  177  174  167  
   0  166  168    0  152  
 149    0  191    0  176  
   0  190  145    0  192  
 185    0    0  199  185  
 175    0  192  164    0  
   0    0  157  159  178  
   0    0  170  179  187  
 206  185    0    0  153  
 158  187    0  183    0  
 168    0    0  221  166  
 174  171    0    0  199  
   0  180  207    0  217  
 216    0    0  182  181  
   0    0  196  202  196  
   0  208    0  217  171  
 189  203  174    0    0  
 219  240    0    0  240  
   0  177    0  195  207  
   0  244  197    0  246  
 201    0  198  182    0  
   0  207    0  193  258  
   0  246    0  236  209  
 204  231    0    0  195  
 253  254    0  203    0  
 259  227    0  232    0  
   0  204  254  275    0  
 218  240    0  236    0  
   0  227  253  223    0  
 214    0  271    0  253  
 233    0  219  231    0  
 293    0  246  288    0  
 225  243    0  233    0  
 263  276  299    0    0  
 309    0    0  225  286  
 304    0  244  289    0  
   0  240  265  290    0  
   0  230  264    0  285  
   0  244  310    0  251  
 267    0    0  268  315  
 288  313    0  298    0  
 269    0  257    0  330  
 296  319    0    0  262  
   0  249    0  328  301  
   0    0  318  324  321  
 338  311    0  319    0  
   0  286  353  326    0  
 365  314  338    0    0  
   0  336  344    0  348  
 352    0  286    0  268  
   0    0  319  363  356  
   0  314    0  338  346  
 289  377    0  317    0  
   0  380    0  384  325  
 368    0  352  288    0  
 363    0  302    0  281  
   0    0  293  384  388  
   0    0  336  323  352  
 301  382    0    0  333  
   0  382  345  377    0  
 380    0    0  295  391  
   0    0  368  309  396  
   0  369  321    0  361  
   0    0  303  392  377  
   0  322  417  352    0  
   0    0  422  362  311  
 380    0  357    0  332  
   0  356  377  328    0  
   0  317  331    0  437  
   0  388    0  433  325  
 358    0  320  327    0  
   0  326  375    0  349  
 355  354    0  368    0  
 397  405  342    0    0  
 385    0    0  377  375  
   0    0  367  348  462  
 426    0  456    0  363  
   0  379  390  430    0  ] 
 ] 
