K : 125
I : 15
C : 25
INSTANCE : 2
PREFERENCES : [    0    0    0    3    0    0    0    0    5    2    1    0    0    0    4  
   4    0    0    3    0    0    0    0    0    0    0    2    0    5    1  
   0    0    4    1    0    0    0    5    0    2    0    0    0    3    0  
   0    2    0    0    0    0    0    0    3    5    0    0    4    1    0  
   0    5    0    4    2    0    1    3    0    0    0    0    0    0    0  
   0    0    3    0    0    0    0    2    0    0    5    4    0    0    1  
   4    3    0    0    0    5    0    0    0    2    0    0    0    1    0  
   3    0    0    5    1    4    2    0    0    0    0    0    0    0    0  
   0    0    2    0    4    0    0    0    5    0    1    0    3    0    0  
   0    4    0    0    0    0    0    0    0    5    2    0    1    0    3  
   0    2    0    0    3    0    4    0    0    0    0    1    0    5    0  
   0    3    1    0    0    0    0    0    0    2    5    0    4    0    0  
   1    5    0    0    0    0    2    0    0    4    0    0    0    3    0  
   4    0    0    2    0    0    0    0    0    1    0    0    3    5    0  
   0    0    1    0    0    3    5    2    0    0    4    0    0    0    0  
   4    0    0    0    3    0    2    5    0    0    1    0    0    0    0  
   0    5    0    2    0    0    0    0    0    4    0    3    0    1    0  
   0    0    0    0    0    2    4    0    0    1    5    0    3    0    0  
   1    0    0    0    0    0    5    0    4    3    0    2    0    0    0  
   1    0    0    2    0    0    0    4    0    5    0    0    0    3    0  
   5    0    3    0    0    2    0    0    0    4    0    0    0    0    1  
   0    4    0    2    1    5    0    0    0    3    0    0    0    0    0  
   0    0    0    0    3    1    0    5    0    0    0    0    0    4    2  
   4    0    0    3    2    0    0    0    0    0    5    0    1    0    0  
   0    5    0    4    0    0    0    0    0    0    3    2    0    0    1  
   0    5    0    0    2    1    0    0    0    4    0    0    3    0    0  
   0    0    0    0    3    2    4    1    0    0    5    0    0    0    0  
   0    2    0    0    0    5    0    0    0    0    1    4    3    0    0  
   0    0    0    1    0    0    0    4    0    5    0    0    0    2    3  
   0    0    0    0    2    0    5    0    3    1    0    0    0    4    0  
   2    0    0    0    3    0    1    0    5    0    0    0    4    0    0  
   0    0    0    2    0    0    0    5    0    3    0    4    0    1    0  
   1    2    3    4    0    0    0    0    5    0    0    0    0    0    0  
   0    5    0    0    0    2    0    3    0    4    0    1    0    0    0  
   0    2    0    0    0    1    0    0    0    0    0    4    3    5    0  
   1    0    4    0    3    0    0    0    0    5    0    0    0    0    2  
   0    2    0    0    0    0    5    0    3    0    0    0    1    4    0  
   0    1    0    0    0    0    0    0    5    4    3    0    2    0    0  
   5    3    4    0    0    0    0    0    0    0    0    0    1    0    2  
   0    0    2    4    0    0    0    1    5    3    0    0    0    0    0  
   0    0    5    3    0    0    0    0    2    4    0    1    0    0    0  
   4    0    0    0    5    0    0    2    0    0    0    3    1    0    0  
   0    2    0    0    3    0    0    0    4    0    0    0    0    1    5  
   0    4    1    0    2    3    0    0    5    0    0    0    0    0    0  
   0    0    5    0    4    0    3    0    0    1    0    0    0    0    2  
   0    0    0    0    1    0    0    4    0    0    3    0    5    2    0  
   0    0    0    4    0    0    0    1    2    0    0    0    5    3    0  
   2    0    0    0    3    0    1    0    0    4    0    0    0    5    0  
   0    1    0    5    0    3    0    0    0    2    0    0    0    0    4  
   0    0    0    5    1    0    0    3    0    2    0    4    0    0    0  
   1    0    0    0    0    0    3    0    0    0    0    4    2    5    0  
   2    4    0    0    1    0    0    0    0    3    0    0    0    5    0  
   0    0    0    0    5    0    2    0    4    1    0    0    0    0    3  
   0    0    0    0    0    0    0    2    1    3    0    5    4    0    0  
   0    2    3    0    1    5    0    0    0    0    0    4    0    0    0  
   3    0    0    0    0    0    2    0    0    0    0    1    0    4    5  
   1    2    0    0    0    0    0    3    0    5    0    0    4    0    0  
   1    5    0    0    0    0    0    4    0    3    0    0    0    2    0  
   1    0    0    0    2    0    4    0    0    0    3    0    0    5    0  
   0    0    2    0    0    4    0    0    0    1    0    5    0    0    3  
   0    0    0    4    0    5    0    0    3    2    1    0    0    0    0  
   0    0    3    0    0    0    0    5    0    0    2    4    1    0    0  
   0    0    5    0    0    0    1    0    0    0    0    3    2    0    4  
   0    0    0    0    0    0    0    0    4    1    0    3    5    0    2  
   2    1    0    0    3    0    0    0    0    0    4    5    0    0    0  
   0    0    0    4    2    0    0    0    3    0    0    0    0    1    5  
   3    2    0    5    0    0    0    0    0    4    0    0    0    1    0  
   0    0    0    1    0    4    5    2    3    0    0    0    0    0    0  
   5    0    0    1    0    3    0    0    0    0    0    2    0    0    4  
   2    4    0    0    0    0    5    0    0    0    3    0    0    0    1  
   1    0    0    0    2    4    0    0    5    0    0    3    0    0    0  
   2    0    0    0    5    0    1    0    3    4    0    0    0    0    0  
   0    0    0    0    0    1    4    0    0    0    2    5    3    0    0  
   0    1    4    0    0    0    0    0    0    3    0    0    5    2    0  
   0    2    1    0    0    3    0    0    0    0    5    0    0    0    4  
   0    0    5    3    0    0    4    0    0    1    0    0    0    0    2  
   0    3    5    0    0    0    4    0    0    1    0    0    2    0    0  
   0    0    1    0    0    0    0    0    0    2    5    3    4    0    0  
   0    0    0    0    0    0    4    0    0    5    1    3    0    2    0  
   0    2    0    5    0    0    1    3    0    0    0    4    0    0    0  
   0    4    2    1    5    0    0    0    0    3    0    0    0    0    0  
   0    3    5    0    0    0    0    4    2    0    0    0    0    1    0  
   0    4    0    0    0    0    1    0    5    2    0    0    0    0    3  
   0    5    0    4    1    0    0    0    0    0    2    0    3    0    0  
   0    4    2    0    1    0    0    0    0    5    3    0    0    0    0  
   0    0    2    0    0    3    0    0    4    0    0    5    0    1    0  
   0    0    0    0    4    0    0    0    3    1    0    0    2    0    5  
   0    0    0    0    2    4    0    0    0    0    0    3    5    1    0  
   0    5    2    0    4    0    0    0    0    0    0    0    3    1    0  
   0    5    0    0    3    0    0    0    4    1    0    0    0    2    0  
   0    1    2    0    0    0    0    0    0    4    3    0    0    5    0  
   0    0    0    0    0    0    4    3    0    0    0    5    0    2    1  
   0    0    1    0    0    0    0    4    0    0    5    2    3    0    0  
   3    0    0    0    1    0    4    0    2    5    0    0    0    0    0  
   0    3    0    1    0    5    0    4    2    0    0    0    0    0    0  
   1    0    4    5    2    0    0    0    0    0    0    3    0    0    0  
   0    0    0    0    2    1    0    3    5    4    0    0    0    0    0  
   4    0    1    0    0    0    0    5    0    0    0    0    3    0    2  
   2    0    3    4    0    0    0    0    0    5    0    0    0    0    1  
   3    0    0    2    0    0    0    0    4    0    0    5    0    0    1  
   4    0    0    3    0    0    0    0    0    0    1    5    0    2    0  
   0    0    0    2    0    0    3    0    0    1    0    0    5    0    4  
   0    4    1    0    0    2    0    0    0    0    0    3    5    0    0  
   0    3    0    0    2    0    1    0    0    5    4    0    0    0    0  
   3    0    0    0    0    4    0    0    0    2    0    0    1    0    5  
   2    0    0    0    3    0    0    0    1    4    0    0    0    0    5  
   0    4    0    0    0    0    3    5    1    0    2    0    0    0    0  
   0    5    0    0    0    0    0    2    1    0    0    0    3    0    4  
   0    0    0    0    0    0    0    2    5    0    4    0    3    0    1  
   3    0    0    0    2    0    1    4    0    5    0    0    0    0    0  
   0    0    0    3    4    2    0    0    1    0    5    0    0    0    0  
   0    0    0    0    0    3    4    0    0    1    0    0    0    2    5  
   0    0    0    0    4    0    3    5    0    2    0    0    0    0    1  
   3    0    2    5    0    0    0    0    4    0    1    0    0    0    0  
   0    4    0    0    1    0    0    0    0    3    5    0    2    0    0  
   0    2    1    0    0    0    0    4    0    0    3    0    0    5    0  
   0    0    0    0    5    0    4    2    0    0    1    0    0    3    0  
   0    0    0    1    3    0    0    0    0    4    2    0    5    0    0  
   0    0    0    0    0    4    3    0    5    1    0    0    0    0    2  
   5    0    0    3    0    0    0    2    4    0    0    1    0    0    0  
   0    5    0    1    4    0    0    0    3    0    0    2    0    0    0  
   0    0    0    0    2    0    0    0    1    0    0    5    0    3    4  
   1    0    0    4    0    0    0    2    3    0    0    0    0    0    5  
   0    3    0    0    2    4    0    0    5    0    0    0    0    1    0  
   3    2    1    4    0    0    5    0    0    0    0    0    0    0    0  ] 
RESERVATION PRICES : [    0    0    0    9    0    0    0    0    7    7    7    0    0    0    7  
  12    0    0   12    0    0    0    0    0    0    0   12    0   11   12  
   0    0   13   17    0    0    0   14    0   13    0    0    0   17    0  
   0   19    0    0    0    0    0    0   18   18    0    0   21   22    0  
   0   22    0   24   21    0   21   24    0    0    0    0    0    0    0  
   0    0   24    0    0    0    0   23    0    0   20   25    0    0   27  
  25   25    0    0    0   27    0    0    0   20    0    0    0   24    0  
  22    0    0   28   26   27   29    0    0    0    0    0    0    0    0  
   0    0   34    0   31    0    0    0   27    0   34    0   33    0    0  
   0   28    0    0    0    0    0    0    0   27   31    0   25    0   34  
   0   39    0    0   31    0   39    0    0    0    0   37    0   37    0  
   0   34   36    0    0    0    0    0    0   39   41    0   43    0    0  
  40   51    0    0    0    0   44    0    0   38    0    0    0   40    0  
  53    0    0   53    0    0    0    0    0   54    0    0   40   54    0  
   0    0   44    0    0   42   49   46    0    0   53    0    0    0    0  
  48    0    0    0   47    0   58   51    0    0   45    0    0    0    0  
   0   57    0   59    0    0    0    0    0   57    0   48    0   58    0  
   0    0    0    0    0   68   60    0    0   67   63    0   55    0    0  
  56    0    0    0    0    0   55    0   71   73    0   58    0    0    0  
  69    0    0   61    0    0    0   58    0   64    0    0    0   71    0  
  64    0   63    0    0   79    0    0    0   71    0    0    0    0   68  
   0   76    0   59   59   75    0    0    0   69    0    0    0    0    0  
   0    0    0    0   68   78    0   83    0    0    0    0    0   78   79  
  87    0    0   88   86    0    0    0    0    0   76    0   83    0    0  
   0   87    0   79    0    0    0    0    0    0   89   87    0    0   95  
   0   77    0    0   90   87    0    0    0   90    0    0  100    0    0  
   0    0    0    0  102   89   95   80    0    0   98    0    0    0    0  
   0   85    0    0    0   83    0    0    0    0   88   79   82    0    0  
   0    0    0  103    0    0    0   79    0   98    0    0    0   95  100  
   0    0    0    0   97    0   96    0   84   94    0    0    0  111    0  
 112    0    0    0   90    0  112    0  117    0    0    0  100    0    0  
   0    0    0  108    0    0    0  114    0  115    0  102    0   86    0  
  98  100   91  105    0    0    0    0  106    0    0    0    0    0    0  
   0  103    0    0    0  113    0   99    0   97    0  129    0    0    0  
   0  110    0    0    0  101    0    0    0    0    0   99  103  100    0  
 128    0  131    0  127    0    0    0    0  115    0    0    0    0  108  
   0  105    0    0    0    0  108    0  120    0    0    0  127  129    0  
   0  108    0    0    0    0    0    0  115  149  146    0  113    0    0  
 143  109  126    0    0    0    0    0    0    0    0    0  125    0  112  
   0    0  144  121    0    0    0  128  121  148    0    0    0    0    0  
   0    0  135  138    0    0    0    0  141  137    0  139    0    0    0  
 117    0    0    0  131    0    0  136    0    0    0  127  120    0    0  
   0  126    0    0  151    0    0    0  161    0    0    0    0  157  122  
   0  143  127    0  142  152    0    0  143    0    0    0    0    0    0  
   0    0  135    0  165    0  133    0    0  141    0    0    0    0  126  
   0    0    0    0  143    0    0  146    0    0  153    0  177  151    0  
   0    0    0  141    0    0    0  168  184    0    0    0  175  140    0  
 151    0    0    0  173    0  180    0    0  137    0    0    0  165    0  
   0  146    0  140    0  170    0    0    0  144    0    0    0    0  168  
   0    0    0  141  192    0    0  161    0  194    0  159    0    0    0  
 152    0    0    0    0    0  196    0    0    0    0  151  188  184    0  
 168  194    0    0  155    0    0    0    0  204    0    0    0  166    0  
   0    0    0    0  180    0  185    0  154  179    0    0    0    0  188  
   0    0    0    0    0    0    0  213  187  166    0  187  191    0    0  
   0  179  197    0  186  195    0    0    0    0    0  163    0    0    0  
 162    0    0    0    0    0  218    0    0    0    0  161    0  199  185  
 179  171    0    0    0    0    0  190    0  193    0    0  173    0    0  
 168  185    0    0    0    0    0  187    0  179    0    0    0  190    0  
 200    0    0    0  180    0  166    0    0    0  167    0    0  225    0  
   0    0  169    0    0  187    0    0    0  216    0  228    0    0  181  
   0    0    0  234    0  173    0    0  204  185  190    0    0    0    0  
   0    0  237    0    0    0    0  237    0    0  185  218  176    0    0  
   0    0  188    0    0    0  202    0    0    0    0  174  196    0  184  
   0    0    0    0    0    0    0    0  230  246    0  195  203    0  201  
 185  219    0    0  222    0    0    0    0    0  243  223    0    0    0  
   0    0    0  230  191    0    0    0  251    0    0    0    0  200  209  
 228  223    0  187    0    0    0    0    0  209    0    0    0  228    0  
   0    0    0  236    0  226  215  203  188    0    0    0    0    0    0  
 266    0    0  231    0  249    0    0    0    0    0  202    0    0  212  
 217  215    0    0    0    0  260    0    0    0  249    0    0    0  241  
 265    0    0    0  200  203    0    0  268    0    0  254    0    0    0  
 231    0    0    0  266    0  230    0  201  200    0    0    0    0    0  
   0    0    0    0    0  242  249    0    0    0  210  205  256    0    0  
   0  262  223    0    0    0    0    0    0  271    0    0  269  265    0  
   0  281  286    0    0  247    0    0    0    0  262    0    0    0  275  
   0    0  239  259    0    0  215    0    0  228    0    0    0    0  278  
   0  255  267    0    0    0  258    0    0  287    0    0  223    0    0  
   0    0  296    0    0    0    0    0    0  274  301  283  249    0    0  
   0    0    0    0    0    0  241    0    0  266  301  298    0  222    0  
   0  238    0  254    0    0  278  253    0    0    0  237    0    0    0  
   0  277  230  265  270    0    0    0    0  290    0    0    0    0    0  
   0  251  287    0    0    0    0  271  232    0    0    0    0  302    0  
   0  294    0    0    0    0  254    0  270  256    0    0    0    0  276  
   0  232    0  286  284    0    0    0    0    0  314    0  321    0    0  
   0  307  252    0  290    0    0    0    0  267  298    0    0    0    0  
   0    0  316    0    0  285    0    0  270    0    0  276    0  258    0  
   0    0    0    0  275    0    0    0  246  305    0    0  267    0  261  
   0    0    0    0  239  316    0    0    0    0    0  319  254  249    0  
   0  340  257    0  297    0    0    0    0    0    0    0  338  260    0  
   0  285    0    0  312    0    0    0  258  289    0    0    0  325    0  
   0  315  321    0    0    0    0    0    0  309  273    0    0  322    0  
   0    0    0    0    0    0  341  254    0    0    0  260    0  326  297  
   0    0  334    0    0    0    0  320    0    0  329  255  295    0    0  
 314    0    0    0  355    0  350    0  322  261    0    0    0    0    0  
   0  332    0  269    0  332    0  328  312    0    0    0    0    0    0  
 274    0  326  295  305    0    0    0    0    0    0  286    0    0    0  
   0    0    0    0  306  343    0  339  315  319    0    0    0    0    0  
 289    0  316    0    0    0    0  347    0    0    0    0  284    0  366  
 297    0  369  277    0    0    0    0    0  360    0    0    0    0  296  
 363    0    0  333    0    0    0    0  376    0    0  350    0    0  302  
 283    0    0  356    0    0    0    0    0    0  363  321    0  288    0  
   0    0    0  291    0    0  369    0    0  367    0    0  382    0  353  
   0  363  320    0    0  360    0    0    0    0    0  358  318    0    0  
   0  391    0    0  369    0  355    0    0  387  326    0    0    0    0  
 290    0    0    0    0  308    0    0    0  365    0    0  299    0  304  
 339    0    0    0  399    0    0    0  326  348    0    0    0    0  399  
   0  300    0    0    0    0  367  342  367    0  333    0    0    0    0  
   0  396    0    0    0    0    0  378  394    0    0    0  399    0  335  
   0    0    0    0    0    0    0  328  319    0  371    0  396    0  400  
 408    0    0    0  345    0  394  304    0  405    0    0    0    0    0  
   0    0    0  360  356  338    0    0  421    0  388    0    0    0    0  
   0    0    0    0    0  307  329    0    0  345    0    0    0  403  327  
   0    0    0    0  376    0  415  359    0  361    0    0    0    0  330  
 314    0  361  404    0    0    0    0  370    0  366    0    0    0    0  
   0  383    0    0  339    0    0    0    0  430  437    0  386    0    0  
   0  344  426    0    0    0    0  361    0    0  379    0    0  434    0  
   0    0    0    0  416    0  361  330    0    0  405    0    0  335    0  
   0    0    0  405  340    0    0    0    0  326  444    0  446    0    0  
   0    0    0    0    0  324  426    0  439  353    0    0    0    0  323  
 411    0    0  445    0    0    0  385  441    0    0  334    0    0    0  
   0  375    0  443  451    0    0    0  367    0    0  398    0    0    0  
   0    0    0    0  416    0    0    0  368    0    0  452    0  419  450  
 420    0    0  372    0    0    0  404  366    0    0    0    0    0  454  
   0  369    0    0  467  398    0    0  377    0    0    0    0  454    0  
 340  453  455  369    0    0  431    0    0    0    0    0    0    0    0  ] 
 ] 
