K : 50
I : 15
C : 5
INSTANCE : 3
PREFERENCES : [    0    0    1    5    0    0    3    0    0    0    0    4    2    0    0  
   0    1    3    0    0    0    4    2    0    0    5    0    0    0    0  
   5    2    4    0    0    0    3    1    0    0    0    0    0    0    0  
   0    0    0    0    5    3    0    0    0    0    0    4    0    1    2  
   3    2    1    0    4    5    0    0    0    0    0    0    0    0    0  
   5    0    0    0    0    0    4    0    3    1    2    0    0    0    0  
   0    0    0    0    0    0    2    3    0    5    1    4    0    0    0  
   0    0    1    0    0    0    0    0    4    0    2    3    5    0    0  
   0    0    4    0    0    0    3    0    2    5    0    0    1    0    0  
   1    2    0    0    0    5    0    0    4    3    0    0    0    0    0  
   1    0    3    0    0    0    5    0    2    0    0    0    4    0    0  
   0    0    1    2    0    0    0    0    0    0    3    5    0    0    4  
   0    0    4    0    5    0    0    0    0    0    3    2    0    1    0  
   4    0    3    2    5    0    0    0    0    0    0    1    0    0    0  
   0    0    4    0    0    3    2    0    0    5    0    1    0    0    0  
   5    0    3    0    0    0    0    1    0    0    2    0    0    0    4  
   0    0    0    2    0    4    0    0    1    3    0    0    5    0    0  
   0    0    0    0    3    1    4    0    5    0    0    0    0    0    2  
   0    0    4    5    0    0    3    0    0    0    1    0    0    2    0  
   0    0    4    0    0    3    0    0    0    5    2    0    0    0    1  
   0    5    0    0    0    0    2    0    4    0    0    0    0    1    3  
   0    0    0    0    2    0    3    0    5    0    0    0    0    1    4  
   0    0    0    0    0    2    0    0    5    4    0    0    1    3    0  
   0    0    0    0    0    3    5    0    0    0    1    2    4    0    0  
   3    0    0    0    0    0    0    0    0    0    0    1    2    5    4  
   1    0    0    4    0    0    3    0    5    0    0    0    0    2    0  
   0    0    0    5    3    0    1    0    0    4    0    0    0    0    2  
   3    0    0    0    0    0    0    0    1    0    2    5    0    0    4  
   0    3    0    0    4    0    1    0    0    0    5    0    0    2    0  
   0    0    4    0    0    3    0    5    2    0    1    0    0    0    0  
   4    5    0    0    0    1    0    0    0    2    0    3    0    0    0  
   0    0    0    0    0    0    3    0    0    0    5    1    4    2    0  
   0    4    0    0    2    3    0    0    0    5    0    0    1    0    0  
   0    0    0    4    0    2    0    0    0    5    0    3    0    0    1  
   3    0    0    5    0    4    0    0    0    0    1    0    0    2    0  
   5    0    0    0    0    4    0    0    0    0    2    0    1    3    0  
   0    1    0    0    0    0    3    5    0    2    0    0    0    0    4  
   3    0    2    0    0    0    0    5    0    0    0    0    1    4    0  
   3    0    0    0    4    0    5    0    0    0    0    1    0    0    2  
   1    4    0    0    0    0    0    5    0    0    0    2    3    0    0  
   0    0    0    0    5    3    0    1    4    2    0    0    0    0    0  
   0    4    5    0    0    0    0    0    0    1    0    0    3    0    2  
   0    2    0    0    0    0    0    0    0    4    0    5    1    0    3  
   0    0    0    0    5    2    1    3    0    0    0    0    4    0    0  
   4    2    0    0    0    0    0    0    0    0    1    5    3    0    0  
   2    0    4    0    5    0    0    0    0    0    1    0    3    0    0  
   1    5    0    0    0    0    2    4    0    0    0    0    3    0    0  
   0    0    0    0    4    0    0    2    3    0    5    0    0    1    0  
   5    0    0    1    0    4    0    0    0    0    2    0    0    0    3  
   0    5    0    0    1    0    2    4    0    0    0    3    0    0    0  ] 
RESERVATION PRICES : [    0    0    8    8    0    0    9    0    0    0    0    9    9    0    0  
   0   11   12    0    0    0   12   13    0    0   14    0    0    0    0  
  11   14   11    0    0    0   11   12    0    0    0    0    0    0    0  
   0    0    0    0   15   14    0    0    0    0    0   14    0   14   12  
  14   14   15    0   16   16    0    0    0    0    0    0    0    0    0  
  19    0    0    0    0    0   16    0   19   18   19    0    0    0    0  
   0    0    0    0    0    0   20   23    0   23   25   20    0    0    0  
   0    0   26    0    0    0    0    0   31    0   29   30   32    0    0  
   0    0   29    0    0    0   27    0   33   27    0    0   29    0    0  
  39   37    0    0    0   38    0    0   30   31    0    0    0    0    0  
  39    0   45    0    0    0   41    0   37    0    0    0   40    0    0  
   0    0   41   39    0    0    0    0    0    0   39   43    0    0   40  
   0    0   44    0   41    0    0    0    0    0   41   40    0   43    0  
  56    0   58   51   47    0    0    0    0    0    0   58    0    0    0  
   0    0   61    0    0   65   50    0    0   47    0   61    0    0    0  
  65    0   69    0    0    0    0   54    0    0   53    0    0    0   67  
   0    0    0   74    0   71    0    0   57   58    0    0   65    0    0  
   0    0    0    0   64   64   57    0   62    0    0    0    0    0   70  
   0    0   79   80    0    0   76    0    0    0   60    0    0   79    0  
   0    0   78    0    0   89    0    0    0   70   70    0    0    0   68  
   0   67    0    0    0    0   90    0   70    0    0    0    0   83   81  
   0    0    0    0   85    0   85    0   70    0    0    0    0   69   89  
   0    0    0    0    0   98    0    0   95   98    0    0   85   86    0  
   0    0    0    0    0   90   97    0    0    0   87   91   88    0    0  
  80    0    0    0    0    0    0    0    0    0    0   75   77   71   88  
  78    0    0   78    0    0   99    0   90    0    0    0    0   73    0  
   0    0    0   97   94    0  100    0    0   99    0    0    0    0   78  
 100    0    0    0    0    0    0    0  100    0   84   90    0    0   90  
   0  116    0    0  109    0   99    0    0    0  109    0    0  113    0  
   0    0  105    0    0   99    0  110  107    0  100    0    0    0    0  
 110  123    0    0    0  120    0    0    0  119    0  115    0    0    0  
   0    0    0    0    0    0  110    0    0    0  100  126  113  124    0  
   0   99    0    0  106  100    0    0    0  111    0    0  122    0    0  
   0    0    0  116    0  107    0    0    0  102    0  130    0    0  122  
 117    0    0  133    0  128    0    0    0    0  136    0    0  136    0  
 144    0    0    0    0  143    0    0    0    0  145    0  134  120    0  
   0  127    0    0    0    0  121  137    0  127    0    0    0    0  130  
 151    0  129    0    0    0    0  141    0    0    0    0  150  128    0  
 123    0    0    0  118    0  148    0    0    0    0  136    0    0  123  
 118  139    0    0    0    0    0  119    0    0    0  147  128    0    0  
   0    0    0    0  143  144    0  147  122  150    0    0    0    0    0  
   0  129  121    0    0    0    0    0    0  136    0    0  123    0  157  
   0  129    0    0    0    0    0    0    0  125    0  152  164    0  165  
   0    0    0    0  145  149  140  156    0    0    0    0  126    0    0  
 135  132    0    0    0    0    0    0    0    0  143  165  142    0    0  
 149    0  139    0  179    0    0    0    0    0  152    0  172    0    0  
 164  146    0    0    0    0  142  158    0    0    0    0  183    0    0  
   0    0    0    0  148    0    0  174  137    0  154    0    0  143    0  
 142    0    0  145    0  158    0    0    0    0  162    0    0    0  159  
   0  168    0    0  177    0  174  142    0    0    0  147    0    0    0  ] 
 ] 
