K : 50
I : 5
C : 10
INSTANCE : 2
PREFERENCES : [    2    1    3    0    0  
   3    1    0    2    0  
   3    0    1    0    2  
   0    3    1    0    2  
   2    1    3    0    0  
   3    2    1    0    0  
   1    3    2    0    0  
   2    1    3    0    0  
   0    0    3    1    2  
   0    3    1    0    2  
   2    0    0    1    3  
   0    1    0    3    2  
   1    0    0    2    3  
   0    1    3    2    0  
   3    1    2    0    0  
   0    0    1    2    3  
   2    0    0    3    1  
   0    3    1    2    0  
   0    1    2    0    3  
   0    3    2    0    1  
   0    3    0    1    2  
   0    2    0    3    1  
   1    2    0    3    0  
   0    0    2    1    3  
   1    3    2    0    0  
   2    3    0    1    0  
   1    2    0    0    3  
   0    2    3    0    1  
   0    2    1    3    0  
   2    0    0    3    1  
   0    0    1    2    3  
   2    0    0    1    3  
   3    0    2    1    0  
   2    0    0    3    1  
   3    1    0    2    0  
   0    1    2    3    0  
   0    3    1    0    2  
   0    1    3    2    0  
   0    2    0    1    3  
   0    0    3    2    1  
   3    0    1    0    2  
   2    0    0    3    1  
   0    2    1    0    3  
   1    3    2    0    0  
   0    2    3    1    0  
   1    0    3    2    0  
   0    3    1    2    0  
   0    2    1    3    0  
   3    0    0    1    2  
   0    1    3    2    0  ] 
RESERVATION PRICES : [    7    6    7    0    0  
   7    7    0    6    0  
  13    0   13    0   12  
   0   16   15    0   18  
  20   17   19    0    0  
  16   19   18    0    0  
  21   21   21    0    0  
  21   21   22    0    0  
   0    0   24   31   29  
   0   37   37    0   32  
  28    0    0   35   34  
   0   30    0   31   33  
  30    0    0   33   33  
   0   38   42   42    0  
  46   43   38    0    0  
   0    0   52   50   44  
  47    0    0   55   49  
   0   50   54   62    0  
   0   54   67    0   67  
   0   62   65    0   60  
   0   62    0   79   57  
   0   80    0   78   74  
  82   64    0   77    0  
   0    0   85   63   73  
  70   75   67    0    0  
  78   76    0   82    0  
  98   89    0    0   93  
   0   76   84    0   74  
   0   83   77  105    0  
  97    0    0   86  105  
   0    0  107  115  108  
 107    0    0  104  120  
 114    0  115   92    0  
 113    0    0  126  120  
 113  119    0  103    0  
   0  114  127   98    0  
   0  123  107    0  129  
   0  142  122  142    0  
   0  117    0  128  141  
   0    0  136  134  117  
 116    0  138    0  142  
 132    0    0  125  137  
   0  127  132    0  152  
 145  130  151    0    0  
   0  140  136  141    0  
 155    0  142  128    0  
   0  164  152  166    0  
   0  173  158  187    0  
 149    0    0  145  166  
   0  176  175  190    0  ] 
 ] 
