K : 50
I : 10
C : 10
INSTANCE : 5
PREFERENCES : [    0    0    0    2    1    0    5    4    0    3  
   0    5    0    0    2    3    0    0    1    4  
   2    4    5    1    0    0    3    0    0    0  
   4    2    0    3    0    0    0    0    1    5  
   0    0    1    0    5    4    0    3    2    0  
   1    4    0    0    0    0    2    3    0    5  
   2    0    1    0    4    5    0    0    3    0  
   2    0    4    0    3    0    5    0    1    0  
   0    5    2    0    0    4    0    0    3    1  
   0    0    3    0    2    5    0    4    0    1  
   0    0    1    2    4    0    5    3    0    0  
   4    0    5    0    0    0    0    1    3    2  
   1    0    0    0    4    5    3    0    2    0  
   0    0    2    5    0    4    0    0    1    3  
   0    0    0    5    2    0    0    1    3    4  
   2    0    3    5    0    0    0    4    0    1  
   5    3    0    0    1    0    2    0    0    4  
   2    3    0    0    0    4    0    5    1    0  
   0    0    0    5    2    0    3    1    0    4  
   2    4    0    0    0    3    5    0    0    1  
   0    0    2    0    3    0    4    5    0    1  
   0    0    1    2    0    0    3    4    0    5  
   0    3    4    2    0    1    0    0    0    5  
   0    0    0    3    5    0    4    2    0    1  
   4    0    5    0    0    0    0    1    3    2  
   0    0    0    4    1    5    3    2    0    0  
   5    3    1    0    2    0    0    0    0    4  
   0    2    0    0    0    4    1    3    5    0  
   0    4    0    0    2    3    5    0    0    1  
   0    1    0    2    4    0    5    0    0    3  
   1    4    5    2    0    3    0    0    0    0  
   0    1    0    0    0    5    0    4    3    2  
   5    0    0    4    2    0    0    0    3    1  
   2    3    0    0    4    0    5    1    0    0  
   0    5    4    0    2    3    0    1    0    0  
   0    0    4    2    0    0    5    1    0    3  
   0    0    0    3    0    5    0    2    1    4  
   4    0    3    0    0    0    2    5    0    1  
   0    2    4    0    3    0    0    0    1    5  
   0    5    0    0    4    0    1    2    0    3  
   5    0    4    2    0    3    0    0    1    0  
   0    0    0    4    1    2    0    0    5    3  
   2    0    1    0    0    5    3    0    4    0  
   0    2    0    5    4    1    0    0    3    0  
   0    4    3    0    1    5    2    0    0    0  
   0    0    0    3    0    1    5    2    0    4  
   5    0    0    0    4    1    3    0    2    0  
   0    4    2    0    0    1    5    0    0    3  
   0    1    0    5    0    0    3    4    0    2  
   1    0    0    0    0    5    2    3    0    4  ] 
RESERVATION PRICES : [    0    0    0    9    8    0    7    7    0    8  
   0   12    0    0   11   11    0    0    9   12  
  15   14   14   18    0    0   14    0    0    0  
  19   17    0   16    0    0    0    0   19   20  
   0    0   21    0   17   16    0   16   18    0  
  21   20    0    0    0    0   21   20    0   20  
  22    0   22    0   21   24    0    0   22    0  
  30    0   27    0   23    0   29    0   25    0  
   0   34   33    0    0   32    0    0   33   33  
   0    0   34    0   29   29    0   29    0   32  
   0    0   38   34   35    0   45   43    0    0  
  44    0   39    0    0    0    0   39   38   36  
  36    0    0    0   38   38   40    0   44    0  
   0    0   52   50    0   48    0    0   39   45  
   0    0    0   44   51    0    0   51   52   57  
  53    0   46   53    0    0    0   48    0   60  
  66   66    0    0   67    0   66    0    0   60  
  56   71    0    0    0   70    0   60   69    0  
   0    0    0   77   78    0   57   68    0   58  
  71   64    0    0    0   78   69    0    0   69  
   0    0   78    0   68    0   74   67    0   65  
   0    0   78   77    0    0   64   80    0   71  
   0   87   79   73    0   67    0    0    0   70  
   0    0    0   78   77    0   85   89    0   85  
  69    0   79    0    0    0    0   76   93   95  
   0    0    0   76   93   76   97  100    0    0  
  82   94   82    0  100    0    0    0    0  104  
   0   79    0    0    0  103   79   78   84    0  
   0   92    0    0   92   95   85    0    0  102  
   0   90    0   93   88    0   98    0    0   87  
 114   89  117   97    0   94    0    0    0    0  
   0  107    0    0    0   99    0  104  114  106  
  89    0    0  110   98    0    0    0   95  120  
 111   95    0    0   91    0  103  122    0    0  
   0  106  100    0  121  104    0  101    0    0  
   0    0  109  131    0    0  121  110    0  129  
   0    0    0  122    0  125    0  132  119  103  
 131    0  131    0    0    0  117  100    0  110  
   0  109  105    0  102    0    0    0  132  132  
   0  107    0    0  105    0  124  137    0  105  
 127    0  148  127    0  139    0    0  146    0  
   0    0    0  144  131  112    0    0  151  110  
 142    0  156    0    0  151  143    0  123    0  
   0  118    0  161  148  134    0    0  134    0  
   0  138  146    0  120  126  127    0    0    0  
   0    0    0  125    0  169  151  152    0  134  
 175    0    0    0  176  132  127    0  162    0  
   0  165  129    0    0  156  145    0    0  179  
   0  166    0  164    0    0  156  182    0  153  
 156    0    0    0    0  177  173  145    0  171  ] 
 ] 
