K : 50
I : 15
C : 5
INSTANCE : 2
PREFERENCES : [    4    0    0    0    2    0    0    0    0    0    0    1    3    5    0  
   0    0    2    0    0    3    1    0    0    0    0    0    5    0    4  
   1    0    0    0    2    0    0    0    0    0    0    4    5    3    0  
   0    0    3    0    5    0    2    4    0    0    0    0    1    0    0  
   0    0    0    0    0    0    0    3    4    0    2    0    5    0    1  
   0    0    0    2    3    5    0    0    0    0    0    1    0    0    4  
   0    4    1    0    5    0    0    0    0    0    3    2    0    0    0  
   1    0    0    2    5    0    0    0    0    0    0    4    0    0    3  
   0    0    0    0    0    5    0    1    4    0    3    0    0    2    0  
   4    0    0    0    2    0    0    5    0    3    0    0    1    0    0  
   5    0    1    0    0    0    0    3    0    0    0    2    4    0    0  
   0    0    4    0    0    0    0    0    1    0    0    3    2    5    0  
   0    0    3    0    0    2    0    0    0    0    4    1    0    0    5  
   0    2    0    0    0    1    3    0    0    0    5    0    0    4    0  
   0    0    0    5    2    0    0    1    3    0    0    0    0    4    0  
   0    3    0    5    0    1    0    4    2    0    0    0    0    0    0  
   0    0    0    0    0    5    0    0    2    0    0    0    4    3    1  
   0    1    2    0    0    0    0    3    0    0    0    5    4    0    0  
   0    0    2    5    0    0    0    1    0    3    0    4    0    0    0  
   0    3    2    0    0    0    0    0    0    0    1    0    0    4    5  
   0    2    0    3    0    0    0    0    0    0    0    1    0    5    4  
   0    3    0    5    0    4    0    0    0    0    2    1    0    0    0  
   1    0    0    0    0    0    0    3    0    0    2    0    5    4    0  
   0    2    0    0    0    4    0    1    0    3    0    0    0    0    5  
   0    0    0    1    5    0    2    0    0    3    0    4    0    0    0  
   0    1    0    0    3    0    0    0    4    0    0    0    5    2    0  
   0    2    3    4    0    1    0    5    0    0    0    0    0    0    0  
   2    0    0    0    0    4    3    1    0    0    0    5    0    0    0  
   0    1    0    0    0    4    2    0    0    0    0    0    5    0    3  
   1    0    0    5    0    0    3    0    2    0    0    4    0    0    0  
   0    0    0    0    0    4    1    3    0    0    0    0    2    5    0  
   0    0    0    2    5    4    0    0    0    0    0    0    0    1    3  
   4    0    0    0    0    0    0    0    2    3    0    1    5    0    0  
   0    0    3    0    0    4    0    0    5    0    0    0    1    2    0  
   2    0    0    5    0    0    4    0    0    0    1    0    0    3    0  
   0    0    0    0    5    0    3    0    0    2    4    0    0    1    0  
   0    0    4    0    5    0    0    0    3    0    1    0    0    0    2  
   3    0    0    0    0    2    0    4    0    0    0    1    0    5    0  
   0    4    0    0    1    0    0    0    0    0    0    3    2    5    0  
   0    0    0    0    1    0    0    0    0    4    0    3    0    2    5  
   2    0    0    0    0    0    0    0    0    5    0    4    3    1    0  
   5    4    3    0    0    0    0    0    0    0    0    0    1    0    2  
   0    0    0    2    3    0    0    0    4    5    0    0    0    0    1  
   4    0    0    2    0    0    0    0    3    5    1    0    0    0    0  
   0    2    0    0    3    1    0    0    0    0    4    5    0    0    0  
   4    5    0    0    3    0    0    1    0    0    2    0    0    0    0  
   0    0    0    0    3    1    0    0    0    5    0    4    0    0    2  
   2    0    4    0    0    0    0    1    0    5    0    0    0    3    0  
   2    3    0    0    0    0    0    0    5    0    1    0    0    4    0  
   1    2    5    0    0    0    0    0    3    0    0    4    0    0    0  ] 
RESERVATION PRICES : [    5    0    0    0    5    0    0    0    0    0    0    6    6    6    0  
   0    0   12    0    0   11   10    0    0    0    0    0   12    0   10  
  10    0    0    0   13    0    0    0    0    0    0   12   13   13    0  
   0    0   19    0   19    0   18   18    0    0    0    0   15    0    0  
   0    0    0    0    0    0    0   16   20    0   17    0   19    0   20  
   0    0    0   20   20   16    0    0    0    0    0   18    0    0   20  
   0   22   25    0   23    0    0    0    0    0   27   27    0    0    0  
  26    0    0   25   23    0    0    0    0    0    0   21    0    0   27  
   0    0    0    0    0   26    0   22   26    0   28    0    0   21    0  
  25    0    0    0   25    0    0   27    0   24    0    0   29    0    0  
  30    0   31    0    0    0    0   27    0    0    0   34   33    0    0  
   0    0   31    0    0    0    0    0   33    0    0   33   37   39    0  
   0    0   38    0    0   39    0    0    0    0   39   37    0    0   30  
   0   40    0    0    0   45   45    0    0    0   37    0    0   33    0  
   0    0    0   40   38    0    0   36   40    0    0    0    0   42    0  
   0   36    0   44    0   45    0   36   43    0    0    0    0    0    0  
   0    0    0    0    0   46    0    0   56    0    0    0   55   43   54  
   0   50   48    0    0    0    0   56    0    0    0   58   58    0    0  
   0    0   64   65    0    0    0   51    0   61    0   53    0    0    0  
   0   67   53    0    0    0    0    0    0    0   59    0    0   51   65  
   0   61    0   71    0    0    0    0    0    0    0   54    0   63   67  
   0   75    0   61    0   63    0    0    0    0   62   65    0    0    0  
  77    0    0    0    0    0    0   65    0    0   71    0   78   73    0  
   0   68    0    0    0   74    0   74    0   80    0    0    0    0   66  
   0    0    0   70   73    0   81    0    0   86    0   92    0    0    0  
   0   84    0    0   74    0    0    0   87    0    0    0   92   85    0  
   0  100   87   80    0   75    0   96    0    0    0    0    0    0    0  
  89    0    0    0    0   99   83   84    0    0    0  103    0    0    0  
   0   80    0    0    0   84   80    0    0    0    0    0   96    0   89  
 100    0    0   85    0    0   86    0   98    0    0   99    0    0    0  
   0    0    0    0    0  109   94   85    0    0    0    0   87   83    0  
   0    0    0   91  112   91    0    0    0    0    0    0    0  104   95  
 104    0    0    0    0    0    0    0  109  100    0   91  116    0    0  
   0    0  100    0    0   92    0    0  104    0    0    0  118   95    0  
 122    0    0   94    0    0   96    0    0    0   96    0    0   97    0  
   0    0    0    0  101    0  122    0    0   97  114    0    0  124    0  
   0    0  121    0  129    0    0    0  119    0  108    0    0    0   98  
 133    0    0    0    0  106    0  123    0    0    0   99    0  120    0  
   0   99    0    0  121    0    0    0    0    0    0  126  111   99    0  
   0    0    0    0  136    0    0    0    0  119    0  116    0  114  126  
 130    0    0    0    0    0    0    0    0  108    0  112  143  117    0  
 120  118  131    0    0    0    0    0    0    0    0    0  128    0  129  
   0    0    0  138  143    0    0    0  150  121    0    0    0    0  126  
 126    0    0  125    0    0    0    0  157  134  142    0    0    0    0  
   0  138    0    0  159  136    0    0    0    0  142  135    0    0    0  
 131  140    0    0  140    0    0  126    0    0  126    0    0    0    0  
   0    0    0    0  163  136    0    0    0  171    0  167    0    0  143  
 174    0  131    0    0    0    0  172    0  147    0    0    0  139    0  
 185  152    0    0    0    0    0    0  173    0  146    0    0  180    0  
 152  179  173    0    0    0    0    0  178    0    0  138    0    0    0  ] 
 ] 
