K : 100
I : 5
C : 16
INSTANCE : 5
PREFERENCES : [    0    0    1    3    2  
   3    2    1    0    0  
   2    3    1    0    0  
   0    2    1    3    0  
   0    3    0    2    1  
   0    2    3    1    0  
   0    3    1    2    0  
   0    3    1    0    2  
   0    2    1    3    0  
   0    1    0    3    2  
   1    3    0    2    0  
   1    3    0    2    0  
   0    0    2    1    3  
   2    0    0    1    3  
   2    0    0    3    1  
   1    0    3    0    2  
   3    2    0    0    1  
   0    1    0    2    3  
   0    2    3    1    0  
   0    1    3    2    0  
   1    2    0    3    0  
   0    3    2    1    0  
   2    0    1    3    0  
   0    2    0    3    1  
   1    3    0    2    0  
   0    0    1    3    2  
   3    2    1    0    0  
   3    1    0    2    0  
   3    2    0    0    1  
   0    2    0    3    1  
   3    0    1    2    0  
   3    2    0    0    1  
   2    0    0    3    1  
   0    3    1    2    0  
   2    0    0    1    3  
   2    0    1    3    0  
   0    0    1    3    2  
   3    0    1    0    2  
   0    3    2    0    1  
   2    0    3    0    1  
   3    0    0    2    1  
   0    1    3    0    2  
   0    2    3    0    1  
   3    0    2    0    1  
   2    3    0    0    1  
   0    2    0    3    1  
   3    2    0    0    1  
   3    2    0    0    1  
   3    1    0    0    2  
   0    3    0    1    2  
   0    1    2    3    0  
   2    3    0    1    0  
   2    0    1    3    0  
   2    0    1    0    3  
   1    0    2    0    3  
   3    2    0    1    0  
   1    2    0    0    3  
   2    0    1    3    0  
   1    0    3    2    0  
   1    0    3    2    0  
   1    3    2    0    0  
   0    3    2    1    0  
   1    3    0    2    0  
   1    0    0    3    2  
   0    1    2    0    3  
   0    2    0    3    1  
   0    3    2    1    0  
   2    0    3    0    1  
   1    3    0    2    0  
   0    1    3    0    2  
   0    3    0    2    1  
   0    1    0    3    2  
   1    0    2    0    3  
   2    0    1    0    3  
   1    0    2    3    0  
   1    3    0    0    2  
   2    3    0    1    0  
   2    1    0    0    3  
   1    2    3    0    0  
   3    0    1    2    0  
   1    0    2    0    3  
   1    2    0    0    3  
   0    0    2    3    1  
   2    0    3    1    0  
   0    0    2    3    1  
   1    0    0    2    3  
   2    0    3    1    0  
   0    1    2    0    3  
   3    0    0    1    2  
   3    1    0    0    2  
   0    0    3    2    1  
   2    0    0    3    1  
   0    1    0    3    2  
   3    2    1    0    0  
   1    3    0    0    2  
   3    0    0    2    1  
   0    3    1    0    2  
   0    1    3    0    2  
   1    3    2    0    0  
   0    3    2    1    0  ] 
RESERVATION PRICES : [    0    0    9    7    9  
   9    9   11    0    0  
  17   18   17    0    0  
   0   16   19   20    0  
   0   25    0   28   24  
   0   22   26   22    0  
   0   30   29   23    0  
   0   25   31    0   26  
   0   29   27   25    0  
   0   38    0   35   40  
  39   31    0   33    0  
  46   35    0   37    0  
   0    0   41   44   45  
  44    0    0   44   38  
  39    0    0   49   50  
  46    0   53    0   51  
  63   48    0    0   62  
   0   54    0   57   51  
   0   66   56   61    0  
   0   73   67   79    0  
  73   70    0   71    0  
   0   71   78   70    0  
  77    0   80   86    0  
   0   76    0   76   74  
  77   89    0   91    0  
   0    0   91   92   97  
  98  107   95    0    0  
 105   84    0   92    0  
 102  103    0    0   92  
   0  108    0  101  105  
 109    0   95   99    0  
 110  128    0    0  104  
 124    0    0  120  119  
   0  100  108  133    0  
 131    0    0  133  115  
 101    0  109  101    0  
   0    0  104  106  120  
 120    0  143    0  144  
   0  140  135    0  116  
 124    0  151    0  129  
 128    0    0  132  115  
   0  116  123    0  132  
   0  127  115    0  135  
 149    0  153    0  146  
 142  165    0    0  152  
   0  148    0  149  158  
 134  147    0    0  172  
 171  136    0    0  179  
 190  178    0    0  189  
   0  179    0  174  159  
   0  166  192  168    0  
 160  204    0  153    0  
 194    0  170  152    0  
 160    0  157    0  179  
 159    0  188    0  156  
 177  210    0  198    0  
 184  184    0    0  162  
 216    0  209  171    0  
 214    0  168  219    0  
 166    0  216  202    0  
 189  170  206    0    0  
   0  185  190  232    0  
 206  187    0  214    0  
 240    0    0  226  240  
   0  184  180    0  238  
   0  202    0  215  194  
   0  221  258  222    0  
 245    0  253    0  195  
 235  200    0  228    0  
   0  237  211    0  229  
   0  240    0  244  226  
   0  211    0  261  268  
 269    0  217    0  226  
 277    0  257    0  264  
 250    0  259  225    0  
 242  226    0    0  254  
 210  226    0  275    0  
 227  231    0    0  217  
 289  299  232    0    0  
 300    0  264  235    0  
 242    0  295    0  296  
 245  271    0    0  291  
   0    0  293  315  244  
 268    0  238  300    0  
   0    0  229  266  316  
 305    0    0  266  308  
 312    0  288  307    0  
   0  314  270    0  260  
 291    0    0  292  279  
 258  283    0    0  263  
   0    0  335  281  273  
 328    0    0  283  326  
   0  279    0  291  268  
 307  260  289    0    0  
 261  344    0    0  358  
 258    0    0  324  303  
   0  301  340    0  309  
   0  269  325    0  280  
 282  329  365    0    0  
   0  322  299  340    0  ] 
 ] 
