K : 75
I : 5
C : 3
INSTANCE : 2
PREFERENCES : [    0    1    0    2    3  
   2    1    0    3    0  
   0    1    2    3    0  
   2    3    0    1    0  
   1    3    0    2    0  
   3    2    0    1    0  
   0    0    2    1    3  
   0    1    3    2    0  
   2    1    3    0    0  
   0    2    0    3    1  
   2    0    3    1    0  
   2    0    0    3    1  
   0    2    1    3    0  
   2    0    0    3    1  
   2    1    3    0    0  
   0    2    1    0    3  
   3    0    0    2    1  
   2    0    3    0    1  
   0    2    1    0    3  
   0    2    0    1    3  
   3    0    2    0    1  
   2    0    1    3    0  
   0    0    3    2    1  
   3    2    0    0    1  
   0    0    3    2    1  
   2    0    0    3    1  
   3    0    0    2    1  
   2    0    1    0    3  
   1    2    0    0    3  
   0    0    1    3    2  
   3    1    2    0    0  
   3    0    0    2    1  
   2    3    1    0    0  
   3    0    0    2    1  
   1    2    3    0    0  
   0    3    2    0    1  
   0    3    1    2    0  
   2    0    0    1    3  
   1    3    0    0    2  
   1    3    0    2    0  
   0    2    0    1    3  
   2    1    3    0    0  
   0    0    1    2    3  
   2    0    3    1    0  
   2    1    3    0    0  
   2    0    1    0    3  
   1    3    0    0    2  
   3    1    0    2    0  
   1    3    2    0    0  
   0    3    0    1    2  
   0    1    2    3    0  
   0    2    1    0    3  
   1    0    3    0    2  
   0    1    0    3    2  
   3    1    0    2    0  
   0    0    1    3    2  
   1    3    0    0    2  
   0    3    2    1    0  
   0    3    2    0    1  
   0    2    0    1    3  
   0    1    2    3    0  
   2    1    3    0    0  
   0    2    1    0    3  
   1    0    0    2    3  
   0    1    0    3    2  
   0    1    0    3    2  
   2    3    1    0    0  
   1    3    0    0    2  
   0    3    2    1    0  
   1    0    3    2    0  
   0    0    1    3    2  
   2    1    0    3    0  
   2    1    3    0    0  
   0    0    2    3    1  
   0    0    2    1    3  ] 
RESERVATION PRICES : [    0    9    0    8   10  
   9    9    0   10    0  
   0   12   13   13    0  
  14   14    0   16    0  
  19   20    0   16    0  
  20   18    0   19    0  
   0    0   17   17   19  
   0   20   25   22    0  
  24   32   30    0    0  
   0   36    0   37   36  
  27    0   28   33    0  
  35    0    0   30   36  
   0   37   43   41    0  
  37    0    0   35   41  
  39   48   48    0    0  
   0   53   48    0   52  
  50    0    0   56   54  
  48    0   62    0   56  
   0   65   57    0   56  
   0   61    0   69   61  
  57    0   68    0   56  
  56    0   56   64    0  
   0    0   68   67   65  
  68   67    0    0   77  
   0    0   68   63   83  
  86    0    0   89   67  
  75    0    0   73   78  
  96    0   83    0   90  
  92   86    0    0   90  
   0    0   83   88   87  
 102  104   77    0    0  
  90    0    0   88  108  
 109  112   91    0    0  
  98    0    0  113  118  
 119   95   98    0    0  
   0   93  108    0   89  
   0  120  110  101    0  
 128    0    0  126   99  
 116   96    0    0  115  
 119  136    0  100    0  
   0  106    0  130  139  
 126  127  125    0    0  
   0    0  143  135  136  
 148    0  118  112    0  
 126  153  134    0    0  
 161    0  125    0  124  
 120  152    0    0  150  
 138  157    0  162    0  
 136  169  173    0    0  
   0  133    0  145  164  
   0  173  163  139    0  
   0  184  139    0  166  
 142    0  154    0  171  
   0  171    0  176  163  
 182  182    0  157    0  
   0    0  190  203  176  
 197  157    0    0  153  
   0  209  160  182    0  
   0  213  204    0  186  
   0  201    0  207  181  
   0  183  163  178    0  
 233  207  217    0    0  
   0  216  233    0  169  
 183    0    0  176  226  
   0  195    0  200  212  
   0  196    0  237  193  
 202  215  224    0    0  
 189  230    0    0  193  
   0  246  212  191    0  
 259    0  200  219    0  
   0    0  261  261  257  
 213  239    0  225    0  
 239  207  272    0    0  
   0    0  220  212  219  
   0    0  229  274  284  ] 
 ] 
