K : 75
I : 5
C : 3
INSTANCE : 3
PREFERENCES : [    1    2    0    0    3  
   2    0    1    0    3  
   2    1    3    0    0  
   2    0    0    3    1  
   1    0    3    2    0  
   3    0    2    0    1  
   0    1    0    2    3  
   0    0    2    3    1  
   0    1    0    3    2  
   0    0    2    3    1  
   2    0    3    0    1  
   1    0    3    0    2  
   2    3    0    1    0  
   0    1    2    3    0  
   3    2    0    0    1  
   2    1    0    0    3  
   2    0    1    0    3  
   0    3    1    2    0  
   3    0    0    2    1  
   3    0    0    2    1  
   3    0    2    0    1  
   0    0    1    3    2  
   2    0    1    3    0  
   3    0    1    0    2  
   1    0    3    2    0  
   0    0    1    3    2  
   2    1    0    0    3  
   1    3    0    0    2  
   0    1    3    2    0  
   0    1    3    0    2  
   3    2    0    0    1  
   2    0    3    0    1  
   0    0    1    2    3  
   0    0    1    3    2  
   0    3    0    2    1  
   0    2    0    3    1  
   2    3    0    1    0  
   3    0    0    2    1  
   2    1    0    0    3  
   0    3    1    0    2  
   1    2    0    0    3  
   2    0    0    1    3  
   0    2    0    3    1  
   1    3    0    0    2  
   2    0    1    3    0  
   3    2    1    0    0  
   2    3    1    0    0  
   1    0    0    2    3  
   3    0    1    0    2  
   0    0    2    1    3  
   0    2    1    3    0  
   3    2    0    0    1  
   2    0    1    0    3  
   0    3    2    0    1  
   3    0    2    1    0  
   0    2    0    3    1  
   2    0    3    0    1  
   2    1    0    3    0  
   2    0    0    1    3  
   2    0    3    1    0  
   2    3    0    0    1  
   2    0    3    0    1  
   3    0    1    2    0  
   3    2    0    0    1  
   0    0    3    2    1  
   2    3    0    0    1  
   3    1    0    2    0  
   3    0    0    2    1  
   3    2    0    1    0  
   0    3    0    2    1  
   0    1    2    3    0  
   3    1    0    2    0  
   0    2    3    0    1  
   0    1    0    2    3  
   1    3    0    0    2  ] 
RESERVATION PRICES : [    9    9    0    0    7  
  13    0   11    0   13  
  12   11   12    0    0  
  17    0    0   19   18  
  19    0   18   24    0  
  22    0   21    0   22  
   0   21    0   22   24  
   0    0   24   25   24  
   0   33    0   32   27  
   0    0   39   30   37  
  34    0   29    0   30  
  40    0   32    0   33  
  37   36    0   38    0  
   0   40   37   45    0  
  50   41    0    0   47  
  55   57    0    0   56  
  50    0   52    0   64  
   0   63   67   57    0  
  61    0    0   68   62  
  62    0    0   72   58  
  78    0   77    0   69  
   0    0   64   69   83  
  80    0   69   66    0  
  83    0   72    0   79  
  78    0   76   70    0  
   0    0   98  101   75  
  86   87    0    0   94  
 101   95    0    0   97  
   0   81   90   82    0  
   0   90   91    0   95  
  94   85    0    0   92  
  98    0  110    0   98  
   0    0   95  111  113  
   0    0  104  122  107  
   0  119    0  104  105  
   0  119    0  129  109  
 138  110    0  133    0  
 109    0    0  126  121  
 104  139    0    0  125  
   0  117  108    0  145  
 137  127    0    0  135  
 114    0    0  153  151  
   0  153    0  125  131  
 121  141    0    0  161  
 120    0  122  128    0  
 141  158  144    0    0  
 160  150  128    0    0  
 156    0    0  136  151  
 156    0  177    0  140  
   0    0  167  133  148  
   0  147  153  186    0  
 158  162    0    0  179  
 168    0  185    0  153  
   0  152  205    0  149  
 165    0  192  167    0  
   0  195    0  202  201  
 206    0  160    0  160  
 202  193    0  215    0  
 171    0    0  170  216  
 161    0  186  164    0  
 171  211    0    0  214  
 218    0  167    0  227  
 207    0  182  186    0  
 171  189    0    0  230  
   0    0  201  214  213  
 221  205    0    0  239  
 187  235    0  188    0  
 219    0    0  179  249  
 199  190    0  187    0  
   0  229    0  250  240  
   0  225  234  255    0  
 200  250    0  241    0  
   0  224  196    0  227  
   0  225    0  257  263  
 240  234    0    0  241  ] 
 ] 
