K : 100
I : 10
C : 4
INSTANCE : 2
PREFERENCES : [    1    0    0    0    2    0    0    3    5    4  
   0    0    4    5    1    2    3    0    0    0  
   0    0    5    2    3    0    0    4    0    1  
   0    3    1    0    0    4    0    2    5    0  
   0    3    2    0    0    5    1    4    0    0  
   0    2    0    1    0    4    5    0    0    3  
   4    0    0    1    3    0    0    2    0    5  
   2    0    0    0    4    0    5    3    0    1  
   4    0    0    3    2    0    0    5    1    0  
   0    0    2    0    0    4    3    1    5    0  
   5    0    0    0    0    2    4    3    0    1  
   0    0    2    0    0    4    0    1    3    5  
   1    0    5    0    2    0    0    3    0    4  
   0    5    0    3    0    2    4    1    0    0  
   4    0    0    2    5    1    3    0    0    0  
   5    0    2    0    4    1    0    3    0    0  
   0    0    4    5    1    0    0    3    2    0  
   0    3    0    0    5    0    2    4    0    1  
   5    0    0    0    4    0    1    0    2    3  
   5    0    1    3    0    2    4    0    0    0  
   3    0    4    0    0    0    5    2    0    1  
   2    0    0    5    1    0    3    0    0    4  
   0    1    0    0    0    5    2    3    4    0  
   0    4    0    0    3    0    2    5    1    0  
   4    0    0    1    2    0    5    3    0    0  
   0    4    0    5    3    1    0    0    2    0  
   4    0    0    0    2    5    1    3    0    0  
   3    0    0    5    0    2    1    4    0    0  
   0    3    0    0    5    2    4    0    0    1  
   0    3    1    0    5    0    4    0    2    0  
   3    0    4    1    5    2    0    0    0    0  
   0    0    3    0    2    5    1    0    4    0  
   5    4    0    3    1    0    2    0    0    0  
   1    5    0    0    3    0    0    0    4    2  
   0    5    1    0    2    3    4    0    0    0  
   1    0    0    2    5    0    0    0    3    4  
   5    3    0    2    4    0    0    1    0    0  
   4    2    0    5    3    0    0    0    0    1  
   0    4    0    0    2    1    3    5    0    0  
   0    4    5    0    1    0    0    2    3    0  
   2    4    0    0    3    0    0    1    5    0  
   5    0    2    0    0    0    0    4    1    3  
   0    0    2    0    5    4    3    0    0    1  
   0    0    0    2    3    0    4    0    1    5  
   4    5    0    2    0    0    1    0    0    3  
   2    0    5    4    0    0    1    0    3    0  
   0    1    0    5    0    0    3    4    0    2  
   4    5    0    0    2    0    3    0    1    0  
   0    0    0    2    5    1    4    0    0    3  
   0    4    0    2    3    0    5    0    0    1  
   0    0    1    0    3    0    4    2    0    5  
   1    0    0    2    3    0    0    4    5    0  
   1    0    4    0    0    2    0    0    3    5  
   4    2    3    0    0    0    0    0    1    5  
   3    0    0    2    4    5    0    0    0    1  
   0    0    2    1    0    5    0    3    0    4  
   2    5    4    0    0    1    3    0    0    0  
   4    2    0    0    3    0    0    5    0    1  
   0    0    3    1    4    0    2    0    0    5  
   0    2    0    0    3    1    4    0    5    0  
   0    4    2    0    0    0    1    5    3    0  
   2    0    5    0    0    4    0    3    1    0  
   5    0    0    0    1    4    3    0    0    2  
   0    2    0    1    4    3    0    5    0    0  
   3    0    0    4    0    2    1    5    0    0  
   0    1    0    2    0    5    0    4    3    0  
   0    4    2    3    5    0    1    0    0    0  
   0    0    0    4    3    5    0    0    1    2  
   0    0    0    0    3    2    0    1    4    5  
   5    4    2    3    1    0    0    0    0    0  
   0    0    4    5    0    2    1    0    3    0  
   2    0    0    3    1    4    0    0    5    0  
   0    4    0    0    2    5    1    0    0    3  
   1    5    0    0    0    0    2    0    4    3  
   4    0    5    1    2    0    3    0    0    0  
   2    0    1    0    4    3    0    0    0    5  
   0    3    0    5    0    2    1    4    0    0  
   2    0    5    0    0    3    0    0    4    1  
   3    1    5    0    2    0    0    0    4    0  
   0    3    0    0    4    0    0    1    5    2  
   0    0    0    0    1    5    2    3    4    0  
   3    0    4    0    0    0    0    1    2    5  
   5    0    0    0    4    0    2    1    3    0  
   2    0    0    0    3    0    4    0    1    5  
   0    5    0    1    4    2    3    0    0    0  
   0    1    2    0    0    3    4    5    0    0  
   0    0    4    1    5    0    0    3    2    0  
   0    0    0    4    0    3    2    5    1    0  
   0    0    0    0    1    0    5    2    3    4  
   0    0    0    4    3    2    0    1    5    0  
   0    2    4    5    0    0    1    0    3    0  
   0    1    5    4    0    2    0    0    3    0  
   0    0    5    0    4    0    1    2    0    3  
   2    0    4    5    3    0    0    1    0    0  
   4    2    0    0    0    1    0    3    5    0  
   3    0    2    5    4    1    0    0    0    0  
   0    1    3    0    5    0    0    2    4    0  
   0    3    4    5    1    0    2    0    0    0  
   0    0    2    5    3    0    4    0    1    0  
   4    2    1    0    0    5    0    3    0    0  ] 
RESERVATION PRICES : [    6    0    0    0    5    0    0    6    6    6  
   0    0   13   14   11   14   14    0    0    0  
   0    0   19   17   14    0    0   14    0   15  
   0   21   19    0    0   19    0   20   17    0  
   0   19   21    0    0   23   20   22    0    0  
   0   30    0   30    0   31   26    0    0   26  
  26    0    0   29   24    0    0   24    0   31  
  28    0    0    0   30    0   28   37    0   29  
  33    0    0   39   33    0    0   42   33    0  
   0    0   39    0    0   38   37   42   43    0  
  39    0    0    0    0   47   45   44    0   43  
   0    0   42    0    0   42    0   45   39   43  
  51    0   56    0   58    0    0   46    0   43  
   0   59    0   56    0   65   59   58    0    0  
  50    0    0   58   66   65   57    0    0    0  
  67    0   65    0   67   55    0   51    0    0  
   0    0   56   51   68    0    0   67   49    0  
   0   64    0    0   55    0   57   61    0   69  
  53    0    0    0   67    0   61    0   55   53  
  59    0   62   74    0   61   75    0    0    0  
  73    0   76    0    0    0   78   74    0   71  
  76    0    0   83   79    0   81    0    0   80  
   0   76    0    0    0   79   80   83   77    0  
   0   84    0    0   73    0   85   90   79    0  
  88    0    0   81   71    0   78   70    0    0  
   0   83    0   91   81   91    0    0   75    0  
  77    0    0    0   77   87   84   78    0    0  
  83    0    0  111    0   83   90  111    0    0  
   0   90    0    0  113   94  110    0    0   99  
   0  103  104    0  112    0  111    0   99    0  
 106    0  106  105  110   96    0    0    0    0  
   0    0  103    0  106   85  112    0  109    0  
 112  122    0  110   93    0  104    0    0    0  
 108  125    0    0  122    0    0    0  103   94  
   0   96  117    0   97  101  117    0    0    0  
 110    0    0  135  131    0    0    0   98  110  
 102  113    0  122  120    0    0  118    0    0  
 131  117    0  116  103    0    0    0    0  119  
   0  124    0    0  112  121  115  137    0    0  
   0  135  141    0  132    0    0  108  145    0  
 125  120    0    0  125    0    0  124  110    0  
 137    0  140    0    0    0    0  146  138  140  
   0    0  125    0  138  154  130    0    0  136  
   0    0    0  134  149    0  144    0  134  129  
 123  126    0  144    0    0  142    0    0  142  
 159    0  149  127    0    0  151    0  132    0  
   0  129    0  153    0    0  126  131    0  170  
 140  163    0    0  136    0  150    0  151    0  
   0    0    0  157  131  154  139    0    0  129  
   0  140    0  172  170    0  151    0    0  126  
   0    0  136    0  165    0  154  125    0  136  
 158    0    0  137  170    0    0  144  143    0  
 156    0  150    0    0  150    0    0  142  182  
 139  154  172    0    0    0    0    0  164  187  
 145    0    0  166  141  167    0    0    0  162  
   0    0  196  180    0  196    0  184    0  182  
 200  171  189    0    0  189  200    0    0    0  
 169  183    0    0  165    0    0  191    0  158  
   0    0  214  160  207    0  215    0    0  171  
   0  218    0    0  194  202  210    0  214    0  
   0  197  161    0    0    0  207  194  193    0  
 210    0  226    0    0  181    0  204  208    0  
 207    0    0    0  198  214  198    0    0  197  
   0  187    0  206  205  171    0  229    0    0  
 184    0    0  174    0  184  225  176    0    0  
   0  185    0  185    0  188    0  227  239    0  
   0  233  203  230  181    0  241    0    0    0  
   0    0    0  237  206  238    0    0  241  191  
   0    0    0    0  190  243    0  247  234  236  
 241  221  243  221  195    0    0    0    0    0  
   0    0  250  206    0  245  219    0  210    0  
 198    0    0  216  256  250    0    0  228    0  
   0  246    0    0  247  232  231    0    0  227  
 252  213    0    0    0    0  208    0  233  277  
 269    0  250  226  234    0  254    0    0    0  
 263    0  259    0  267  229    0    0    0  277  
   0  285    0  289    0  252  255  215    0    0  
 223    0  238    0    0  269    0    0  225  288  
 281  222  292    0  231    0    0    0  227    0  
   0  250    0    0  273    0    0  241  228  270  
   0    0    0    0  232  263  270  265  293    0  
 225    0  273    0    0    0    0  295  253  233  
 242    0    0    0  231    0  249  290  280    0  
 234    0    0    0  262    0  315    0  295  247  
   0  305    0  307  289  299  287    0    0    0  
   0  258  268    0    0  287  275  321    0    0  
   0    0  260  324  249    0    0  270  312    0  
   0    0    0  309    0  328  299  288  301    0  
   0    0    0    0  246    0  302  299  271  258  
   0    0    0  293  246  336    0  262  320    0  
   0  333  304  335    0    0  270    0  251    0  
   0  313  275  295    0  321    0    0  267    0  
   0    0  308    0  282    0  348  259    0  288  
 312    0  283  285  313    0    0  333    0    0  
 267  303    0    0    0  330    0  309  317    0  
 316    0  265  280  323  364    0    0    0    0  
   0  348  263    0  277    0    0  337  275    0  
   0  317  301  347  294    0  298    0    0    0  
   0    0  314  346  361    0  275    0  361    0  
 358  301  363    0    0  369    0  363    0    0  ] 
 ] 
