K : 50
I : 15
C : 8
INSTANCE : 2
PREFERENCES : [    2    0    4    0    0    0    5    3    0    0    0    0    1    0    0  
   4    0    0    5    1    0    0    0    0    2    0    0    0    3    0  
   0    0    0    0    0    0    1    2    0    3    4    5    0    0    0  
   0    0    0    1    2    0    0    0    3    0    4    0    0    0    5  
   3    4    0    2    0    0    0    0    0    0    0    0    1    5    0  
   1    0    0    0    5    0    2    0    0    0    4    3    0    0    0  
   0    3    0    4    1    0    0    0    0    0    2    0    0    5    0  
   0    0    0    0    0    2    3    1    0    4    0    5    0    0    0  
   0    0    2    0    0    4    0    1    0    0    0    0    5    3    0  
   5    0    0    0    4    0    2    0    0    0    0    0    3    0    1  
   0    2    1    5    0    4    0    0    0    0    3    0    0    0    0  
   3    0    4    0    1    0    0    0    2    5    0    0    0    0    0  
   2    5    0    0    0    0    0    0    0    3    0    0    1    4    0  
   0    0    0    0    4    0    0    2    1    3    0    0    0    0    5  
   5    0    0    0    0    0    0    1    0    3    4    0    0    2    0  
   0    2    0    1    0    0    0    0    0    5    3    0    0    0    4  
   0    0    0    0    0    0    3    0    0    1    0    5    2    0    4  
   0    0    2    0    0    0    3    0    0    0    1    0    0    4    5  
   0    5    4    0    0    1    0    3    0    0    0    2    0    0    0  
   0    0    0    4    0    5    0    0    0    2    0    1    3    0    0  
   3    0    0    2    0    0    0    0    0    0    5    4    0    1    0  
   0    0    0    0    0    0    4    2    5    1    0    0    0    3    0  
   1    0    5    0    0    4    0    0    2    0    3    0    0    0    0  
   0    3    0    5    2    0    4    0    0    1    0    0    0    0    0  
   5    2    3    0    0    0    0    0    0    4    0    0    0    0    1  
   0    0    0    2    4    5    1    0    0    0    0    0    0    3    0  
   0    1    0    0    0    0    0    5    0    0    2    3    4    0    0  
   0    0    1    0    0    0    4    5    0    0    0    3    0    2    0  
   0    0    1    0    0    0    3    0    0    0    4    0    5    2    0  
   0    0    0    5    3    0    4    0    1    2    0    0    0    0    0  
   0    0    0    2    1    0    3    0    0    0    5    4    0    0    0  
   0    3    0    0    0    0    0    5    0    2    0    1    4    0    0  
   0    0    0    3    0    0    2    0    1    0    0    4    5    0    0  
   0    0    0    0    1    0    0    4    0    0    3    5    0    0    2  
   0    1    2    0    0    0    0    0    0    0    4    3    5    0    0  
   0    0    0    5    1    0    0    0    0    4    2    0    3    0    0  
   1    0    0    0    5    0    0    0    0    3    0    2    0    0    4  
   0    0    0    0    0    0    5    1    4    3    2    0    0    0    0  
   0    0    1    0    0    4    2    5    0    0    0    0    3    0    0  
   0    0    0    0    1    0    0    0    3    5    0    4    2    0    0  
   0    0    5    0    0    3    0    2    1    0    0    0    0    0    4  
   0    3    4    1    5    2    0    0    0    0    0    0    0    0    0  
   3    0    0    0    4    0    0    0    0    1    0    2    0    0    5  
   0    1    2    0    0    5    0    4    0    0    0    0    3    0    0  
   0    0    4    0    5    0    0    0    0    2    3    1    0    0    0  
   0    0    0    1    0    4    3    0    5    0    0    0    0    2    0  
   2    0    0    1    0    0    5    4    0    0    0    3    0    0    0  
   4    3    0    2    0    0    0    1    0    0    0    0    5    0    0  
   1    0    0    0    0    0    0    0    2    0    5    0    4    3    0  
   4    3    0    0    0    0    0    5    0    0    0    1    0    2    0  ] 
RESERVATION PRICES : [    6    0    6    0    0    0    6    6    0    0    0    0    7    0    0  
  12    0    0   14   12    0    0    0    0   12    0    0    0   12    0  
   0    0    0    0    0    0   14   17    0   17   17   16    0    0    0  
   0    0    0   21   24    0    0    0   18    0   19    0    0    0   19  
  22   20    0   22    0    0    0    0    0    0    0    0   21   24    0  
  23    0    0    0   26    0   25    0    0    0   25   29    0    0    0  
   0   28    0   28   27    0    0    0    0    0   28    0    0   30    0  
   0    0    0    0    0   37   36   39    0   35    0   35    0    0    0  
   0    0   41    0    0   34    0   43    0    0    0    0   46   44    0  
  48    0    0    0   37    0   36    0    0    0    0    0   41    0   40  
   0   48   39   36    0   46    0    0    0    0   36    0    0    0    0  
  45    0   40    0   37    0    0    0   47   47    0    0    0    0    0  
  53   43    0    0    0    0    0    0    0   54    0    0   48   54    0  
   0    0    0    0   53    0    0   56   56   47    0    0    0    0   56  
  50    0    0    0    0    0    0   62    0   61   48    0    0   55    0  
   0   58    0   53    0    0    0    0    0   54   56    0    0    0   60  
   0    0    0    0    0    0   65    0    0   59    0   50   56    0   52  
   0    0   69    0    0    0   68    0    0    0   55    0    0   74   72  
   0   61   70    0    0   55    0   69    0    0    0   60    0    0    0  
   0    0    0   68    0   63    0    0    0   75    0   75   68    0    0  
  65    0    0   73    0    0    0    0    0    0   72   75    0   73    0  
   0    0    0    0    0    0   81   66   64   61    0    0    0   63    0  
  73    0   68    0    0   68    0    0   83    0   65    0    0    0    0  
   0   77    0   75   89    0   69    0    0   70    0    0    0    0    0  
  72   71   80    0    0    0    0    0    0   68    0    0    0    0   76  
   0    0    0   85   86   84   69    0    0    0    0    0    0   79    0  
   0   92    0    0    0    0    0   75    0    0   75  101   76    0    0  
   0    0  106    0    0    0   92   92    0    0    0   79    0  103    0  
   0    0  106    0    0    0  111    0    0    0   84    0  100   88    0  
   0    0    0  112   89    0   88    0   84   89    0    0    0    0    0  
   0    0    0   89   96    0   90    0    0    0   99   99    0    0    0  
   0   88    0    0    0    0    0  119    0   97    0  116  113    0    0  
   0    0    0   89    0    0  124    0  107    0    0  120  123    0    0  
   0    0    0    0  115    0    0   96    0    0  121   97    0    0  126  
   0  131  112    0    0    0    0    0    0    0  130  120  110    0    0  
   0    0    0  108  114    0    0    0    0  115  120    0  104    0    0  
 110    0    0    0  144    0    0    0    0  107    0  108    0    0  108  
   0    0    0    0    0    0  143  137  124  119  140    0    0    0    0  
   0    0  112    0    0  110  115  132    0    0    0    0  115    0    0  
   0    0    0    0  134    0    0    0  149  125    0  112  129    0    0  
   0    0  126    0    0  146    0  154  126    0    0    0    0    0  120  
   0  160  126  129  132  117    0    0    0    0    0    0    0    0    0  
 134    0    0    0  137    0    0    0    0  128    0  148    0    0  120  
   0  141  161    0    0  140    0  156    0    0    0    0  162    0    0  
   0    0  126    0  130    0    0    0    0  139  138  140    0    0    0  
   0    0    0  141    0  154  163    0  164    0    0    0    0  161    0  
 157    0    0  177    0    0  177  173    0    0    0  143    0    0    0  
 152  175    0  150    0    0    0  160    0    0    0    0  147    0    0  
 176    0    0    0    0    0    0    0  163    0  152    0  178  157    0  
 187  154    0    0    0    0    0  140    0    0    0  181    0  186    0  ] 
 ] 
