K : 100
I : 5
C : 16
INSTANCE : 3
PREFERENCES : [    0    1    3    2    0  
   0    3    0    2    1  
   0    0    2    3    1  
   3    2    0    1    0  
   0    0    2    3    1  
   1    0    2    3    0  
   1    2    0    3    0  
   2    3    0    1    0  
   3    0    2    1    0  
   0    0    1    2    3  
   2    1    3    0    0  
   2    0    3    0    1  
   2    3    1    0    0  
   0    2    0    1    3  
   0    0    3    2    1  
   0    1    2    0    3  
   3    2    0    1    0  
   0    1    2    3    0  
   0    1    3    2    0  
   3    2    0    1    0  
   1    2    0    3    0  
   2    1    0    3    0  
   1    0    3    0    2  
   1    2    0    0    3  
   2    3    0    0    1  
   1    2    0    3    0  
   3    0    2    1    0  
   3    2    0    0    1  
   2    1    0    3    0  
   3    0    2    1    0  
   0    1    3    0    2  
   0    3    0    2    1  
   0    3    0    2    1  
   0    3    1    2    0  
   1    2    0    0    3  
   1    0    2    3    0  
   1    2    0    3    0  
   3    0    1    0    2  
   0    3    0    1    2  
   2    0    1    3    0  
   1    2    0    0    3  
   0    3    1    2    0  
   1    3    2    0    0  
   2    1    3    0    0  
   2    0    0    3    1  
   3    0    2    0    1  
   2    1    0    0    3  
   1    0    2    0    3  
   1    0    0    3    2  
   1    2    0    0    3  
   1    0    3    2    0  
   0    0    1    3    2  
   0    0    2    3    1  
   0    2    1    3    0  
   2    0    1    3    0  
   0    3    2    0    1  
   1    2    3    0    0  
   0    3    0    1    2  
   2    0    0    1    3  
   2    3    0    0    1  
   2    1    0    0    3  
   2    0    1    0    3  
   3    0    2    1    0  
   2    3    1    0    0  
   0    3    0    1    2  
   3    0    1    2    0  
   0    3    1    0    2  
   0    1    0    2    3  
   0    2    3    1    0  
   0    0    1    2    3  
   3    0    0    1    2  
   0    2    1    0    3  
   0    3    0    2    1  
   2    0    0    1    3  
   3    1    0    0    2  
   0    3    2    0    1  
   3    2    0    0    1  
   0    0    3    1    2  
   1    0    2    3    0  
   1    0    3    2    0  
   2    1    3    0    0  
   1    2    3    0    0  
   0    3    0    2    1  
   3    0    0    2    1  
   0    3    1    2    0  
   3    0    0    1    2  
   3    0    1    0    2  
   0    0    1    3    2  
   3    2    1    0    0  
   2    0    3    1    0  
   0    2    1    3    0  
   0    2    3    1    0  
   3    1    0    0    2  
   1    0    0    2    3  
   1    3    0    0    2  
   3    1    2    0    0  
   3    2    0    1    0  
   0    2    1    3    0  
   0    2    0    3    1  
   1    3    2    0    0  ] 
RESERVATION PRICES : [    0    7    8    7    0  
   0   11    0    9   10  
   0    0   17   17   14  
  18   21    0   21    0  
   0    0   19   26   24  
  24    0   26   28    0  
  22   30    0   22    0  
  35   26    0   33    0  
  39    0   40   40    0  
   0    0   41   35   41  
  45   41   47    0    0  
  40    0   44    0   39  
  55   46   44    0    0  
   0   46    0   51   52  
   0    0   47   58   53  
   0   50   63    0   53  
  68   60    0   69    0  
   0   70   62   71    0  
   0   68   70   73    0  
  77   79    0   60    0  
  88   87    0   77    0  
  83   86    0   81    0  
  87    0   88    0   92  
  95   80    0    0   94  
  97   79    0    0   86  
  99  107    0   90    0  
  78    0  107   91    0  
  89   99    0    0  101  
  93  109    0   91    0  
 105    0  107  102    0  
   0  120   94    0   88  
   0   93    0  116  109  
   0  128    0   98  109  
   0  127  112  101    0  
 128  125    0    0   99  
 113    0  130  135    0  
 141  113    0  135    0  
 123    0  145    0  142  
   0  151    0  147  126  
 115    0  121  115    0  
 128  153    0    0  142  
   0  126  147  123    0  
 128  146  124    0    0  
 135  150  126    0    0  
 171    0    0  159  144  
 135    0  139    0  135  
 136  176    0    0  180  
 186    0  169    0  150  
 159    0    0  134  155  
 183  171    0    0  160  
 143    0  190  155    0  
   0    0  181  180  143  
   0    0  146  193  165  
   0  190  202  201    0  
 158    0  168  209    0  
   0  190  192    0  163  
 178  193  173    0    0  
   0  183    0  206  175  
 221    0    0  205  175  
 195  230    0    0  203  
 231  198    0    0  199  
 188    0  198    0  214  
 189    0  213  224    0  
 206  235  232    0    0  
   0  200    0  178  186  
 212    0  183  197    0  
   0  227  189    0  239  
   0  206    0  230  197  
   0  239  262  201    0  
   0    0  214  268  218  
 245    0    0  262  235  
   0  217  202    0  241  
   0  249    0  273  237  
 213    0    0  215  268  
 282  289    0    0  260  
   0  239  279    0  245  
 221  281    0    0  267  
   0    0  254  273  237  
 251    0  253  246    0  
 294    0  267  246    0  
 303  253  233    0    0  
 259  290  265    0    0  
   0  317    0  285  320  
 281    0    0  244  258  
   0  238  300  242    0  
 285    0    0  325  316  
 313    0  253    0  256  
   0    0  274  298  254  
 252  324  316    0    0  
 300    0  272  333    0  
   0  253  345  306    0  
   0  307  274  271    0  
 258  343    0    0  343  
 282    0    0  286  323  
 328  302    0    0  282  
 292  267  301    0    0  
 261  291    0  300    0  
   0  358  369  320    0  
   0  357    0  293  361  
 356  275  295    0    0  ] 
 ] 
