K : 100
I : 5
C : 20
INSTANCE : 4
PREFERENCES : [    0    0    1    2    3  
   3    1    0    0    2  
   1    0    3    2    0  
   0    0    2    1    3  
   0    1    3    0    2  
   2    0    3    1    0  
   3    2    0    1    0  
   1    0    2    3    0  
   2    1    0    3    0  
   0    0    3    2    1  
   0    3    2    1    0  
   0    1    2    3    0  
   1    3    0    0    2  
   3    0    2    0    1  
   0    1    2    0    3  
   1    0    0    3    2  
   3    1    0    2    0  
   1    0    0    3    2  
   2    1    3    0    0  
   0    0    1    2    3  
   0    1    3    0    2  
   0    1    3    2    0  
   2    0    1    3    0  
   2    0    0    3    1  
   0    1    3    2    0  
   0    2    3    1    0  
   2    3    1    0    0  
   2    3    1    0    0  
   0    0    3    1    2  
   0    1    0    2    3  
   0    1    0    2    3  
   3    0    0    2    1  
   0    0    3    2    1  
   2    0    1    3    0  
   0    2    0    3    1  
   2    0    0    3    1  
   3    0    1    2    0  
   0    2    0    1    3  
   2    0    1    0    3  
   0    1    3    2    0  
   1    0    3    2    0  
   0    2    3    1    0  
   0    3    2    0    1  
   3    2    0    1    0  
   3    0    2    0    1  
   2    0    0    1    3  
   0    3    0    2    1  
   1    2    0    3    0  
   2    0    1    3    0  
   1    0    2    3    0  
   3    2    0    0    1  
   0    1    0    3    2  
   1    3    0    2    0  
   2    0    0    1    3  
   0    0    3    1    2  
   2    3    0    1    0  
   0    2    3    1    0  
   0    1    3    2    0  
   1    2    3    0    0  
   0    1    2    0    3  
   2    0    1    0    3  
   0    3    0    1    2  
   1    0    2    3    0  
   0    1    3    2    0  
   3    2    0    0    1  
   1    0    3    2    0  
   3    1    0    0    2  
   1    3    0    0    2  
   1    2    0    3    0  
   1    2    0    3    0  
   1    2    0    0    3  
   0    0    1    2    3  
   1    0    3    2    0  
   2    3    1    0    0  
   2    1    0    3    0  
   0    3    2    1    0  
   2    0    0    1    3  
   2    0    0    3    1  
   0    0    3    1    2  
   2    1    3    0    0  
   1    3    2    0    0  
   2    3    1    0    0  
   3    0    2    0    1  
   2    3    0    0    1  
   1    3    2    0    0  
   2    1    0    0    3  
   0    2    0    3    1  
   0    3    0    1    2  
   3    1    0    0    2  
   2    0    3    0    1  
   1    3    0    2    0  
   0    2    0    3    1  
   2    3    1    0    0  
   3    0    1    2    0  
   2    0    0    1    3  
   1    0    0    3    2  
   3    2    1    0    0  
   3    2    0    0    1  
   2    0    0    3    1  
   3    1    0    2    0  ] 
RESERVATION PRICES : [    0    0    5    5    6  
   5    5    0    0    6  
  11    0    9   11    0  
   0    0   15   18   15  
   0   20   19    0   23  
  24    0   23   19    0  
  27   27    0   26    0  
  30    0   37   33    0  
  28   29    0   29    0  
   0    0   34   32   31  
   0   37   31   33    0  
   0   37   42   40    0  
  36   48    0    0   41  
  37    0   37    0   37  
   0   53   49    0   46  
  58    0    0   47   59  
  49   53    0   62    0  
  50    0    0   58   68  
  67   72   75    0    0  
   0    0   70   69   78  
   0   68   67    0   62  
   0   81   66   82    0  
  85    0   77   79    0  
  84    0    0   83   72  
   0   86   87   79    0  
   0   93   86   81    0  
  76   80   85    0    0  
  96   81   84    0    0  
   0    0   86   89   85  
   0  109    0   87   99  
   0  100    0  112  121  
 110    0    0  107  104  
   0    0  121  105   97  
 109    0   98  116    0  
   0  104    0  100   97  
 121    0    0  109  117  
 119    0  101  124    0  
   0  112    0  117  137  
 134    0  110    0  141  
   0  141  142  147    0  
 126    0  134  118    0  
   0  130  147  158    0  
   0  133  131    0  145  
 130  152    0  144    0  
 136    0  126    0  122  
 164    0    0  145  127  
   0  136    0  139  162  
 130  151    0  142    0  
 127    0  132  157    0  
 156    0  162  160    0  
 149  145    0    0  136  
   0  187    0  171  162  
 157  182    0  144    0  
 150    0    0  154  201  
   0    0  155  149  178  
 185  163    0  160    0  
   0  177  196  200    0  
   0  155  209  199    0  
 187  216  205    0    0  
   0  194  215    0  174  
 189    0  178    0  193  
   0  196    0  212  215  
 190    0  202  219    0  
   0  197  242  238    0  
 201  212    0    0  222  
 216    0  240  231    0  
 208  205    0    0  216  
 186  185    0    0  204  
 232  199    0  212    0  
 253  195    0  221    0  
 235  206    0    0  263  
   0    0  221  268  193  
 216    0  218  261    0  
 203  226  247    0    0  
 225  250    0  216    0  
   0  263  288  245    0  
 247    0    0  283  269  
 221    0    0  285  218  
   0    0  251  261  227  
 290  255  259    0    0  
 300  225  289    0    0  
 280  271  242    0    0  
 287    0  228    0  231  
 263  279    0    0  261  
 296  301  279    0    0  
 241  293    0    0  291  
   0  269    0  316  309  
   0  252    0  318  263  
 261  258    0    0  277  
 298    0  272    0  278  
 281  286    0  276    0  
   0  329    0  273  290  
 330  273  335    0    0  
 314    0  318  289    0  
 272    0    0  297  322  
 329    0    0  291  263  
 365  309  280    0    0  
 349  312    0    0  330  
 350    0    0  277  326  
 343  299    0  329    0  ] 
 ] 
