K : 50
I : 15
C : 10
INSTANCE : 2
PREFERENCES : [    0    0    3    0    0    0    0    0    1    0    2    5    4    0    0  
   0    0    0    0    0    2    1    0    0    5    4    3    0    0    0  
   5    0    4    0    0    0    2    1    3    0    0    0    0    0    0  
   0    0    0    1    0    5    2    0    0    0    0    0    0    4    3  
   1    3    0    0    0    0    4    2    0    0    0    0    0    5    0  
   0    3    0    0    0    0    0    4    2    0    5    1    0    0    0  
   0    0    1    0    0    0    0    5    4    0    0    0    2    3    0  
   5    0    4    0    3    0    0    0    2    0    1    0    0    0    0  
   0    0    0    0    2    5    1    0    0    3    0    4    0    0    0  
   0    3    0    0    0    4    0    0    0    0    0    2    1    5    0  
   0    1    2    3    5    0    0    0    0    0    0    4    0    0    0  
   2    0    0    0    1    0    0    0    0    4    5    0    0    3    0  
   1    2    0    0    0    0    0    0    0    4    0    5    0    3    0  
   0    3    0    0    0    4    5    0    0    1    0    0    2    0    0  
   0    0    0    0    3    0    0    0    0    1    0    0    5    4    2  
   0    0    0    0    0    3    0    4    0    5    2    0    0    0    1  
   0    5    2    0    0    4    0    0    0    0    0    3    0    0    1  
   0    0    0    0    0    0    5    0    4    0    3    2    1    0    0  
   0    0    2    4    0    0    3    5    1    0    0    0    0    0    0  
   0    0    4    3    0    5    0    0    0    0    1    2    0    0    0  
   0    4    3    0    2    0    0    0    1    5    0    0    0    0    0  
   4    0    0    0    5    3    0    0    1    0    0    0    0    0    2  
   0    0    0    0    0    0    0    4    2    0    0    3    0    1    5  
   0    1    2    0    5    0    0    0    0    3    4    0    0    0    0  
   0    4    0    0    1    2    3    0    0    0    0    0    0    0    5  
   4    0    0    0    0    0    0    3    0    0    0    2    0    5    1  
   0    1    0    3    0    0    2    0    0    0    0    4    0    0    5  
   5    0    0    2    4    0    0    0    0    3    0    0    0    0    1  
   0    4    0    0    1    0    0    0    0    5    2    0    3    0    0  
   0    0    1    0    0    0    0    0    5    0    3    4    2    0    0  
   0    4    3    0    1    0    0    0    0    2    0    0    0    5    0  
   0    0    0    0    0    0    3    4    5    0    0    2    0    1    0  
   0    0    0    0    2    1    0    0    0    4    0    5    3    0    0  
   2    4    0    0    0    3    0    1    5    0    0    0    0    0    0  
   0    0    2    0    5    3    0    0    1    0    0    4    0    0    0  
   4    2    0    0    3    0    0    1    5    0    0    0    0    0    0  
   0    4    0    1    0    3    0    2    0    0    0    5    0    0    0  
   0    0    0    3    2    0    4    1    0    0    5    0    0    0    0  
   0    0    0    0    0    2    0    0    5    1    4    0    0    0    3  
   0    0    0    5    1    0    0    0    0    3    0    2    0    0    4  
   0    3    0    0    0    1    4    0    0    0    5    0    2    0    0  
   0    0    1    0    4    0    2    3    0    0    0    0    0    0    5  
   0    1    0    3    0    0    0    0    2    0    0    0    4    5    0  
   0    0    0    0    4    5    1    2    0    0    0    0    3    0    0  
   0    4    0    3    0    5    0    0    1    0    0    0    2    0    0  
   0    0    0    3    0    5    0    1    0    0    0    2    0    0    4  
   4    0    2    3    0    0    0    0    0    0    0    1    0    5    0  
   2    0    1    0    0    0    3    0    4    0    0    0    5    0    0  
   0    4    0    0    0    0    2    0    5    0    0    0    3    1    0  
   1    0    5    0    0    3    0    2    0    4    0    0    0    0    0  ] 
RESERVATION PRICES : [    0    0    8    0    0    0    0    0    9    0    7    8    7    0    0  
   0    0    0    0    0    9    8    0    0    8    8    8    0    0    0  
  11    0   11    0    0    0   10   10   11    0    0    0    0    0    0  
   0    0    0   16    0   12   12    0    0    0    0    0    0   14   13  
  17   17    0    0    0    0   18   20    0    0    0    0    0   20    0  
   0   25    0    0    0    0    0   25   24    0   24   25    0    0    0  
   0    0   30    0    0    0    0   24   29    0    0    0   25   31    0  
  30    0   33    0   35    0    0    0   27    0   29    0    0    0    0  
   0    0    0    0   34   35   34    0    0   41    0   40    0    0    0  
   0   34    0    0    0   40    0    0    0    0    0   44   43   42    0  
   0   51   47   40   44    0    0    0    0    0    0   50    0    0    0  
  37    0    0    0   49    0    0    0    0   37   38    0    0   39    0  
  50   41    0    0    0    0    0    0    0   48    0   38    0   47    0  
   0   46    0    0    0   45   42    0    0   55    0    0   45    0    0  
   0    0    0    0   51    0    0    0    0   43    0    0   55   49   56  
   0    0    0    0    0   63    0   54    0   51   60    0    0    0   49  
   0   51   62    0    0   60    0    0    0    0    0   57    0    0   54  
   0    0    0    0    0    0   66    0   57    0   59   55   62    0    0  
   0    0   61   63    0    0   77   77   77    0    0    0    0    0    0  
   0    0   69   67    0   79    0    0    0    0   76   74    0    0    0  
   0   76   81    0   68    0    0    0   69   74    0    0    0    0    0  
  70    0    0    0   82   67    0    0   74    0    0    0    0    0   66  
   0    0    0    0    0    0    0   86   90    0    0   70    0   94   87  
   0   70   71    0   70    0    0    0    0   86   84    0    0    0    0  
   0   89    0    0   98   79   78    0    0    0    0    0    0    0   98  
  97    0    0    0    0    0    0   83    0    0    0   92    0   90   83  
   0   87    0   90    0    0   77    0    0    0    0  103    0    0   76  
  96    0    0   89  105    0    0    0    0  107    0    0    0    0  108  
   0   83    0    0  109    0    0    0    0   97   82    0   90    0    0  
   0    0   84    0    0    0    0    0  103    0   84  115  107    0    0  
   0  117   90    0  116    0    0    0    0   94    0    0    0  114    0  
   0    0    0    0    0    0   87  116  111    0    0  115    0  102    0  
   0    0    0    0   93  118    0    0    0  115    0  102  120    0    0  
  95  100    0    0    0  124    0  125  127    0    0    0    0    0    0  
   0    0  133    0  127  135    0    0  131    0    0  112    0    0    0  
 106  101    0    0  132    0    0  122  132    0    0    0    0    0    0  
   0  120    0  136    0  110    0  141    0    0    0  135    0    0    0  
   0    0    0  130  134    0  128  140    0    0  146    0    0    0    0  
   0    0    0    0    0  108    0    0  142  117  105    0    0    0  124  
   0    0    0  139  111    0    0    0    0  113    0  123    0    0  141  
   0  124    0    0    0  132  136    0    0    0  146    0  124    0    0  
   0    0  163    0  146    0  133  127    0    0    0    0    0    0  131  
   0  144    0  150    0    0    0    0  151    0    0    0  145  137    0  
   0    0    0    0  157  133  159  156    0    0    0    0  128    0    0  
   0  159    0  163    0  173    0    0  130    0    0    0  146    0    0  
   0    0    0  160    0  132    0  125    0    0    0  135    0    0  171  
 140    0  174  180    0    0    0    0    0    0    0  163    0  171    0  
 152    0  168    0    0    0  181    0  159    0    0    0  170    0    0  
   0  139    0    0    0    0  155    0  162    0    0    0  189  178    0  
 140    0  189    0    0  155    0  185    0  171    0    0    0    0    0  ] 
 ] 
