K : 50
I : 5
C : 2
INSTANCE : 5
PREFERENCES : [    2    1    0    3    0  
   1    3    0    2    0  
   2    1    3    0    0  
   1    2    3    0    0  
   1    0    0    2    3  
   3    0    0    1    2  
   2    3    0    1    0  
   0    0    2    1    3  
   3    2    1    0    0  
   2    0    1    3    0  
   0    2    0    3    1  
   3    0    2    0    1  
   2    0    3    0    1  
   2    0    3    1    0  
   2    0    0    1    3  
   0    2    1    3    0  
   0    1    3    2    0  
   0    2    1    0    3  
   2    0    1    3    0  
   1    3    0    2    0  
   3    0    0    2    1  
   2    3    0    0    1  
   0    3    2    1    0  
   2    3    0    1    0  
   3    1    0    0    2  
   2    0    3    0    1  
   0    1    2    0    3  
   3    2    0    0    1  
   3    1    0    0    2  
   1    3    0    2    0  
   1    0    3    2    0  
   3    1    0    0    2  
   2    3    0    1    0  
   0    2    0    3    1  
   2    3    1    0    0  
   0    0    2    1    3  
   1    3    0    2    0  
   2    0    1    0    3  
   0    0    1    2    3  
   0    0    1    2    3  
   0    3    0    2    1  
   1    0    2    0    3  
   1    0    2    0    3  
   2    3    0    0    1  
   0    2    1    3    0  
   0    0    3    2    1  
   2    0    1    0    3  
   0    1    2    0    3  
   0    1    3    2    0  
   1    0    2    3    0  ] 
RESERVATION PRICES : [    9    9    0   10    0  
  10   10    0   10    0  
  14   17   14    0    0  
  22   19   21    0    0  
  26    0    0   28   27  
  25    0    0   21   22  
  28   27    0   31    0  
   0    0   27   33   24  
  35   29   28    0    0  
  39    0   34   33    0  
   0   34    0   40   34  
  35    0   40    0   32  
  44    0   44    0   32  
  39    0   39   50    0  
  50    0    0   50   42  
   0   47   47   43    0  
   0   52   39   39    0  
   0   54   44    0   52  
  53    0   60   63    0  
  66   66    0   69    0  
  56    0    0   70   73  
  76   60    0    0   76  
   0   70   60   69    0  
  67   64    0   81    0  
  81   85    0    0   73  
  77    0   73    0   91  
   0   86   86    0   87  
  84   96    0    0   96  
  88   87    0    0   77  
  86   89    0  110    0  
  80    0   83  100    0  
  82  101    0    0   97  
  93   96    0   92    0  
   0  100    0   93  117  
 117  117   96    0    0  
   0    0  131   97  102  
 109  100    0  107    0  
 107    0  120    0  120  
   0    0  127  108  125  
   0    0  133  143  111  
   0  141    0  124  141  
 134    0  123    0  129  
 152    0  135    0  141  
 132  148    0    0  133  
   0  138  130  124    0  
   0    0  147  154  156  
 129    0  172    0  156  
   0  133  145    0  152  
   0  175  145  146    0  
 169    0  167  178    0  ] 
 ] 
