K : 75
I : 5
C : 8
INSTANCE : 2
PREFERENCES : [    0    3    1    0    2  
   0    3    1    0    2  
   0    2    1    0    3  
   2    1    0    0    3  
   0    3    0    1    2  
   2    0    1    3    0  
   3    1    0    0    2  
   0    1    2    3    0  
   1    0    0    3    2  
   1    3    0    0    2  
   0    0    3    1    2  
   1    3    0    2    0  
   1    0    2    3    0  
   0    1    0    3    2  
   0    0    1    2    3  
   2    1    0    0    3  
   1    0    0    3    2  
   0    2    3    0    1  
   1    0    2    0    3  
   0    1    2    0    3  
   1    0    3    2    0  
   0    1    3    2    0  
   1    0    2    0    3  
   3    0    0    1    2  
   2    3    1    0    0  
   1    0    0    3    2  
   2    1    3    0    0  
   0    0    3    1    2  
   0    1    0    3    2  
   1    2    0    0    3  
   2    0    1    0    3  
   0    2    3    1    0  
   0    0    3    2    1  
   0    1    0    3    2  
   0    2    3    0    1  
   0    3    1    2    0  
   2    0    1    3    0  
   3    2    1    0    0  
   3    1    2    0    0  
   3    0    1    0    2  
   0    0    2    3    1  
   3    2    1    0    0  
   0    2    1    3    0  
   3    2    0    1    0  
   2    1    0    3    0  
   2    0    0    1    3  
   3    0    2    0    1  
   3    0    1    0    2  
   2    3    0    1    0  
   0    3    0    1    2  
   2    3    1    0    0  
   3    2    0    0    1  
   0    2    3    1    0  
   1    0    0    2    3  
   0    0    2    1    3  
   0    2    3    0    1  
   0    3    1    0    2  
   0    2    3    0    1  
   0    2    1    0    3  
   3    2    1    0    0  
   3    2    0    0    1  
   3    1    0    2    0  
   1    0    2    0    3  
   0    2    0    3    1  
   2    0    0    1    3  
   0    1    2    3    0  
   1    0    2    0    3  
   0    0    3    1    2  
   0    3    0    1    2  
   2    0    0    3    1  
   0    1    0    3    2  
   0    1    0    2    3  
   1    2    0    0    3  
   0    3    0    1    2  
   2    3    0    1    0  ] 
RESERVATION PRICES : [    0    7    9    0    8  
   0    9    9    0   10  
   0   17   14    0   15  
  19   19    0    0   20  
   0   17    0   18   21  
  24    0   24   24    0  
  30   30    0    0   27  
   0   24   27   26    0  
  28    0    0   33   25  
  26   34    0    0   31  
   0    0   33   30   28  
  33   37    0   30    0  
  39    0   40   34    0  
   0   41    0   33   33  
   0    0   43   38   45  
  39   45    0    0   40  
  41    0    0   39   42  
   0   44   51    0   57  
  64    0   51    0   56  
   0   53   67    0   65  
  69    0   67   66    0  
   0   56   67   72    0  
  69    0   71    0   56  
  61    0    0   68   83  
  78   84   70    0    0  
  83    0    0   78   74  
  71   77   92    0    0  
   0    0   91   81   89  
   0   83    0   78   95  
  99   79    0    0   80  
  98    0   90    0   85  
   0  111   88  105    0  
   0    0   99  107  117  
   0  106    0  100  119  
   0  104   96    0  117  
   0  126   93  127    0  
 113    0  127  121    0  
 114  124  103    0    0  
 125  104  118    0    0  
 127    0  111    0  124  
   0    0  112  130  141  
 149  130  116    0    0  
   0  118  132  146    0  
 129  147    0  112    0  
 138  151    0  118    0  
 128    0    0  127  146  
 138    0  166    0  138  
 132    0  127    0  139  
 138  132    0  129    0  
   0  159    0  142  176  
 162  179  134    0    0  
 161  168    0    0  164  
   0  146  169  191    0  
 187    0    0  175  188  
   0    0  183  150  193  
   0  164  163    0  191  
   0  204  147    0  186  
   0  169  154    0  167  
   0  197  191    0  208  
 156  156  176    0    0  
 200  204    0    0  192  
 172  194    0  188    0  
 179    0  186    0  189  
   0  189    0  177  225  
 182    0    0  173  202  
   0  190  187  213    0  
 248    0  214    0  193  
   0    0  181  245  252  
   0  228    0  202  211  
 213    0    0  207  227  
   0  220    0  191  211  
   0  247    0  225  229  
 236  270    0    0  272  
   0  268    0  234  216  
 273  262    0  218    0  ] 
 ] 
