K : 50
I : 5
C : 5
INSTANCE : 5
PREFERENCES : [    2    0    3    1    0  
   2    3    0    0    1  
   0    1    0    3    2  
   1    0    0    2    3  
   3    0    0    2    1  
   0    3    1    0    2  
   2    0    0    1    3  
   0    0    1    3    2  
   0    2    3    1    0  
   2    0    1    0    3  
   0    0    2    1    3  
   3    2    0    0    1  
   2    0    1    3    0  
   0    2    3    0    1  
   0    0    2    3    1  
   3    0    0    1    2  
   1    0    3    0    2  
   3    2    1    0    0  
   1    3    0    2    0  
   3    0    2    0    1  
   3    0    2    1    0  
   1    0    2    3    0  
   0    1    2    3    0  
   3    1    0    0    2  
   0    0    2    1    3  
   1    0    3    2    0  
   2    0    0    3    1  
   0    3    2    1    0  
   3    1    0    2    0  
   0    2    1    3    0  
   3    1    0    2    0  
   0    2    0    3    1  
   0    1    3    0    2  
   0    3    1    2    0  
   0    1    0    3    2  
   2    0    0    1    3  
   3    0    0    2    1  
   2    0    1    0    3  
   0    2    3    0    1  
   0    0    2    3    1  
   3    0    1    0    2  
   3    0    2    1    0  
   2    0    0    3    1  
   3    2    0    0    1  
   0    2    3    0    1  
   2    0    1    3    0  
   0    3    2    0    1  
   1    2    0    0    3  
   1    0    2    3    0  
   0    2    0    3    1  ] 
RESERVATION PRICES : [   10    0    9    9    0  
  10   10    0    0   13  
   0   14    0   16   18  
  23    0    0   21   19  
  25    0    0   24   22  
   0   28   23    0   23  
  25    0    0   22   23  
   0    0   27   27   22  
   0   37   27   30    0  
  29    0   29    0   38  
   0    0   39   36   46  
  47   46    0    0   44  
  47    0   53   48    0  
   0   46   51    0   54  
   0    0   46   54   60  
  48    0    0   51   47  
  50    0   59    0   62  
  53   59   47    0    0  
  62   55    0   59    0  
  64    0   63    0   69  
  60    0   58   65    0  
  57    0   70   63    0  
   0   58   72   56    0  
  74   73    0    0   72  
   0    0   67   80   66  
  72    0   68   70    0  
  81    0    0   74   69  
   0   92   86   72    0  
  88   81    0   74    0  
   0  107   82  101    0  
  97   88    0  103    0  
   0  106    0  107  100  
   0  118  113    0  108  
   0  123  123  106    0  
   0   96    0  123  113  
 107    0    0  108  125  
 100    0    0  115  132  
 137    0  106    0  124  
   0  122  144    0  136  
   0    0  112  125  115  
 124    0  123    0  133  
 127    0  146  118    0  
 139    0    0  136  121  
 158  150    0    0  149  
   0  165  129    0  170  
 170    0  133  136    0  
   0  144  130    0  126  
 165  141    0    0  162  
 147    0  143  169    0  
   0  185    0  139  161  ] 
 ] 
