K : 100
I : 15
C : 10
INSTANCE : 4
PREFERENCES : [    0    5    0    0    1    0    0    0    0    0    3    2    0    4    0  
   0    0    0    0    5    2    0    0    4    0    3    1    0    0    0  
   0    0    5    0    0    0    0    3    4    0    2    0    0    1    0  
   2    5    0    0    3    0    0    0    1    0    0    0    0    4    0  
   0    1    3    0    0    0    0    0    0    4    2    0    5    0    0  
   0    3    2    0    0    4    0    0    0    0    0    0    0    1    5  
   0    0    2    0    0    0    5    0    1    0    0    4    0    3    0  
   0    1    2    0    0    0    5    0    4    0    0    0    0    0    3  
   0    1    0    3    2    0    0    5    0    0    4    0    0    0    0  
   0    0    0    2    5    0    0    4    0    0    3    0    1    0    0  
   0    0    0    3    1    0    0    2    0    0    5    0    4    0    0  
   0    0    2    3    0    4    0    0    0    0    0    5    1    0    0  
   0    5    3    0    0    0    1    0    0    0    0    4    2    0    0  
   0    0    0    0    3    0    0    0    0    0    1    4    5    0    2  
   0    0    3    0    2    4    5    0    0    0    1    0    0    0    0  
   0    3    0    1    0    2    4    0    0    0    0    0    5    0    0  
   0    0    0    2    1    4    0    0    0    5    0    0    0    0    3  
   0    0    2    5    1    0    0    0    4    0    0    0    0    3    0  
   0    0    5    0    0    1    0    2    3    0    0    4    0    0    0  
   0    4    0    3    0    0    0    1    0    2    0    0    0    0    5  
   1    0    0    0    0    0    0    3    0    0    0    0    5    2    4  
   0    5    0    0    2    4    0    3    0    0    0    0    1    0    0  
   0    0    4    0    1    0    5    0    0    0    2    0    3    0    0  
   0    4    5    0    1    0    0    3    0    0    0    0    2    0    0  
   0    2    1    0    0    0    4    0    0    5    0    0    3    0    0  
   0    0    0    0    1    0    2    0    3    0    5    0    4    0    0  
   0    0    0    3    0    0    0    5    1    0    0    4    2    0    0  
   0    1    0    0    2    0    0    5    3    0    0    0    0    0    4  
   5    2    4    0    3    0    0    0    0    0    0    0    0    0    1  
   5    1    0    4    3    0    0    2    0    0    0    0    0    0    0  
   2    0    0    1    0    0    0    0    3    5    4    0    0    0    0  
   0    0    4    2    0    3    5    0    0    0    0    0    0    0    1  
   0    0    0    5    3    0    0    2    0    4    0    0    0    0    1  
   3    0    0    0    4    0    0    0    1    5    0    0    0    0    2  
   0    0    5    0    1    0    0    0    2    3    0    0    4    0    0  
   0    2    4    0    0    0    0    3    1    0    0    5    0    0    0  
   3    0    1    0    0    0    4    0    5    0    0    2    0    0    0  
   2    4    0    0    0    3    0    0    0    5    1    0    0    0    0  
   0    0    0    0    0    0    4    0    5    0    0    3    2    0    1  
   0    0    0    5    0    0    0    1    0    2    0    4    0    3    0  
   0    0    3    4    0    0    0    0    0    2    0    0    5    0    1  
   0    0    5    0    0    4    3    0    0    2    0    1    0    0    0  
   2    0    0    1    3    0    0    0    0    0    5    4    0    0    0  
   0    1    0    2    3    0    0    0    0    0    0    0    0    4    5  
   0    0    0    0    5    2    0    1    0    0    4    3    0    0    0  
   0    0    1    0    0    4    0    0    2    3    0    0    5    0    0  
   3    1    0    0    0    2    0    4    0    5    0    0    0    0    0  
   0    0    3    0    0    0    5    4    0    0    2    0    0    1    0  
   2    5    0    4    3    1    0    0    0    0    0    0    0    0    0  
   0    0    3    0    0    1    0    4    0    0    2    0    5    0    0  
   0    0    3    4    0    2    0    5    0    1    0    0    0    0    0  
   3    0    0    0    5    4    1    0    0    0    0    0    2    0    0  
   5    0    0    0    0    0    3    0    4    2    0    0    0    0    1  
   0    3    1    2    0    0    0    4    0    0    0    0    5    0    0  
   0    0    4    0    3    0    5    0    0    0    1    0    2    0    0  
   2    5    0    3    0    0    0    0    0    0    0    1    0    4    0  
   0    5    0    0    0    0    0    0    3    0    4    2    1    0    0  
   0    0    4    0    0    3    0    1    5    0    0    0    0    0    2  
   0    0    2    1    0    5    0    0    4    3    0    0    0    0    0  
   3    0    0    0    5    0    0    2    0    0    0    0    0    1    4  
   0    0    0    4    3    2    0    1    0    0    5    0    0    0    0  
   0    4    0    0    2    5    1    0    0    0    0    0    0    3    0  
   5    0    0    1    0    0    2    4    0    0    0    0    0    3    0  
   0    1    2    5    0    3    0    0    0    4    0    0    0    0    0  
   0    0    0    0    0    1    4    0    0    0    0    0    3    5    2  
   0    0    4    5    0    2    1    3    0    0    0    0    0    0    0  
   0    0    0    0    4    0    0    1    2    0    0    0    5    3    0  
   0    0    0    0    0    0    2    1    0    0    5    0    3    4    0  
   0    0    0    0    4    0    1    0    0    0    0    5    0    2    3  
   0    0    3    2    0    0    0    5    0    0    1    0    4    0    0  
   0    0    0    0    0    5    0    2    1    0    3    0    0    4    0  
   0    1    0    0    0    2    5    4    0    0    0    0    0    3    0  
   0    0    0    2    0    3    0    5    0    1    0    0    4    0    0  
   0    4    0    1    0    5    0    0    0    2    0    0    0    0    3  
   0    1    2    0    0    0    0    4    0    0    5    3    0    0    0  
   0    0    4    5    3    0    0    0    0    0    1    0    0    2    0  
   3    1    0    0    0    2    0    0    0    0    0    0    0    4    5  
   0    0    1    0    0    4    2    0    0    0    0    0    0    3    5  
   0    3    0    0    0    0    0    5    4    0    0    0    2    1    0  
   0    0    0    3    0    0    0    1    2    0    0    5    0    4    0  
   0    0    0    0    2    0    3    0    0    1    0    5    0    4    0  
   0    0    4    0    0    0    0    3    0    2    1    0    0    0    5  
   1    0    0    0    4    0    3    5    0    0    0    2    0    0    0  
   0    5    0    2    0    0    0    0    1    0    0    3    0    4    0  
   3    0    0    1    0    0    0    4    0    0    0    0    0    2    5  
   0    5    0    0    0    0    0    3    4    0    0    1    0    0    2  
   2    0    0    0    0    4    3    0    0    0    0    1    0    0    5  
   0    0    0    0    0    4    2    3    0    0    0    0    5    1    0  
   0    0    0    1    0    0    3    2    0    0    0    0    5    4    0  
   2    4    0    0    0    3    0    0    5    0    0    0    0    1    0  
   0    4    0    0    3    0    0    0    0    0    1    0    5    0    2  
   0    0    0    0    0    0    0    5    0    2    4    3    0    0    1  
   0    0    5    0    0    3    4    0    0    1    0    0    0    2    0  
   2    0    0    5    0    0    0    0    3    0    0    4    0    0    1  
   4    1    0    0    0    0    0    3    0    0    0    0    2    0    5  
   0    4    2    0    0    0    0    3    0    1    0    0    0    5    0  
   0    0    5    0    2    0    0    0    0    0    0    0    3    1    4  
   4    0    3    0    1    0    5    0    0    0    0    0    2    0    0  
   0    4    0    0    0    1    3    0    0    0    5    0    2    0    0  
   0    3    0    0    4    5    0    0    2    0    0    0    0    1    0  ] 
RESERVATION PRICES : [    0    7    0    0    6    0    0    0    0    0    6    6    0    7    0  
   0    0    0    0   13   13    0    0   11    0   11   12    0    0    0  
   0    0   12    0    0    0    0   12   10    0   10    0    0   10    0  
  15   15    0    0   13    0    0    0   13    0    0    0    0   13    0  
   0   19   21    0    0    0    0    0    0   20   21    0   19    0    0  
   0   23   25    0    0   25    0    0    0    0    0    0    0   21   25  
   0    0   23    0    0    0   26    0   27    0    0   31    0   25    0  
   0   25   26    0    0    0   26    0   26    0    0    0    0    0   31  
   0   27    0   32   31    0    0   27    0    0   33    0    0    0    0  
   0    0    0   35   40    0    0   38    0    0   40    0   33    0    0  
   0    0    0   41   36    0    0   41    0    0   41    0   31    0    0  
   0    0   45   44    0   34    0    0    0    0    0   35   40    0    0  
   0   43   43    0    0    0   38    0    0    0    0   49   46    0    0  
   0    0    0    0   39    0    0    0    0    0   49   45   48    0   49  
   0    0   46    0   44   53   59    0    0    0   53    0    0    0    0  
   0   59    0   59    0   58   62    0    0    0    0    0   56    0    0  
   0    0    0   63   58   54    0    0    0   52    0    0    0    0   57  
   0    0   57   56   57    0    0    0   63    0    0    0    0   66    0  
   0    0   68    0    0   61    0   65   59    0    0   64    0    0    0  
   0   60    0   60    0    0    0   68    0   62    0    0    0    0   72  
  73    0    0    0    0    0    0   79    0    0    0    0   65   65   67  
   0   67    0    0   72   59    0   64    0    0    0    0   74    0    0  
   0    0   68    0   71    0   60    0    0    0   79    0   69    0    0  
   0   79   64    0   82    0    0   80    0    0    0    0   70    0    0  
   0   87   81    0    0    0   74    0    0   74    0    0   87    0    0  
   0    0    0    0   73    0   73    0   79    0   80    0   80    0    0  
   0    0    0   81    0    0    0   96   75    0    0   95   75    0    0  
   0   95    0    0   94    0    0   81   86    0    0    0    0    0   74  
 105   78  102    0  105    0    0    0    0    0    0    0    0    0   85  
  79   91    0   95   85    0    0   94    0    0    0    0    0    0    0  
  93    0    0   82    0    0    0    0   98   84   96    0    0    0    0  
   0    0   90   93    0   94  110    0    0    0    0    0    0    0   92  
   0    0    0   90   85    0    0   96    0   91    0    0    0    0   86  
 106    0    0    0   95    0    0    0   89  105    0    0    0    0   95  
   0    0   95    0  118    0    0    0  103  118    0    0   96    0    0  
   0   97  121    0    0    0    0  110  115    0    0  110    0    0    0  
 102    0  109    0    0    0  118    0  125    0    0  112    0    0    0  
 129   97    0    0    0   99    0    0    0  109  111    0    0    0    0  
   0    0    0    0    0    0  133    0  114    0    0  105  131    0  132  
   0    0    0  126    0    0    0  139    0  117    0  116    0  108    0  
   0    0  132  147    0    0    0    0    0  107    0    0  130    0  137  
   0    0  116    0    0  131  132    0    0  147    0  129    0    0    0  
 133    0    0  135  122    0    0    0    0    0  156  156    0    0    0  
   0  150    0  148  162    0    0    0    0    0    0    0    0  148  154  
   0    0    0    0  136  145    0  158    0    0  127  143    0    0    0  
   0    0  158    0    0  153    0    0  132  122    0    0  123    0    0  
 170  144    0    0    0  162    0  163    0  147    0    0    0    0    0  
   0    0  125    0    0    0  162  154    0    0  173    0    0  171    0  
 142  130    0  169  135  134    0    0    0    0    0    0    0    0    0  
   0    0  187    0    0  182    0  148    0    0  146    0  165    0    0  
   0    0  158  185    0  141    0  149    0  135    0    0    0    0    0  
 153    0    0    0  157  147  187    0    0    0    0    0  144    0    0  
 163    0    0    0    0    0  189    0  177  181    0    0    0    0  175  
   0  144  182  192    0    0    0  151    0    0    0    0  153    0    0  
   0    0  191    0  152    0  179    0    0    0  145    0  162    0    0  
 159  201    0  164    0    0    0    0    0    0    0  179    0  167    0  
   0  167    0    0    0    0    0    0  176    0  209  183  205    0    0  
   0    0  165    0    0  195    0  189  177    0    0    0    0    0  208  
   0    0  193  193    0  211    0    0  168  187    0    0    0    0    0  
 163    0    0    0  217    0    0  198    0    0    0    0    0  176  173  
   0    0    0  200  194  184    0  169    0    0  200    0    0    0    0  
   0  194    0    0  199  216  201    0    0    0    0    0    0  177    0  
 212    0    0  227    0    0  225  175    0    0    0    0    0  183    0  
   0  173  216  174    0  194    0    0    0  199    0    0    0    0    0  
   0    0    0    0    0  177  218    0    0    0    0    0  242  183  176  
   0    0  241  198    0  215  192  202    0    0    0    0    0    0    0  
   0    0    0    0  188    0    0  245  241    0    0    0  200  212    0  
   0    0    0    0    0    0  219  188    0    0  187    0  244  191    0  
   0    0    0    0  216    0  216    0    0    0    0  206    0  201  199  
   0    0  216  248    0    0    0  207    0    0  210    0  223    0    0  
   0    0    0    0    0  265    0  251  233    0  247    0    0  261    0  
   0  244    0    0    0  219  275  258    0    0    0    0    0  232    0  
   0    0    0  217    0  255    0  247    0  240    0    0  264    0    0  
   0  263    0  248    0  212    0    0    0  263    0    0    0    0  248  
   0  248  219    0    0    0    0  247    0    0  220  261    0    0    0  
   0    0  225  220  237    0    0    0    0    0  238    0    0  250    0  
 256  231    0    0    0  243    0    0    0    0    0    0    0  230  262  
   0    0  277    0    0  252  298    0    0    0    0    0    0  272  260  
   0  280    0    0    0    0    0  253  259    0    0    0  297  226    0  
   0    0    0  254    0    0    0  225  290    0    0  264    0  235    0  
   0    0    0    0  252    0  307    0    0  286    0  276    0  260    0  
   0    0  314    0    0    0    0  244    0  311  312    0    0    0  278  
 266    0    0    0  286    0  304  300    0    0    0  235    0    0    0  
   0  272    0  299    0    0    0    0  286    0    0  248    0  285    0  
 297    0    0  266    0    0    0  311    0    0    0    0    0  239  251  
   0  287    0    0    0    0    0  250  263    0    0  255    0    0  244  
 244    0    0    0    0  270  296    0    0    0    0  294    0    0  262  
   0    0    0    0    0  309  284  257    0    0    0    0  300  259    0  
   0    0    0  268    0    0  263  261    0    0    0    0  317  313    0  
 338  273    0    0    0  258    0    0  259    0    0    0    0  266    0  
   0  298    0    0  283    0    0    0    0    0  299    0  316    0  340  
   0    0    0    0    0    0    0  331    0  301  259  276    0    0  341  
   0    0  280    0    0  278  264    0    0  290    0    0    0  257    0  
 265    0    0  264    0    0    0    0  282    0    0  294    0    0  261  
 269  270    0    0    0    0    0  316    0    0    0    0  298    0  340  
   0  266  356    0    0    0    0  315    0  289    0    0    0  339    0  
   0    0  324    0  282    0    0    0    0    0    0    0  331  363  343  
 344    0  269    0  360    0  354    0    0    0    0    0  370    0    0  
   0  322    0    0    0  288  321    0    0    0  339    0  303    0    0  
   0  340    0    0  301  334    0    0  345    0    0    0    0  272    0  ] 
 ] 
