K : 125
I : 5
C : 5
INSTANCE : 4
PREFERENCES : [    0    0    1    3    2  
   0    2    3    0    1  
   2    3    0    1    0  
   1    0    0    3    2  
   0    3    2    1    0  
   0    2    3    0    1  
   2    0    0    3    1  
   0    2    3    1    0  
   2    0    1    0    3  
   0    1    0    3    2  
   0    3    2    0    1  
   2    1    0    3    0  
   3    0    2    0    1  
   0    1    2    0    3  
   0    2    0    3    1  
   3    0    1    0    2  
   0    1    3    0    2  
   0    1    2    3    0  
   3    0    0    1    2  
   1    3    0    2    0  
   2    1    3    0    0  
   0    0    1    2    3  
   0    1    2    3    0  
   2    1    0    3    0  
   3    1    0    2    0  
   2    1    0    0    3  
   3    0    0    2    1  
   2    1    3    0    0  
   1    3    2    0    0  
   2    0    1    0    3  
   2    0    3    0    1  
   0    0    3    2    1  
   0    1    3    2    0  
   0    3    1    0    2  
   3    0    1    2    0  
   0    3    2    0    1  
   1    0    3    0    2  
   2    0    3    1    0  
   1    3    2    0    0  
   0    2    0    1    3  
   2    1    3    0    0  
   1    0    3    0    2  
   3    1    2    0    0  
   0    0    3    2    1  
   0    0    2    3    1  
   0    2    3    0    1  
   3    0    0    2    1  
   3    0    2    0    1  
   1    0    2    0    3  
   2    1    3    0    0  
   2    0    3    0    1  
   0    3    0    2    1  
   0    1    2    0    3  
   0    3    1    0    2  
   0    3    0    1    2  
   2    0    1    0    3  
   1    0    3    0    2  
   0    0    2    3    1  
   0    1    0    3    2  
   0    1    3    2    0  
   1    0    2    3    0  
   2    1    0    0    3  
   1    3    0    2    0  
   1    2    0    0    3  
   0    3    1    0    2  
   3    1    0    0    2  
   3    2    0    0    1  
   1    0    2    3    0  
   0    0    3    1    2  
   2    1    0    0    3  
   0    0    3    1    2  
   1    0    2    3    0  
   0    2    1    3    0  
   2    1    0    3    0  
   0    1    3    2    0  
   3    0    2    1    0  
   2    1    0    0    3  
   0    2    3    0    1  
   1    0    2    3    0  
   3    0    2    0    1  
   3    1    0    2    0  
   1    0    0    2    3  
   3    1    2    0    0  
   0    3    1    2    0  
   3    0    0    1    2  
   2    3    1    0    0  
   3    1    2    0    0  
   1    0    3    2    0  
   0    1    2    3    0  
   0    1    0    2    3  
   3    1    0    0    2  
   1    2    3    0    0  
   0    1    0    2    3  
   1    3    0    2    0  
   0    1    2    0    3  
   0    0    1    2    3  
   2    3    0    0    1  
   2    1    3    0    0  
   0    0    1    3    2  
   0    2    3    0    1  
   3    1    2    0    0  
   0    0    3    2    1  
   3    2    1    0    0  
   3    2    1    0    0  
   2    0    0    3    1  
   3    0    1    0    2  
   0    2    1    3    0  
   2    0    1    0    3  
   3    2    0    1    0  
   0    0    3    1    2  
   2    3    0    0    1  
   2    0    3    1    0  
   3    1    0    2    0  
   1    0    0    2    3  
   1    0    2    0    3  
   0    0    3    2    1  
   2    1    0    0    3  
   0    3    0    1    2  
   0    0    1    2    3  
   2    3    1    0    0  
   2    0    1    3    0  
   3    1    0    2    0  
   2    0    3    0    1  
   0    3    0    2    1  
   0    2    0    1    3  ] 
RESERVATION PRICES : [    0    0    6    6    5  
   0   10   12    0   11  
  16   16    0   15    0  
  18    0    0   17   17  
   0   21   18   16    0  
   0   20   22    0   21  
  24    0    0   25   25  
   0   23   26   26    0  
  35    0   34    0   26  
   0   29    0   36   36  
   0   33   33    0   34  
  38   46    0   48    0  
  48    0   47    0   39  
   0   48   56    0   44  
   0   63    0   62   47  
  61    0   69    0   55  
   0   73   63    0   72  
   0   57   73   69    0  
  79    0    0   61   75  
  70   69    0   81    0  
  87   77   73    0    0  
   0    0   68   82   66  
   0   89   93   89    0  
  95   96    0   84    0  
  84   83    0   73    0  
  96   99    0    0   79  
 102    0    0   93   91  
 110   92   91    0    0  
  94  110  111    0    0  
 113    0   92    0   95  
 118    0  119    0  104  
   0    0  110  128   99  
   0  104   99  130    0  
   0  104  128    0  126  
 100    0  104  122    0  
   0  114  119    0  134  
 125    0  126    0  134  
 143    0  137  116    0  
 148  124  157    0    0  
   0  133    0  122  130  
 126  121  149    0    0  
 119    0  131    0  137  
 125  146  136    0    0  
   0    0  132  124  132  
   0    0  123  132  164  
   0  133  153    0  167  
 169    0    0  162  170  
 173    0  164    0  150  
 184    0  156    0  140  
 169  167  173    0    0  
 153    0  180    0  161  
   0  164    0  182  188  
   0  163  173    0  174  
   0  193  193    0  168  
   0  158    0  156  176  
 194    0  181    0  189  
 158    0  171    0  158  
   0    0  208  197  164  
   0  191    0  165  209  
   0  207  171  201    0  
 192    0  194  158    0  
 164  164    0    0  189  
 209  201    0  164    0  
 178  208    0    0  228  
   0  186  228    0  209  
 186  184    0    0  204  
 229  216    0    0  241  
 243    0  199  242    0  
   0    0  201  201  194  
 250  254    0    0  190  
   0    0  255  208  253  
 263    0  195  204    0  
   0  232  193  234    0  
 258  199    0  276    0  
   0  240  225  234    0  
 234    0  280  227    0  
 268  280    0    0  261  
   0  281  234    0  235  
 240    0  285  214    0  
 221    0  271    0  275  
 274  284    0  267    0  
 230    0    0  247  301  
 281  301  245    0    0  
   0  311  246  249    0  
 244    0    0  273  273  
 284  255  246    0    0  
 264  247  275    0    0  
 319    0  283  282    0  
   0  313  294  262    0  
   0  298    0  326  331  
 303  278    0    0  328  
 335  251  251    0    0  
   0  330    0  312  294  
 343  333    0  303    0  
   0  341  290    0  264  
   0    0  282  312  301  
 283  349    0    0  346  
 348  326  270    0    0  
   0    0  266  283  329  
   0  298  309    0  329  
 297  363  334    0    0  
   0    0  281  376  321  
 278  351  327    0    0  
 371  317  369    0    0  
 324    0    0  378  292  
 384    0  375    0  378  
   0  388  308  405    0  
 365    0  380    0  354  
 400  364    0  355    0  
   0    0  297  296  297  
 309  346    0    0  407  
 424    0  336  309    0  
 426  390    0  372    0  
 426    0    0  413  404  
 377    0  369    0  389  
   0    0  389  322  380  
 346  417    0    0  386  
   0  364    0  333  423  
   0    0  406  342  362  
 360  413  437    0    0  
 400    0  441  433    0  
 377  425    0  422    0  
 455    0  398    0  461  
   0  463    0  407  347  
   0  406    0  359  429  ] 
 ] 
