K : 50
I : 10
C : 2
INSTANCE : 1
PREFERENCES : [    0    1    4    5    3    2    0    0    0    0  
   0    0    4    3    0    5    0    1    2    0  
   0    0    2    1    4    5    3    0    0    0  
   1    0    4    5    2    0    0    0    3    0  
   0    0    2    1    0    0    5    0    3    4  
   4    5    0    0    2    0    3    0    0    1  
   2    0    0    1    5    3    0    4    0    0  
   0    0    3    0    0    1    0    5    2    4  
   0    1    2    0    0    3    5    0    0    4  
   0    0    4    5    3    0    0    1    2    0  
   0    3    5    0    0    1    0    2    0    4  
   3    0    0    5    1    0    0    4    0    2  
   0    2    5    1    0    4    0    3    0    0  
   0    0    0    0    4    2    5    1    0    3  
   2    0    5    1    0    0    3    0    4    0  
   5    0    0    0    2    4    3    1    0    0  
   1    3    5    0    2    0    0    0    4    0  
   5    2    0    3    4    0    1    0    0    0  
   0    3    4    5    0    0    0    1    2    0  
   0    3    0    4    0    5    0    2    0    1  
   0    0    2    3    0    4    0    0    5    1  
   0    2    0    4    1    3    0    0    0    5  
   5    0    1    0    2    3    0    0    4    0  
   0    0    0    1    0    4    0    3    5    2  
   1    0    0    3    5    4    0    2    0    0  
   0    5    3    1    2    0    0    4    0    0  
   0    0    3    5    0    0    1    4    2    0  
   0    2    5    3    1    4    0    0    0    0  
   0    0    4    5    0    0    1    0    3    2  
   0    2    5    0    0    0    0    3    4    1  
   3    1    2    4    0    0    0    5    0    0  
   3    5    0    0    0    0    1    0    4    2  
   0    2    3    0    5    0    4    1    0    0  
   0    0    4    3    2    0    0    5    1    0  
   3    5    0    0    0    4    0    2    1    0  
   0    0    0    3    0    4    2    5    1    0  
   0    3    2    5    0    0    4    0    0    1  
   5    1    0    2    4    0    0    3    0    0  
   0    2    0    0    0    3    5    0    1    4  
   0    3    0    0    1    4    2    0    5    0  
   3    0    0    0    0    0    1    5    2    4  
   0    5    2    0    3    0    0    4    0    1  
   0    2    0    5    0    0    1    0    4    3  
   5    0    1    0    0    4    3    0    2    0  
   0    1    0    3    0    2    5    4    0    0  
   4    0    2    5    3    0    0    0    0    1  
   0    0    1    3    0    0    5    0    4    2  
   0    2    0    0    4    5    3    1    0    0  
   1    0    4    0    0    0    5    0    2    3  
   0    4    5    1    0    0    3    0    2    0  ] 
RESERVATION PRICES : [    0    8    7    9    9    7    0    0    0    0  
   0    0    9   12    0   11    0   12   10    0  
   0    0   17   14   16   13   14    0    0    0  
  20    0   18   21   20    0    0    0   17    0  
   0    0   26   27    0    0   20    0   20   24  
  25   26    0    0   32    0   30    0    0   25  
  36    0    0   32   35   30    0   29    0    0  
   0    0   33    0    0   30    0   31   37   36  
   0   35   40    0    0   33   35    0    0   32  
   0    0   29   30   34    0    0   37   32    0  
   0   31   32    0    0   30    0   37    0   34  
  42    0    0   39   32    0    0   35    0   44  
   0   38   43   44    0   33    0   33    0    0  
   0    0    0    0   49   41   52   39    0   40  
  55    0   46   55    0    0   43    0   41    0  
  44    0    0    0   50   50   56   52    0    0  
  50   45   48    0   61    0    0    0   52    0  
  52   47    0   50   49    0   62    0    0    0  
   0   65   56   54    0    0    0   55   50    0  
   0   55    0   71    0   67    0   55    0   52  
   0    0   67   67    0   72    0    0   79   79  
   0   77    0   61   75   65    0    0    0   73  
  69    0   76    0   69   64    0    0   68    0  
   0    0    0   67    0   66    0   78   80   65  
  79    0    0   87   82   88    0   70    0    0  
   0   82   82   95   86    0    0   75    0    0  
   0    0   94   73    0    0   80   81   94    0  
   0   98   87   83  105   88    0    0    0    0  
   0    0   90  111    0    0  106    0  100  111  
   0   94   84    0    0    0    0  107   86   88  
  81   97  107   91    0    0    0   88    0    0  
  90  108    0    0    0    0  117    0   87  113  
   0  113   98    0  120    0  113  100    0    0  
   0    0  121   95  110    0    0   95  105    0  
 102  111    0    0    0   95    0  100  118    0  
   0    0    0  123    0  117  119  127  101    0  
   0  109  108  117    0    0  117    0    0  119  
 114  142    0  122  137    0    0  112    0    0  
   0  112    0    0    0  113  115    0  135  120  
   0  117    0    0  126  122  138    0  144    0  
 112    0    0    0    0    0  143  136  124  132  
   0  147  139    0  142    0    0  124    0  125  
   0  140    0  135    0    0  116    0  133  160  
 130    0  136    0    0  156  151    0  141    0  
   0  123    0  126    0  155  163  135    0    0  
 168    0  146  161  132    0    0    0    0  170  
   0    0  155  134    0    0  155    0  133  129  
   0  149    0    0  164  138  160  132    0    0  
 170    0  165    0    0    0  139    0  134  174  
   0  172  147  188    0    0  178    0  164    0  ] 
 ] 
