K : 125
I : 5
C : 20
INSTANCE : 4
PREFERENCES : [    0    2    3    0    1  
   3    0    0    2    1  
   2    0    0    1    3  
   1    0    3    0    2  
   2    0    3    1    0  
   3    2    0    1    0  
   0    1    2    3    0  
   1    3    0    2    0  
   1    3    0    2    0  
   0    2    0    1    3  
   0    2    1    0    3  
   3    0    2    1    0  
   0    1    2    3    0  
   3    0    2    1    0  
   0    3    0    1    2  
   2    1    3    0    0  
   2    3    0    0    1  
   3    0    0    1    2  
   0    0    3    1    2  
   0    1    3    2    0  
   0    0    2    3    1  
   0    0    3    2    1  
   3    2    0    1    0  
   2    0    3    0    1  
   3    2    0    1    0  
   2    3    0    0    1  
   0    2    1    0    3  
   3    0    1    0    2  
   2    0    3    1    0  
   0    3    2    0    1  
   2    3    0    0    1  
   0    1    3    2    0  
   3    1    2    0    0  
   2    1    3    0    0  
   2    1    0    0    3  
   3    0    2    0    1  
   1    3    2    0    0  
   2    0    3    0    1  
   1    2    0    3    0  
   2    0    3    0    1  
   0    3    0    2    1  
   0    2    1    3    0  
   0    0    2    1    3  
   0    3    0    1    2  
   3    2    0    1    0  
   3    1    2    0    0  
   0    0    3    1    2  
   1    0    2    3    0  
   1    0    3    0    2  
   1    0    3    2    0  
   2    1    0    0    3  
   2    3    1    0    0  
   2    3    0    1    0  
   0    1    2    3    0  
   2    0    3    0    1  
   3    1    2    0    0  
   1    0    2    3    0  
   0    2    1    3    0  
   2    0    3    1    0  
   2    1    3    0    0  
   3    1    2    0    0  
   0    1    2    0    3  
   2    3    0    1    0  
   0    3    1    0    2  
   2    0    0    3    1  
   1    0    2    0    3  
   0    1    2    3    0  
   1    3    0    2    0  
   0    1    3    0    2  
   1    3    0    0    2  
   3    0    2    1    0  
   1    0    3    0    2  
   3    0    0    2    1  
   0    2    1    0    3  
   1    0    0    2    3  
   2    0    3    1    0  
   2    0    1    0    3  
   3    0    0    1    2  
   0    2    1    0    3  
   3    2    0    0    1  
   1    0    3    0    2  
   1    2    0    0    3  
   2    0    3    0    1  
   0    3    1    2    0  
   3    2    0    1    0  
   3    1    0    0    2  
   3    0    0    2    1  
   0    3    2    1    0  
   0    1    3    0    2  
   3    2    0    0    1  
   0    1    2    3    0  
   3    0    1    0    2  
   2    0    0    3    1  
   2    0    1    0    3  
   0    2    3    0    1  
   1    0    0    2    3  
   3    0    2    0    1  
   0    1    0    2    3  
   1    0    2    0    3  
   0    1    2    3    0  
   2    0    3    0    1  
   3    0    2    0    1  
   3    0    1    2    0  
   1    0    0    3    2  
   3    0    0    2    1  
   1    3    2    0    0  
   2    1    3    0    0  
   0    2    1    3    0  
   1    2    3    0    0  
   0    1    2    0    3  
   2    3    0    0    1  
   0    3    1    2    0  
   0    3    1    0    2  
   1    0    3    2    0  
   0    0    2    3    1  
   1    3    0    0    2  
   0    3    0    1    2  
   1    2    0    3    0  
   0    1    3    0    2  
   0    2    3    0    1  
   2    3    0    0    1  
   0    3    1    2    0  
   2    1    0    0    3  
   3    1    0    2    0  
   3    2    0    1    0  ] 
RESERVATION PRICES : [    0    5    5    0    6  
  11    0    0   11   10  
   9    0    0   10   10  
  11    0    9    0    9  
  14    0   14   16    0  
  19   17    0   15    0  
   0   19   15   18    0  
  18   21    0   17    0  
  17   17    0   19    0  
   0   18    0   21   19  
   0   19   21    0   25  
  28    0   28   23    0  
   0   29   28   30    0  
  32    0   36   38    0  
   0   44    0   34   36  
  47   42   46    0    0  
  48   45    0    0   51  
  51    0    0   46   59  
   0    0   50   54   62  
   0   66   59   65    0  
   0    0   56   69   58  
   0    0   68   72   63  
  55   57    0   75    0  
  71    0   60    0   72  
  67   71    0   75    0  
  59   77    0    0   67  
   0   83   64    0   68  
  68    0   94    0   91  
  82    0   69   68    0  
   0   73   93    0   77  
  72   72    0    0   72  
   0   84   80   93    0  
  94   75   87    0    0  
  87   89   85    0    0  
  91   88    0    0   98  
  97    0   80    0   94  
 103   99  108    0    0  
  92    0   87    0   93  
 119  116    0   89    0  
  92    0  100    0  119  
   0  123    0  108   96  
   0  132  105   99    0  
   0    0  114  104  101  
   0  135    0  115  134  
 113  118    0  143    0  
 120  146  148    0    0  
   0    0  134  150  141  
 121    0  146  151    0  
 116    0  150    0  141  
 148    0  159  125    0  
 140  128    0    0  128  
 128  140  132    0    0  
 173  144    0  164    0  
   0  171  164  143    0  
 175    0  169    0  147  
 177  157  163    0    0  
 160    0  157  191    0  
   0  155  198  149    0  
 156    0  191  170    0  
 162  180  156    0    0  
 198  209  184    0    0  
   0  174  185    0  173  
 206  209    0  216    0  
   0  212  162    0  220  
 170    0    0  167  190  
 224    0  222    0  210  
   0  177  230  228    0  
 187  225    0  190    0  
   0  208  219    0  229  
 182  248    0    0  248  
 235    0  211  187    0  
 187    0  224    0  245  
 228    0    0  239  203  
   0  249  214    0  256  
 230    0    0  263  252  
 257    0  212  246    0  
 230    0  258    0  208  
 250    0    0  211  213  
   0  266  201    0  272  
 236  234    0    0  236  
 232    0  242    0  229  
 236  281    0    0  227  
 276    0  210    0  244  
   0  290  282  223    0  
 218  301    0  279    0  
 278  234    0    0  225  
 227    0    0  302  245  
   0  237  247  297    0  
   0  304  251    0  264  
 233  284    0    0  262  
   0  305  263  256    0  
 293    0  320    0  301  
 291    0    0  300  254  
 315    0  301    0  282  
   0  270  261    0  284  
 324    0    0  327  316  
 285    0  317    0  265  
   0  260    0  302  327  
 313    0  291    0  323  
   0  301  351  262    0  
 334    0  289    0  320  
 344    0  330    0  304  
 264    0  273  351    0  
 338    0    0  290  346  
 271    0    0  330  274  
 303  347  324    0    0  
 304  327  352    0    0  
   0  309  346  377    0  
 341  339  361    0    0  
   0  345  358    0  381  
 363  398    0    0  319  
   0  380  370  359    0  
   0  368  387    0  313  
 319    0  348  348    0  
   0    0  422  366  360  
 403  415    0    0  367  
   0  361    0  346  384  
 436  358    0  331    0  
   0  323  443    0  360  
   0  340  389    0  351  
 444  410    0    0  324  
   0  388  426  341    0  
 338  345    0    0  431  
 416  380    0  373    0  
 349  397    0  340    0  ] 
 ] 
