K : 125
I : 15
C : 20
INSTANCE : 4
PREFERENCES : [    2    5    3    0    0    4    0    0    0    0    1    0    0    0    0  
   0    0    1    0    0    0    2    5    0    0    4    0    0    0    3  
   3    5    0    0    2    4    0    0    1    0    0    0    0    0    0  
   0    0    0    0    0    4    3    0    0    0    0    0    2    5    1  
   1    0    3    0    0    0    5    2    0    0    0    0    4    0    0  
   3    0    0    5    0    0    0    4    0    0    0    2    1    0    0  
   4    3    0    0    0    0    2    0    5    0    0    1    0    0    0  
   4    0    0    0    0    1    0    2    5    3    0    0    0    0    0  
   0    1    3    0    0    0    4    0    5    0    0    0    0    0    2  
   0    0    0    1    0    0    5    2    0    0    0    0    3    0    4  
   0    0    0    4    0    0    0    5    2    0    0    1    3    0    0  
   0    0    0    4    2    0    0    5    0    0    3    0    0    0    1  
   0    0    0    0    0    4    0    1    0    0    2    5    0    3    0  
   0    0    0    2    0    0    0    0    0    4    5    0    3    0    1  
   0    0    0    0    0    0    3    5    4    0    0    0    2    0    1  
   4    5    0    0    0    1    0    0    2    0    0    0    0    0    3  
   3    0    2    5    0    0    0    0    1    0    0    0    4    0    0  
   0    0    5    0    2    0    0    3    4    1    0    0    0    0    0  
   0    0    0    0    0    0    0    4    5    1    0    0    3    0    2  
   2    0    0    0    0    0    0    1    0    0    0    3    5    4    0  
   0    0    0    0    2    0    0    5    3    1    0    0    0    0    4  
   3    0    0    0    1    0    0    0    2    0    0    4    0    0    5  
   4    1    2    3    0    5    0    0    0    0    0    0    0    0    0  
   1    0    2    0    0    0    0    5    0    0    0    0    3    4    0  
   0    0    3    0    0    2    5    0    1    0    0    0    0    4    0  
   0    0    0    0    1    2    0    5    4    0    0    0    3    0    0  
   0    0    0    0    1    4    0    0    0    0    2    3    0    5    0  
   0    3    0    0    0    0    0    1    2    4    0    0    0    5    0  
   0    0    4    2    0    0    3    0    0    1    0    0    0    0    5  
   0    1    0    5    0    0    2    0    3    0    0    0    0    0    4  
   0    3    0    0    2    0    4    0    0    1    0    0    5    0    0  
   4    0    0    1    2    0    0    5    0    0    3    0    0    0    0  
   5    0    0    0    0    0    0    3    0    0    2    1    0    4    0  
   0    0    0    3    0    2    0    0    0    4    0    1    0    5    0  
   3    0    5    0    0    2    0    4    0    0    0    0    1    0    0  
   0    0    0    1    0    0    0    0    4    0    3    0    5    2    0  
   1    0    5    0    0    0    0    0    3    2    0    0    0    0    4  
   0    0    0    0    0    0    1    0    0    2    3    0    5    0    4  
   0    0    0    0    1    0    0    0    0    0    3    0    2    4    5  
   0    0    3    0    5    0    0    0    1    0    2    0    4    0    0  
   0    1    0    4    3    2    0    0    0    0    0    0    0    0    5  
   5    0    0    2    4    0    0    3    0    0    0    0    1    0    0  
   5    4    2    0    0    0    0    0    0    0    0    3    0    0    1  
   2    0    5    3    0    1    0    4    0    0    0    0    0    0    0  
   0    3    0    0    0    2    1    5    0    0    0    0    0    4    0  
   0    0    0    0    1    0    0    0    5    0    4    0    0    2    3  
   5    0    0    0    0    0    2    0    0    4    0    0    3    0    1  
   0    0    0    0    4    3    0    0    0    0    2    0    5    0    1  
   2    5    0    0    0    0    0    3    0    1    0    0    0    4    0  
   0    0    0    5    4    0    1    3    0    0    2    0    0    0    0  
   3    5    0    0    0    0    0    0    0    1    4    2    0    0    0  
   2    0    0    0    0    0    0    5    3    1    4    0    0    0    0  
   0    0    0    3    0    0    0    5    0    0    2    0    1    0    4  
   0    0    0    1    0    0    4    0    0    0    5    3    0    2    0  
   3    0    0    0    2    0    0    0    0    1    0    0    5    4    0  
   0    0    2    3    5    0    0    1    0    4    0    0    0    0    0  
   0    0    0    0    0    0    3    0    0    4    0    5    0    2    1  
   2    0    0    3    0    0    5    0    1    0    0    4    0    0    0  
   0    0    3    0    4    0    0    1    0    0    0    0    5    2    0  
   0    0    1    0    2    0    0    0    0    0    4    5    3    0    0  
   0    5    0    0    0    0    0    3    4    1    0    0    0    2    0  
   0    0    0    0    5    4    0    0    0    2    1    0    3    0    0  
   1    0    4    0    3    0    0    0    0    0    5    0    0    2    0  
   3    0    5    0    0    0    0    0    4    0    0    0    1    0    2  
   3    0    0    0    4    0    0    1    2    5    0    0    0    0    0  
   0    0    0    0    0    0    1    0    0    2    5    3    0    0    4  
   0    5    0    1    0    0    0    3    4    0    0    0    0    0    2  
   0    0    2    0    0    0    5    0    0    4    0    0    1    3    0  
   0    0    0    0    4    0    5    3    0    0    0    0    0    2    1  
   0    0    0    1    0    5    4    0    0    3    0    0    0    0    2  
   0    4    0    0    1    0    0    3    0    0    2    5    0    0    0  
   0    0    0    3    1    0    0    5    0    0    2    0    4    0    0  
   0    0    0    5    0    4    0    0    0    0    0    1    2    3    0  
   2    0    0    4    0    5    3    0    0    0    1    0    0    0    0  
   0    0    1    0    5    0    0    4    0    0    0    3    2    0    0  
   0    5    0    1    0    0    0    0    3    0    0    4    0    2    0  
   3    4    0    1    0    0    5    0    0    2    0    0    0    0    0  
   0    0    0    5    0    4    0    2    0    3    0    0    0    0    1  
   2    4    0    0    0    0    0    0    3    1    0    0    5    0    0  
   1    2    0    0    0    0    0    0    0    0    3    4    5    0    0  
   3    0    2    0    0    4    0    5    1    0    0    0    0    0    0  
   0    0    0    4    0    0    5    0    0    2    3    0    0    1    0  
   0    0    1    0    4    0    0    2    5    0    3    0    0    0    0  
   0    0    2    0    5    0    0    0    0    3    0    4    0    1    0  
   0    0    0    0    3    0    1    4    2    0    0    0    0    5    0  
   0    2    0    0    5    0    0    0    0    1    0    3    0    4    0  
   0    1    0    0    0    3    0    0    0    0    4    0    2    5    0  
   0    1    4    0    0    3    0    0    0    0    2    0    0    0    5  
   5    0    0    0    1    0    0    0    2    4    0    3    0    0    0  
   4    3    0    0    0    0    0    0    1    0    0    2    0    0    5  
   0    0    0    0    0    3    0    0    0    0    4    2    5    0    1  
   4    0    3    2    0    1    0    0    0    0    0    0    5    0    0  
   1    0    5    0    0    0    0    0    4    2    3    0    0    0    0  
   3    0    1    2    4    5    0    0    0    0    0    0    0    0    0  
   3    0    0    4    0    0    0    0    5    2    0    0    0    0    1  
   0    0    0    0    0    5    0    1    3    0    0    4    0    0    2  
   0    5    0    0    0    0    0    3    0    1    4    0    2    0    0  
   0    0    0    0    0    0    5    0    4    3    0    2    1    0    0  
   0    0    0    2    0    0    0    0    3    4    5    0    1    0    0  
   0    2    0    0    5    0    0    4    0    1    0    0    3    0    0  
   2    0    0    4    0    0    0    0    0    0    5    1    0    0    3  
   5    0    0    0    0    1    0    4    0    0    0    0    0    2    3  
   4    1    5    0    2    0    0    0    0    3    0    0    0    0    0  
   0    0    5    2    0    4    0    0    1    3    0    0    0    0    0  
   0    2    0    3    5    0    0    0    1    0    0    0    0    4    0  
   0    4    0    1    2    0    0    0    0    5    0    0    0    0    3  
   0    0    0    1    0    2    0    4    3    0    0    5    0    0    0  
   4    0    1    3    0    2    0    0    0    0    0    0    0    5    0  
   3    0    5    0    2    0    0    0    4    0    0    0    1    0    0  
   0    2    1    0    0    0    0    0    0    4    0    5    0    3    0  
   4    0    0    0    3    0    5    0    1    0    0    2    0    0    0  
   0    1    0    0    0    0    3    4    0    5    0    2    0    0    0  
   0    0    0    2    0    0    0    4    0    0    0    1    0    3    5  
   0    0    0    5    0    0    0    0    1    0    4    0    2    0    3  
   2    5    0    0    1    0    0    0    0    0    4    0    0    0    3  
   5    0    0    0    1    3    0    0    2    0    0    0    4    0    0  
   0    1    5    0    0    0    0    2    0    0    0    0    0    4    3  
   3    0    2    0    0    5    1    4    0    0    0    0    0    0    0  
   0    0    4    0    0    0    2    0    0    1    0    0    0    3    5  
   0    0    1    0    5    3    0    0    0    0    4    2    0    0    0  
   0    0    1    3    5    0    0    0    0    0    0    0    2    0    4  
   1    0    2    0    3    5    0    4    0    0    0    0    0    0    0  
   5    0    0    0    0    0    3    1    0    0    4    0    2    0    0  
   0    5    0    0    0    1    0    3    0    0    0    2    0    4    0  
   0    2    1    0    0    0    0    0    0    3    0    4    0    0    5  ] 
RESERVATION PRICES : [    8    8    9    0    0   10    0    0    0    0   10    0    0    0    0  
   0    0   10    0    0    0    9    9    0    0   10    0    0    0   10  
  13   13    0    0   13   12    0    0   13    0    0    0    0    0    0  
   0    0    0    0    0   14   13    0    0    0    0    0   16   16   14  
  22    0   20    0    0    0   19   19    0    0    0    0   22    0    0  
  20    0    0   22    0    0    0   26    0    0    0   23   25    0    0  
  26   25    0    0    0    0   20    0   24    0    0   20    0    0    0  
  27    0    0    0    0   28    0   26   33   24    0    0    0    0    0  
   0   31   37    0    0    0   32    0   30    0    0    0    0    0   30  
   0    0    0   36    0    0   32   30    0    0    0    0   30    0   34  
   0    0    0   39    0    0    0   44   47    0    0   37   47    0    0  
   0    0    0   39   42    0    0   39    0    0   46    0    0    0   46  
   0    0    0    0    0   40    0   53    0    0   48   53    0   46    0  
   0    0    0   59    0    0    0    0    0   46   60    0   46    0   46  
   0    0    0    0    0    0   62   56   58    0    0    0   46    0   52  
  66   59    0    0    0   63    0    0   68    0    0    0    0    0   66  
  70    0   62   61    0    0    0    0   52    0    0    0   56    0    0  
   0    0   62    0   57    0    0   67   70   60    0    0    0    0    0  
   0    0    0    0    0    0    0   70   73   61    0    0   54    0   66  
  58    0    0    0    0    0    0   78    0    0    0   79   77   59    0  
   0    0    0    0   61    0    0   72   71   63    0    0    0    0   71  
  65    0    0    0   74    0    0    0   72    0    0   78    0    0   67  
  85   66   65   85    0   69    0    0    0    0    0    0    0    0    0  
  74    0   88    0    0    0    0   70    0    0    0    0   73   89    0  
   0    0   98    0    0   84   77    0  102    0    0    0    0   75    0  
   0    0    0    0   91   87    0   77   90    0    0    0   89    0    0  
   0    0    0    0   85   94    0    0    0    0   90   96    0   95    0  
   0   82    0    0    0    0    0   85   96   84    0    0    0  107    0  
   0    0  105  112    0    0  113    0    0   94    0    0    0    0  114  
   0   91    0  125    0    0  119    0  117    0    0    0    0    0  114  
   0  100    0    0  115    0  130    0    0  111    0    0  116    0    0  
 104    0    0  105  116    0    0  132    0    0  122    0    0    0    0  
 125    0    0    0    0    0    0  133    0    0  122  121    0  108    0  
   0    0    0  111    0  135    0    0    0  140    0  105    0  130    0  
 108    0  111    0    0  119    0  146    0    0    0    0  123    0    0  
   0    0    0  121    0    0    0    0  140    0  151    0  122  121    0  
 113    0  136    0    0    0    0    0  125  151    0    0    0    0  140  
   0    0    0    0    0    0  117    0    0  136  116    0  155    0  156  
   0    0    0    0  142    0    0    0    0    0  135    0  115  117  126  
   0    0  142    0  163    0    0    0  147    0  122    0  156    0    0  
   0  170    0  158  163  126    0    0    0    0    0    0    0    0  159  
 158    0    0  144  134    0    0  129    0    0    0    0  158    0    0  
 160  137  138    0    0    0    0    0    0    0    0  139    0    0  152  
 162    0  159  171    0  142    0  179    0    0    0    0    0    0    0  
   0  138    0    0    0  161  158  166    0    0    0    0    0  134    0  
   0    0    0    0  157    0    0    0  162    0  166    0    0  162  181  
 171    0    0    0    0    0  154    0    0  183    0    0  166    0  147  
   0    0    0    0  181  168    0    0    0    0  191    0  175    0  173  
 169  149    0    0    0    0    0  169    0  173    0    0    0  148    0  
   0    0    0  200  175    0  173  155    0    0  156    0    0    0    0  
 211  188    0    0    0    0    0    0    0  197  179  191    0    0    0  
 188    0    0    0    0    0    0  205  189  164  164    0    0    0    0  
   0    0    0  161    0    0    0  176    0    0  185    0  162    0  164  
   0    0    0  194    0    0  189    0    0    0  183  178    0  216    0  
 177    0    0    0  196    0    0    0    0  212    0    0  220  196    0  
   0    0  224  182  178    0    0  222    0  211    0    0    0    0    0  
   0    0    0    0    0    0  177    0    0  198    0  223    0  225  176  
 208    0    0  191    0    0  200    0  229    0    0  174    0    0    0  
   0    0  232    0  218    0    0  210    0    0    0    0  191  227    0  
   0    0  201    0  197    0    0    0    0    0  196  176  238    0    0  
   0  249    0    0    0    0    0  221  244  251    0    0    0  230    0  
   0    0    0    0  225  204    0    0    0  186  233    0  252    0    0  
 185    0  258    0  188    0    0    0    0    0  186    0    0  195    0  
 210    0  236    0    0    0    0    0  246    0    0    0  244    0  216  
 246    0    0    0  268    0    0  241  230  241    0    0    0    0    0  
   0    0    0    0    0    0  262    0    0  220  234  262    0    0  201  
   0  278    0  274    0    0    0  207  203    0    0    0    0    0  267  
   0    0  237    0    0    0  257    0    0  205    0    0  261  262    0  
   0    0    0    0  212    0  284  237    0    0    0    0    0  249  224  
   0    0    0  270    0  244  274    0    0  253    0    0    0    0  270  
   0  208    0    0  249    0    0  258    0    0  262  258    0    0    0  
   0    0    0  223  264    0    0  264    0    0  217    0  236    0    0  
   0    0    0  270    0  262    0    0    0    0    0  264  217  281    0  
 293    0    0  239    0  249  236    0    0    0  224    0    0    0    0  
   0    0  254    0  293    0    0  280    0    0    0  284  268    0    0  
   0  221    0  236    0    0    0    0  240    0    0  274    0  296    0  
 219  234    0  228    0    0  252    0    0  235    0    0    0    0    0  
   0    0    0  243    0  296    0  253    0  294    0    0    0    0  235  
 315  298    0    0    0    0    0    0  289  314    0    0  316    0    0  
 303  313    0    0    0    0    0    0    0    0  251  261  267    0    0  
 252    0  319    0    0  296    0  292  258    0    0    0    0    0    0  
   0    0    0  307    0    0  247    0    0  304  279    0    0  271    0  
   0    0  266    0  323    0    0  277  264    0  288    0    0    0    0  
   0    0  272    0  322    0    0    0    0  304    0  275    0  297    0  
   0    0    0    0  269    0  274  269  316    0    0    0    0  299    0  
   0  272    0    0  293    0    0    0    0  265    0  332    0  267    0  
   0  261    0    0    0  280    0    0    0    0  346    0  281  331    0  
   0  297  316    0    0  268    0    0    0    0  313    0    0    0  283  
 319    0    0    0  273    0    0    0  315  285    0  331    0    0    0  
 264  274    0    0    0    0    0    0  286    0    0  348    0    0  296  
   0    0    0    0    0  361    0    0    0    0  338  341  272    0  363  
 302    0  292  264    0  344    0    0    0    0    0    0  304    0    0  
 298    0  341    0    0    0    0    0  310  281  362    0    0    0    0  
 310    0  308  340  358  292    0    0    0    0    0    0    0    0    0  
 315    0    0  293    0    0    0    0  359  323    0    0    0    0  288  
   0    0    0    0    0  342    0  304  327    0    0  361    0    0  308  
   0  374    0    0    0    0    0  350    0  372  340    0  363    0    0  
   0    0    0    0    0    0  280    0  296  341    0  286  378    0    0  
   0    0    0  320    0    0    0    0  354  370  358    0  386    0    0  
   0  328    0    0  295    0    0  334    0  374    0    0  331    0    0  
 397    0    0  371    0    0    0    0    0    0  387  339    0    0  323  
 395    0    0    0    0  400    0  384    0    0    0    0    0  399  326  
 406  354  404    0  292    0    0    0    0  304    0    0    0    0    0  
   0    0  332  303    0  371    0    0  358  338    0    0    0    0    0  
   0  381    0  401  393    0    0    0  358    0    0    0    0  325    0  
   0  308    0  309  407    0    0    0    0  354    0    0    0    0  383  
   0    0    0  404    0  366    0  313  370    0    0  381    0    0    0  
 409    0  340  339    0  373    0    0    0    0    0    0    0  316    0  
 391    0  385    0  355    0    0    0  326    0    0    0  410    0    0  
   0  377  310    0    0    0    0    0    0  336    0  352    0  379    0  
 357    0    0    0  317    0  433    0  332    0    0  349    0    0    0  
   0  340    0    0    0    0  408  369    0  349    0  337    0    0    0  
   0    0    0  330    0    0    0  387    0    0    0  332    0  389  412  
   0    0    0  326    0    0    0    0  392    0  372    0  422    0  418  
 395  337    0    0  324    0    0    0    0    0  429    0    0    0  395  
 431    0    0    0  442  411    0    0  361    0    0    0  352    0    0  
   0  408  379    0    0    0    0  355    0    0    0    0    0  372  430  
 413    0  350    0    0  372  322  424    0    0    0    0    0    0    0  
   0    0  410    0    0    0  399    0    0  411    0    0    0  387  402  
   0    0  424    0  440  345    0    0    0    0  384  366    0    0    0  
   0    0  385  330  445    0    0    0    0    0    0    0  415    0  347  
 372    0  422    0  390  357    0  384    0    0    0    0    0    0    0  
 424    0    0    0    0    0  402  359    0    0  434    0  381    0    0  
   0  379    0    0    0  391    0  427    0    0    0  370    0  407    0  
   0  429  405    0    0    0    0    0    0  470    0  352    0    0  343  ] 
 ] 
