K : 75
I : 10
C : 3
INSTANCE : 5
PREFERENCES : [    0    0    4    0    2    1    0    3    0    5  
   4    0    2    5    0    3    1    0    0    0  
   0    1    0    0    2    4    0    3    0    5  
   0    4    5    0    0    1    3    0    2    0  
   0    3    4    5    0    0    1    0    0    2  
   1    0    0    4    3    2    0    0    0    5  
   0    0    4    0    0    3    0    5    1    2  
   0    0    0    2    3    4    0    1    5    0  
   0    0    0    3    2    0    0    4    5    1  
   3    4    2    0    0    5    0    0    0    1  
   0    3    1    0    0    0    4    5    2    0  
   3    0    0    0    0    2    0    1    4    5  
   0    1    5    2    3    0    0    0    4    0  
   2    4    0    0    0    1    0    3    5    0  
   5    0    0    2    1    0    3    0    0    4  
   0    2    1    0    0    4    0    0    3    5  
   0    0    2    3    4    1    0    0    0    5  
   1    0    0    5    0    0    2    4    0    3  
   0    4    0    5    0    0    1    2    3    0  
   2    1    3    0    0    0    5    0    4    0  
   5    0    1    0    0    3    0    2    0    4  
   0    0    0    3    4    0    1    2    0    5  
   0    0    0    0    4    5    2    0    3    1  
   4    3    0    0    0    2    5    0    1    0  
   0    0    4    2    0    1    5    0    3    0  
   2    0    0    1    0    3    0    5    4    0  
   3    0    0    0    0    0    1    4    5    2  
   0    0    3    0    0    4    5    1    2    0  
   0    0    3    5    2    0    4    1    0    0  
   1    0    0    2    5    0    0    4    3    0  
   3    1    0    5    0    0    4    0    2    0  
   5    2    0    4    0    0    0    0    1    3  
   0    2    0    0    4    0    3    5    0    1  
   5    0    0    3    4    1    2    0    0    0  
   1    0    0    5    0    0    3    0    4    2  
   4    5    3    0    0    1    0    0    2    0  
   0    5    4    0    1    0    0    0    2    3  
   0    4    2    0    5    0    0    3    0    1  
   5    0    4    0    1    0    0    3    0    2  
   0    5    4    0    0    1    0    0    2    3  
   3    4    5    0    0    0    0    2    0    1  
   0    0    5    0    0    3    4    1    2    0  
   0    5    3    4    0    0    1    0    0    2  
   5    3    0    0    0    2    0    0    1    4  
   4    0    0    5    2    0    0    3    0    1  
   4    3    0    0    0    0    5    0    1    2  
   2    0    3    0    1    0    4    0    0    5  
   0    4    0    0    5    1    3    0    2    0  
   1    0    0    0    5    3    2    0    4    0  
   2    1    5    0    3    0    0    0    0    4  
   0    4    0    1    2    0    5    3    0    0  
   3    5    2    4    0    0    0    1    0    0  
   5    0    1    0    4    0    3    0    0    2  
   2    3    5    4    0    0    0    0    1    0  
   0    2    5    0    0    3    4    0    1    0  
   4    2    0    0    0    3    5    0    1    0  
   3    0    0    1    0    4    0    5    2    0  
   0    0    2    3    0    4    5    0    0    1  
   0    1    5    3    4    0    0    0    2    0  
   5    0    0    0    3    4    1    2    0    0  
   0    2    0    3    4    5    0    0    1    0  
   0    0    3    0    5    1    4    2    0    0  
   0    4    0    3    0    5    2    1    0    0  
   2    0    4    1    0    5    0    0    0    3  
   0    1    0    5    0    0    2    0    4    3  
   5    1    0    3    0    0    2    0    0    4  
   2    3    1    0    5    4    0    0    0    0  
   5    2    0    0    0    0    4    3    0    1  
   5    0    2    0    0    0    1    4    0    3  
   0    0    5    3    0    1    0    2    0    4  
   0    0    3    5    0    2    1    4    0    0  
   0    0    0    1    5    0    0    3    4    2  
   0    0    0    2    1    0    5    3    0    4  
   0    4    0    3    1    0    0    0    5    2  
   0    4    0    0    0    0    1    5    3    2  ] 
RESERVATION PRICES : [    0    0    6    0    6    6    0    5    0    6  
   9    0   11   11    0    9   10    0    0    0  
   0   15    0    0   12   12    0   12    0   12  
   0   20   21    0    0   19   23    0   19    0  
   0   25   24   20    0    0   19    0    0   19  
  25    0    0   19   21   19    0    0    0   22  
   0    0   26    0    0   29    0   22   27   23  
   0    0    0   28   27   28    0   34   26    0  
   0    0    0   34   32    0    0   36   40   39  
  32   35   40    0    0   39    0    0    0   34  
   0   41   40    0    0    0   44   40   44    0  
  51    0    0    0    0   45    0   41   43   42  
   0   41   52   42   47    0    0    0   40    0  
  45   54    0    0    0   61    0   50   53    0  
  53    0    0   63   50    0   60    0    0   53  
   0   59   55    0    0   57    0    0   51   56  
   0    0   53   66   71   52    0    0    0   69  
  59    0    0   69    0    0   62   70    0   71  
   0   65    0   79    0    0   72   62   79    0  
  76   69   69    0    0    0   79    0   72    0  
  93    0   77    0    0   71    0   78    0   67  
   0    0    0   70   75    0   85   76    0   73  
   0    0    0    0   76   93   69    0   93   69  
  96   81    0    0    0   87   91    0   81    0  
   0    0   84   98    0   95   83    0   92    0  
  97    0    0   82    0   92    0   93   83    0  
  85    0    0    0    0    0   82  103   91   88  
   0    0   83    0    0  106   95   89   84    0  
   0    0  117  110  115    0   94   87    0    0  
 107    0    0  100  116    0    0  121  108    0  
 106  112    0  124    0    0   95    0  101    0  
 125  128    0  108    0    0    0    0   99  107  
   0  134    0    0  113    0  137  118    0  110  
 110    0    0  117  109  124  114    0    0    0  
 104    0    0  114    0    0  142    0  139  124  
 135  112  117    0    0  128    0    0  111    0  
   0  113  152    0  123    0    0    0  129  138  
   0  131  114    0  142    0    0  118    0  138  
 122    0  142    0  146    0    0  140    0  144  
   0  152  118    0    0  150    0    0  129  138  
 144  158  145    0    0    0    0  160    0  167  
   0    0  131    0    0  145  156  152  171    0  
   0  141  133  167    0    0  176    0    0  145  
 148  164    0    0    0  129    0    0  160  137  
 178    0    0  145  181    0    0  151    0  150  
 157  141    0    0    0    0  146    0  184  180  
 181    0  191    0  193    0  186    0    0  175  
   0  146    0    0  181  176  175    0  145    0  
 151    0    0    0  163  186  156    0  156    0  
 169  189  191    0  148    0    0    0    0  154  
   0  193    0  175  198    0  181  161    0    0  
 207  179  177  203    0    0    0  200    0    0  
 203    0  193    0  171    0  178    0    0  205  
 179  158  189  205    0    0    0    0  180    0  
   0  205  193    0    0  214  205    0  206    0  
 175  183    0    0    0  208  202    0  202    0  
 170    0    0  216    0  178    0  215  224    0  
   0    0  202  196    0  199  201    0    0  175  
   0  231  225  176  179    0    0    0  210    0  
 213    0    0    0  184  178  186  189    0    0  
   0  203    0  184  219  225    0    0  196    0  
   0    0  187    0  188  190  227  240    0    0  
   0  201    0  187    0  180  213  176    0    0  
 243    0  193  204    0  245    0    0    0  206  
   0  217    0  201    0    0  246    0  231  188  
 252  208    0  247    0    0  221    0    0  188  
 198  222  190    0  196  229    0    0    0    0  
 190  254    0    0    0    0  235  215    0  264  
 245    0  221    0    0    0  254  221    0  204  
   0    0  197  251    0  256    0  244    0  212  
   0    0  231  254    0  196  271  225    0    0  
   0    0    0  214  267    0    0  207  265  252  
   0    0    0  245  215    0  272  223    0  204  
   0  256    0  206  272    0    0    0  265  273  
   0  280    0    0    0    0  259  204  253  276  ] 
 ] 
