K : 125
I : 10
C : 20
INSTANCE : 4
PREFERENCES : [    0    5    2    4    0    0    0    1    0    3  
   1    0    0    0    4    0    2    3    5    0  
   0    4    0    1    5    0    3    2    0    0  
   3    0    2    0    4    5    0    1    0    0  
   0    0    1    0    3    2    4    5    0    0  
   1    4    5    0    0    0    0    2    0    3  
   0    1    0    4    2    5    0    3    0    0  
   5    0    2    4    0    1    0    0    3    0  
   3    0    2    4    0    5    0    0    1    0  
   0    5    4    1    0    0    2    3    0    0  
   0    4    0    0    1    3    0    5    0    2  
   0    4    0    3    0    1    5    0    0    2  
   0    0    5    0    0    3    0    1    4    2  
   0    0    4    3    1    0    0    5    0    2  
   0    2    4    0    5    3    0    1    0    0  
   5    0    3    0    0    2    0    4    0    1  
   3    5    0    0    0    4    1    0    2    0  
   5    0    1    0    3    0    4    0    2    0  
   0    0    3    0    5    0    4    2    1    0  
   0    0    5    4    2    0    0    1    0    3  
   0    0    0    2    1    4    0    0    3    5  
   0    0    1    0    0    4    2    3    5    0  
   3    4    0    0    0    1    0    2    5    0  
   1    0    4    3    0    0    0    5    2    0  
   0    5    3    0    0    0    0    4    2    1  
   0    0    0    5    1    0    0    3    4    2  
   0    3    0    0    5    2    1    4    0    0  
   4    2    0    0    0    5    0    3    0    1  
   0    5    1    0    0    0    2    3    0    4  
   0    1    0    3    4    0    5    0    2    0  
   4    0    3    0    0    5    0    0    1    2  
   0    4    2    5    0    1    0    0    3    0  
   3    0    2    1    5    4    0    0    0    0  
   4    0    0    0    2    3    0    0    1    5  
   2    4    0    1    3    5    0    0    0    0  
   0    2    4    1    0    0    3    5    0    0  
   3    0    0    0    2    4    1    5    0    0  
   0    0    0    3    5    1    4    0    0    2  
   0    0    1    5    0    0    0    4    2    3  
   3    0    4    0    5    0    2    0    1    0  
   0    3    2    0    0    0    5    0    1    4  
   3    4    0    0    0    5    0    2    1    0  
   0    4    0    3    0    0    5    0    2    1  
   4    2    3    0    5    1    0    0    0    0  
   0    4    5    2    0    0    0    1    3    0  
   0    4    5    2    0    1    0    0    3    0  
   4    0    0    2    1    3    5    0    0    0  
   0    0    5    0    0    0    4    3    2    1  
   5    0    3    1    0    0    2    0    0    4  
   0    0    0    0    0    1    3    5    2    4  
   1    0    0    2    5    3    0    0    4    0  
   0    0    0    4    0    0    1    3    2    5  
   0    0    0    0    0    3    5    1    4    2  
   1    2    0    0    0    4    5    3    0    0  
   5    0    0    1    4    3    0    0    0    2  
   3    0    0    0    5    1    0    0    2    4  
   3    0    0    4    1    2    5    0    0    0  
   0    0    3    5    0    0    2    0    1    4  
   0    0    3    0    2    4    1    0    0    5  
   3    4    0    0    0    2    0    0    1    5  
   0    4    0    0    2    3    0    1    5    0  
   3    0    0    0    2    4    5    1    0    0  
   5    3    0    0    0    0    0    1    4    2  
   3    0    0    0    0    5    2    4    1    0  
   0    0    3    1    0    4    0    0    2    5  
   0    0    2    0    3    5    0    4    0    1  
   0    2    0    5    0    0    0    4    1    3  
   0    5    1    0    0    0    0    3    4    2  
   3    0    2    0    1    5    0    4    0    0  
   5    0    2    0    0    0    3    0    1    4  
   0    0    5    3    0    4    1    0    2    0  
   2    5    1    0    3    0    4    0    0    0  
   0    0    3    1    0    0    2    0    5    4  
   0    3    5    2    0    0    0    0    4    1  
   5    3    0    2    0    4    1    0    0    0  
   5    0    0    3    2    0    1    0    0    4  
   0    0    0    5    2    0    3    0    4    1  
   0    1    4    2    3    5    0    0    0    0  
   0    1    4    3    5    0    2    0    0    0  
   5    0    3    0    0    2    4    0    0    1  
   4    0    5    0    3    2    0    0    1    0  
   5    0    0    1    4    0    0    0    3    2  
   0    0    3    4    5    0    1    0    2    0  
   0    0    3    0    1    2    0    5    4    0  
   0    0    4    0    3    5    0    0    1    2  
   0    0    2    1    0    4    0    5    3    0  
   0    0    2    1    0    3    4    0    5    0  
   1    0    0    4    0    5    0    0    2    3  
   2    0    0    0    4    3    1    0    5    0  
   0    3    1    2    0    0    4    5    0    0  
   5    0    4    0    2    1    3    0    0    0  
   0    2    1    0    0    5    4    3    0    0  
   0    0    0    0    2    3    4    1    0    5  
   4    0    1    0    2    5    0    0    0    3  
   5    0    2    0    0    0    0    3    4    1  
   0    0    2    0    1    5    0    3    0    4  
   0    0    0    0    4    3    2    5    1    0  
   1    0    5    0    4    0    0    0    3    2  
   0    0    0    3    0    2    4    5    1    0  
   0    4    1    5    0    0    0    3    2    0  
   0    0    0    4    5    0    2    3    1    0  
   4    3    0    0    2    1    0    5    0    0  
   2    4    0    0    5    0    0    1    3    0  
   0    0    0    2    0    3    5    0    4    1  
   2    0    1    0    0    4    0    0    3    5  
   0    5    1    3    0    0    0    2    4    0  
   1    0    0    2    0    0    4    5    0    3  
   0    0    1    3    0    2    0    0    4    5  
   0    5    1    4    2    0    0    0    3    0  
   3    0    0    0    4    0    2    5    0    1  
   0    3    0    5    0    0    1    0    4    2  
   5    0    3    4    0    0    1    0    2    0  
   0    2    0    0    0    1    4    0    3    5  
   3    4    5    0    1    0    0    0    0    2  
   0    0    1    0    2    3    4    0    5    0  
   0    0    0    1    0    5    0    4    2    3  
   0    0    0    4    0    3    0    2    1    5  
   3    0    0    0    5    4    1    2    0    0  
   0    0    5    0    2    0    3    0    4    1  
   2    4    0    0    3    0    0    5    1    0  
   0    2    1    0    0    0    4    5    0    3  
   0    4    3    0    0    1    0    5    0    2  
   0    0    1    5    0    2    0    0    4    3  
   0    3    0    4    2    0    5    0    1    0  
   0    0    0    1    0    2    5    0    3    4  ] 
RESERVATION PRICES : [    0    6    6    7    0    0    0    7    0    6  
   9    0    0    0   12    0   10   12   12    0  
   0   12    0   10   10    0   11   11    0    0  
  13    0   14    0   17   14    0   17    0    0  
   0    0   23    0   20   19   24   21    0    0  
  19   18   24    0    0    0    0   24    0   20  
   0   23    0   28   21   24    0   28    0    0  
  28    0   29   27    0   29    0    0   31    0  
  27    0   35   29    0   35    0    0   34    0  
   0   31   28   30    0    0   30   28    0    0  
   0   32    0    0   38   40    0   38    0   36  
   0   37    0   39    0   34   31    0    0   30  
   0    0   45    0    0   35    0   38   34   34  
   0    0   44   38   42    0    0   44    0   38  
   0   40   43    0   40   36    0   41    0    0  
  55    0   51    0    0   55    0   52    0   56  
  48   55    0    0    0   47   54    0   53    0  
  50    0   62    0   63    0   46    0   51    0  
   0    0   55    0   58    0   64   55   55    0  
   0    0   71   63   61    0    0   66    0   68  
   0    0    0   66   69   58    0    0   64   64  
   0    0   70    0    0   70   75   67   76    0  
  63   82    0    0    0   74    0   82   83    0  
  87    0   72   75    0    0    0   86   87    0  
   0   97   91    0    0    0    0   85   95   95  
   0    0    0   88   98    0    0   83   91   87  
   0   96    0    0   92   95   82   87    0    0  
  94   83    0    0    0   85    0   84    0  100  
   0   83   84    0    0    0   89   91    0   88  
   0   80    0   97   83    0  103    0  107    0  
  91    0   92    0    0   94    0    0  115   98  
   0   91  107   88    0  113    0    0  106    0  
  95    0  113  112  121   98    0    0    0    0  
 126    0    0    0  118  100    0    0   96  129  
 113  125    0  103  131  115    0    0    0    0  
   0  122  121  105    0    0  110  113    0    0  
 136    0    0    0  110  139  127  129    0    0  
   0    0    0  142  131  144  144    0    0  123  
   0    0  138  132    0    0    0  130  116  122  
 124    0  126    0  122    0  154    0  127    0  
   0  154  157    0    0    0  117    0  141  130  
 142  134    0    0    0  122    0  141  129    0  
   0  170    0  158    0    0  147    0  168  161  
 133  142  151    0  147  140    0    0    0    0  
   0  160  145  132    0    0    0  149  174    0  
   0  175  168  173    0  153    0    0  151    0  
 141    0    0  139  175  168  151    0    0    0  
   0    0  143    0    0    0  172  155  144  136  
 138    0  188  160    0    0  146    0    0  168  
   0    0    0    0    0  140  152  158  143  170  
 175    0    0  182  162  169    0    0  184    0  
   0    0    0  156    0    0  179  153  188  171  
   0    0    0    0    0  158  179  197  165  178  
 176  190    0    0    0  204  198  163    0    0  
 181    0    0  208  170  206    0    0    0  187  
 181    0    0    0  166  206    0    0  174  186  
 220    0    0  207  191  179  210    0    0    0  
   0    0  224  179    0    0  182    0  173  188  
   0    0  220    0  230  171  205    0    0  171  
 209  232    0    0    0  224    0    0  167  220  
   0  219    0    0  172  194    0  176  232    0  
 230    0    0    0  196  231  203  230    0    0  
 185  174    0    0    0    0    0  199  200  230  
 202    0    0    0    0  201  202  239  241    0  
   0    0  183  242    0  228    0    0  224  242  
   0    0  246    0  249  235    0  220    0  199  
   0  203    0  222    0    0    0  221  211  217  
   0  198  245    0    0    0    0  197  219  251  
 221    0  216    0  242  197    0  213    0    0  
 208    0  256    0    0    0  204    0  251  235  
   0    0  209  251    0  212  214    0  232    0  
 229  279  201    0  245    0  260    0    0    0  
   0    0  267  248    0    0  241    0  255  203  
   0  227  268  239    0    0    0    0  255  284  
 273  234    0  287    0  269  262    0    0    0  
 257    0    0  219  251    0  242    0    0  293  
   0    0    0  267  281    0  252    0  267  256  
   0  272  277  222  270  294    0    0    0    0  
   0  266  241  256  271    0  278    0    0    0  
 278    0  255    0    0  252  231    0    0  228  
 280    0  267    0  248  303    0    0  224    0  
 255    0    0  270  284    0    0    0  251  307  
   0    0  235  228  276    0  245    0  297    0  
   0    0  273    0  285  238    0  318  243    0  
   0    0  264    0  294  244    0    0  239  250  
   0    0  290  241    0  281    0  249  266    0  
   0    0  253  272    0  333  315    0  290    0  
 328    0    0  328    0  264    0    0  301  262  
 304    0    0    0  304  248  327    0  307    0  
   0  286  278  261    0    0  293  290    0    0  
 322    0  343    0  343  332  318    0    0    0  
   0  324  340    0    0  309  328  297    0    0  
   0    0    0    0  338  309  304  330    0  301  
 333    0  294    0  283  318    0    0    0  329  
 275    0  305    0    0    0    0  357  359  361  
   0    0  321    0  289  336    0  318    0  359  
   0    0    0    0  323  330  314  265  307    0  
 337    0  320    0  268    0    0    0  368  369  
   0    0    0  356    0  270  279  349  308    0  
   0  322  315  325    0    0    0  335  375    0  
   0    0    0  320  318    0  289  376  336    0  
 333  297    0    0  378  281    0  359    0    0  
 329  343    0    0  318    0    0  277  287    0  
   0    0    0  389    0  289  361    0  327  299  
 339    0  385    0    0  340    0    0  319  290  
   0  359  339  377    0    0    0  388  367    0  
 350    0    0  315    0    0  365  316    0  367  
   0    0  381  368    0  317    0    0  351  306  
   0  312  374  328  398    0    0    0  409    0  
 339    0    0    0  352    0  376  399    0  383  
   0  370    0  318    0    0  409    0  318  324  
 375    0  333  359    0    0  322    0  362    0  
   0  307    0    0    0  320  420    0  364  323  
 354  320  327    0  395    0    0    0    0  412  
   0    0  398    0  375  395  415    0  353    0  
   0    0    0  375    0  369    0  384  317  322  
   0    0    0  320    0  329    0  350  325  373  
 377    0    0    0  343  405  408  414    0    0  
   0    0  435    0  322    0  348    0  339  432  
 375  428    0    0  350    0    0  408  352    0  
   0  361  379    0    0    0  425  439    0  350  
   0  429  448    0    0  372    0  413    0  424  
   0    0  338  351    0  358    0    0  422  461  
   0  457    0  356  345    0  336    0  405    0  
   0    0    0  470    0  353  367    0  471  352  ] 
 ] 
