K : 100
I : 5
C : 4
INSTANCE : 1
PREFERENCES : [    3    1    0    2    0  
   3    0    1    0    2  
   3    1    2    0    0  
   3    0    0    1    2  
   2    3    0    1    0  
   3    0    2    0    1  
   1    0    2    3    0  
   3    0    1    2    0  
   0    1    3    2    0  
   3    0    1    0    2  
   2    0    1    3    0  
   0    3    1    0    2  
   0    0    1    2    3  
   3    0    1    2    0  
   1    3    2    0    0  
   1    0    0    2    3  
   0    0    2    3    1  
   2    3    1    0    0  
   2    3    0    1    0  
   0    0    2    1    3  
   0    1    2    3    0  
   1    0    3    2    0  
   3    2    1    0    0  
   1    2    3    0    0  
   1    0    3    2    0  
   0    2    3    1    0  
   2    0    0    1    3  
   3    1    0    0    2  
   3    0    1    0    2  
   0    3    0    1    2  
   3    0    0    1    2  
   0    2    3    0    1  
   0    3    2    0    1  
   2    1    0    0    3  
   0    3    2    0    1  
   0    2    0    3    1  
   3    0    1    0    2  
   0    1    0    2    3  
   3    2    0    0    1  
   3    0    2    1    0  
   0    1    3    0    2  
   0    2    3    0    1  
   2    0    0    3    1  
   3    2    0    0    1  
   2    1    0    3    0  
   2    1    0    3    0  
   2    3    0    0    1  
   0    2    0    3    1  
   2    1    0    3    0  
   2    1    0    3    0  
   3    0    2    0    1  
   0    2    3    1    0  
   1    2    0    3    0  
   1    3    0    0    2  
   1    3    0    2    0  
   3    0    1    2    0  
   0    2    1    3    0  
   2    1    0    0    3  
   3    2    0    1    0  
   0    0    1    2    3  
   0    0    3    2    1  
   1    0    0    3    2  
   2    0    0    3    1  
   1    0    0    3    2  
   0    2    3    0    1  
   0    3    2    1    0  
   1    0    2    0    3  
   0    0    1    2    3  
   3    2    1    0    0  
   3    0    0    1    2  
   2    3    0    0    1  
   2    0    0    3    1  
   0    0    2    3    1  
   1    3    0    0    2  
   0    3    2    0    1  
   2    3    0    0    1  
   1    0    3    2    0  
   0    2    0    3    1  
   3    1    0    0    2  
   0    1    3    0    2  
   1    0    2    0    3  
   2    0    3    1    0  
   1    0    0    3    2  
   1    0    0    2    3  
   1    0    0    3    2  
   2    1    0    3    0  
   0    0    3    1    2  
   2    0    3    0    1  
   0    3    0    1    2  
   2    0    3    0    1  
   3    1    0    0    2  
   3    1    0    0    2  
   0    1    3    0    2  
   2    0    3    0    1  
   3    0    2    1    0  
   0    0    2    3    1  
   1    3    0    2    0  
   1    0    0    2    3  
   0    1    2    0    3  
   3    2    1    0    0  ] 
RESERVATION PRICES : [    7    7    0    6    0  
   9    0   12    0   11  
  16   15   18    0    0  
  16    0    0   17   15  
  20   17    0   16    0  
  18    0   18    0   18  
  23    0   25   22    0  
  30    0   24   24    0  
   0   36   36   30    0  
  34    0   31    0   33  
  42    0   42   35    0  
   0   45   51    0   47  
   0    0   41   42   44  
  54    0   52   54    0  
  47   50   44    0    0  
  48    0    0   49   50  
   0    0   56   68   62  
  70   64   64    0    0  
  64   74    0   73    0  
   0    0   64   73   71  
   0   72   78   72    0  
  77    0   77   71    0  
  76   88   80    0    0  
  81   71   73    0    0  
  89    0   86   91    0  
   0  101   87   79    0  
 109    0    0  103  101  
 110   85    0    0   95  
 103    0   96    0   84  
   0   95    0   94   94  
 124    0    0  125  118  
   0  108  100    0   96  
   0   98  104    0  126  
 130  127    0    0  118  
   0  130  106    0  133  
   0  130    0  119  131  
 117    0  110    0  129  
   0  137    0  142  133  
 127  117    0    0  137  
 115    0  124  124    0  
   0  115  139    0  121  
   0  137  132    0  129  
 152    0    0  151  132  
 141  136    0    0  148  
 161  138    0  154    0  
 152  138    0  125    0  
 174  142    0    0  166  
   0  148    0  160  149  
 178  159    0  138    0  
 164  183    0  169    0  
 144    0  144    0  143  
   0  154  193  180    0  
 145  153    0  178    0  
 160  196    0    0  147  
 182  159    0  173    0  
 200    0  166  160    0  
   0  186  170  171    0  
 196  211    0    0  214  
 176  225    0  219    0  
   0    0  166  182  195  
   0    0  198  193  227  
 178    0    0  218  215  
 188    0    0  220  181  
 182    0    0  180  227  
   0  224  220    0  213  
   0  237  195  220    0  
 186    0  231    0  199  
   0    0  189  233  214  
 189  198  210    0    0  
 255    0    0  192  240  
 226  249    0    0  226  
 259    0    0  199  198  
   0    0  225  240  226  
 262  243    0    0  254  
   0  246  212    0  230  
 272  277    0    0  245  
 254    0  219  290    0  
   0  269    0  219  239  
 251  279    0    0  252  
   0  217  236    0  259  
 249    0  217    0  286  
 295    0  281  227    0  
 259    0    0  244  276  
 224    0    0  258  271  
 280    0    0  275  275  
 242  238    0  285    0  
   0    0  317  257  240  
 319    0  236    0  239  
   0  264    0  288  277  
 309    0  317    0  297  
 251  276    0    0  321  
 299  286    0    0  291  
   0  272  310    0  268  
 269    0  318    0  313  
 290    0  275  256    0  
   0    0  283  271  342  
 320  282    0  280    0  
 341    0    0  294  321  
   0  281  342    0  356  
 314  297  299    0    0  ] 
 ] 
