K : 50
I : 15
C : 10
INSTANCE : 1
PREFERENCES : [    0    1    0    4    0    0    0    0    0    0    2    0    0    5    3  
   5    0    2    0    0    0    0    3    0    4    0    0    1    0    0  
   0    0    3    1    4    0    2    0    0    0    0    0    0    0    5  
   4    0    3    0    0    0    5    1    0    0    0    0    0    0    2  
   0    5    0    0    0    0    3    0    2    1    4    0    0    0    0  
   4    3    0    0    0    0    1    5    2    0    0    0    0    0    0  
   0    4    0    1    0    2    0    0    0    0    0    3    0    0    5  
   3    5    0    0    0    0    0    0    0    2    0    0    0    4    1  
   0    0    0    0    0    3    5    2    0    0    0    4    1    0    0  
   0    1    0    5    0    0    0    4    3    0    2    0    0    0    0  
   0    0    3    0    2    0    5    0    4    0    0    0    1    0    0  
   5    0    2    1    0    0    0    0    0    0    3    0    4    0    0  
   0    0    1    0    0    3    0    0    5    0    0    0    2    0    4  
   0    0    5    0    2    0    0    4    3    1    0    0    0    0    0  
   0    4    0    0    2    5    1    0    0    0    0    0    0    0    3  
   0    0    5    4    2    0    3    0    1    0    0    0    0    0    0  
   5    0    0    1    0    0    0    0    4    0    0    3    0    2    0  
   0    0    3    0    0    0    0    0    0    4    0    0    5    1    2  
   0    3    4    0    0    5    2    0    1    0    0    0    0    0    0  
   3    0    4    0    0    0    5    1    2    0    0    0    0    0    0  
   0    5    4    2    0    0    0    0    0    0    0    1    0    3    0  
   0    4    3    0    5    2    0    0    0    0    1    0    0    0    0  
   0    4    0    0    0    0    0    2    5    0    3    0    1    0    0  
   0    0    0    0    5    0    0    1    4    0    2    0    0    0    3  
   0    5    0    0    0    0    1    4    0    0    0    0    2    0    3  
   0    3    0    0    0    0    4    0    2    0    0    1    0    5    0  
   0    0    4    0    0    0    3    5    2    0    0    0    1    0    0  
   0    4    0    0    2    3    0    0    0    0    1    0    0    0    5  
   3    0    0    4    0    0    0    0    0    2    0    1    0    5    0  
   0    0    1    0    4    0    0    0    0    5    3    0    2    0    0  
   0    0    5    0    3    4    0    2    0    0    0    0    1    0    0  
   0    0    4    0    0    5    2    0    0    0    0    0    1    3    0  
   0    3    0    0    0    2    5    0    1    0    0    4    0    0    0  
   0    0    3    0    0    0    4    0    5    0    0    0    1    0    2  
   0    0    3    0    0    0    2    1    0    0    4    5    0    0    0  
   4    0    0    0    0    3    5    0    0    1    0    0    2    0    0  
   0    0    0    2    5    0    0    1    3    0    0    4    0    0    0  
   0    3    0    1    0    0    2    0    0    5    0    0    0    0    4  
   0    0    2    0    1    0    0    0    5    0    3    4    0    0    0  
   4    0    2    0    0    0    0    3    0    0    0    0    5    1    0  
   3    0    0    0    0    2    0    5    0    0    1    4    0    0    0  
   0    3    0    0    1    2    0    4    0    0    0    0    0    0    5  
   0    0    4    2    3    5    0    1    0    0    0    0    0    0    0  
   1    0    0    0    0    0    4    0    0    2    0    0    3    5    0  
   0    0    0    0    0    2    0    0    0    0    1    0    3    5    4  
   0    2    0    1    0    5    0    0    0    3    0    0    0    0    4  
   1    0    2    3    5    0    0    4    0    0    0    0    0    0    0  
   1    0    0    3    0    5    0    0    0    4    0    0    0    2    0  
   0    0    0    0    3    2    5    0    0    0    0    0    1    0    4  
   0    0    0    0    5    0    0    1    3    2    0    0    0    0    4  ] 
RESERVATION PRICES : [    0    8    0    9    0    0    0    0    0    0    9    0    0    9    7  
   9    0   10    0    0    0    0    9    0   10    0    0   10    0    0  
   0    0   15   14   14    0   12    0    0    0    0    0    0    0   14  
  13    0   14    0    0    0   15   15    0    0    0    0    0    0   15  
   0   22    0    0    0    0   18    0   19   23   21    0    0    0    0  
  25   25    0    0    0    0   22   23   21    0    0    0    0    0    0  
   0   25    0   29    0   30    0    0    0    0    0   30    0    0   32  
  30   30    0    0    0    0    0    0    0   33    0    0    0   29   33  
   0    0    0    0    0   27   29   28    0    0    0   37   29    0    0  
   0   37    0   38    0    0    0   31   34    0   30    0    0    0    0  
   0    0   36    0   42    0   46    0   46    0    0    0   44    0    0  
  49    0   43   47    0    0    0    0    0    0   43    0   48    0    0  
   0    0   49    0    0   46    0    0   43    0    0    0   42    0   54  
   0    0   50    0   53    0    0   51   45   58    0    0    0    0    0  
   0   48    0    0   56   53   52    0    0    0    0    0    0    0   48  
   0    0   61   55   56    0   67    0   57    0    0    0    0    0    0  
  58    0    0   53    0    0    0    0   63    0    0   62    0   61    0  
   0    0   72    0    0    0    0    0    0   61    0    0   67   65   56  
   0   80   73    0    0   69   63    0   63    0    0    0    0    0    0  
  61    0   73    0    0    0   81   83   76    0    0    0    0    0    0  
   0   72   68   84    0    0    0    0    0    0    0   71    0   75    0  
   0   87   82    0   91   71    0    0    0    0   72    0    0    0    0  
   0   92    0    0    0    0    0   71   84    0   89    0   95    0    0  
   0    0    0    0   91    0    0   88   78    0   79    0    0    0   89  
   0  102    0    0    0    0  101   82    0    0    0    0   89    0   81  
   0   80    0    0    0    0   86    0   79    0    0   82    0   81    0  
   0    0   85    0    0    0   93   86   87    0    0    0   82    0    0  
   0   84    0    0  114   84    0    0    0    0   92    0    0    0   90  
  98    0    0   86    0    0    0    0    0   91    0   88    0  103    0  
   0    0  111    0   83    0    0    0    0  110  102    0  104    0    0  
   0    0  115    0  118   87    0  108    0    0    0    0   89    0    0  
   0    0  116    0    0   93   94    0    0    0    0    0  104  100    0  
   0  113    0    0    0  113  117    0  125    0    0   97    0    0    0  
   0    0  124    0    0    0  109    0  130    0    0    0  113    0  118  
   0    0  123    0    0    0  130  136    0    0  134  122    0    0    0  
 105    0    0    0    0  128  114    0    0  119    0    0  126    0    0  
   0    0    0  128  123    0    0  143  119    0    0  141    0    0    0  
   0  110    0  125    0    0  142    0    0  149    0    0    0    0  142  
   0    0  121    0  113    0    0    0  114    0  122  126    0    0    0  
 133    0  119    0    0    0    0  154    0    0    0    0  131  136    0  
 118    0    0    0    0  152    0  148    0    0  123  151    0    0    0  
   0  122    0    0  146  152    0  128    0    0    0    0    0    0  152  
   0    0  119  161  148  136    0  151    0    0    0    0    0    0    0  
 172    0    0    0    0    0  164    0    0  125    0    0  132  129    0  
   0    0    0    0    0  153    0    0    0    0  174    0  159  147  129  
   0  137    0  151    0  178    0    0    0  138    0    0    0    0  145  
 160    0  182  152  148    0    0  164    0    0    0    0    0    0    0  
 165    0    0  162    0  188    0    0    0  167    0    0    0  137    0  
   0    0    0    0  187  140  182    0    0    0    0    0  169    0  171  
   0    0    0    0  142    0    0  161  169  190    0    0    0    0  146  ] 
 ] 
