K : 125
I : 10
C : 20
INSTANCE : 2
PREFERENCES : [    0    0    1    5    2    3    4    0    0    0  
   0    4    5    0    0    1    0    0    3    2  
   0    0    1    4    3    0    2    0    5    0  
   3    0    0    1    2    0    0    5    4    0  
   0    5    1    0    4    0    0    3    0    2  
   1    0    0    5    0    0    2    0    3    4  
   5    0    1    3    4    0    0    0    2    0  
   0    0    0    2    0    5    0    3    1    4  
   3    0    0    0    2    5    1    4    0    0  
   4    0    0    0    3    0    1    5    0    2  
   4    1    0    0    5    0    0    0    3    2  
   0    3    0    2    0    5    1    4    0    0  
   0    2    1    5    0    4    0    0    0    3  
   4    0    0    5    0    1    0    2    0    3  
   5    0    0    3    0    2    1    4    0    0  
   0    3    5    1    0    2    0    0    4    0  
   2    5    3    0    1    4    0    0    0    0  
   3    5    0    0    0    0    4    0    1    2  
   0    3    0    0    0    5    2    1    0    4  
   1    4    0    0    0    5    2    0    0    3  
   3    2    1    0    0    4    0    0    0    5  
   0    0    4    2    3    0    0    5    1    0  
   0    1    0    0    0    4    2    3    0    5  
   4    5    0    0    0    3    1    0    0    2  
   2    4    0    1    0    0    0    5    0    3  
   0    0    2    1    4    5    3    0    0    0  
   0    3    0    0    4    0    1    5    0    2  
   0    3    5    0    2    0    0    4    1    0  
   0    0    0    0    5    0    2    4    3    1  
   0    5    0    1    0    0    0    3    4    2  
   4    5    0    3    0    2    1    0    0    0  
   0    0    5    0    4    0    3    0    1    2  
   5    0    2    3    4    0    1    0    0    0  
   0    4    0    5    0    1    0    3    0    2  
   0    0    1    0    0    3    0    5    2    4  
   0    0    5    0    2    1    4    0    0    3  
   5    3    2    1    4    0    0    0    0    0  
   5    0    1    0    3    0    0    4    2    0  
   0    3    0    0    5    2    1    4    0    0  
   5    0    4    3    0    2    0    0    1    0  
   4    0    0    0    1    0    2    3    5    0  
   0    0    5    1    2    0    3    0    0    4  
   0    0    4    5    3    0    1    2    0    0  
   2    0    5    1    4    0    0    0    3    0  
   2    0    0    0    1    4    0    5    3    0  
   3    0    5    0    4    2    0    1    0    0  
   0    5    1    0    2    4    3    0    0    0  
   5    0    1    3    0    0    0    0    2    4  
   2    4    0    3    0    1    5    0    0    0  
   0    4    1    5    2    0    0    3    0    0  
   1    0    4    0    0    5    3    0    0    2  
   3    0    0    1    4    2    5    0    0    0  
   3    0    2    0    0    0    0    1    5    4  
   0    2    3    1    0    0    0    4    5    0  
   0    0    5    0    0    3    4    2    0    1  
   0    2    3    1    5    0    0    0    4    0  
   0    3    0    0    1    0    0    2    5    4  
   5    4    0    3    0    2    0    0    1    0  
   0    0    0    3    0    0    2    1    4    5  
   0    2    0    0    4    1    5    3    0    0  
   5    3    0    0    0    0    4    1    2    0  
   1    0    4    3    0    5    0    2    0    0  
   0    0    0    1    2    0    3    5    0    4  
   1    0    3    2    5    0    4    0    0    0  
   2    0    5    0    1    4    3    0    0    0  
   4    0    5    0    0    3    0    0    1    2  
   0    0    3    0    1    0    2    5    0    4  
   2    1    0    0    0    5    0    3    0    4  
   4    3    0    0    2    1    0    0    5    0  
   0    0    0    0    4    2    5    3    1    0  
   0    2    0    4    0    0    0    3    5    1  
   2    0    1    0    0    5    3    0    0    4  
   0    5    0    1    0    2    0    3    4    0  
   5    0    0    4    2    0    0    1    3    0  
   0    1    2    4    0    5    0    0    3    0  
   4    2    0    1    0    0    0    3    0    5  
   0    3    0    4    1    0    2    0    0    5  
   0    2    4    5    0    0    3    0    1    0  
   0    3    2    0    4    0    0    1    0    5  
   3    4    0    1    5    0    2    0    0    0  
   5    2    0    0    3    4    1    0    0    0  
   4    5    3    0    0    0    0    1    2    0  
   0    0    2    3    5    1    0    4    0    0  
   0    0    4    0    3    5    0    2    0    1  
   1    0    0    0    0    2    0    5    4    3  
   3    2    0    0    0    0    5    0    4    1  
   4    0    3    2    0    5    0    0    1    0  
   4    0    3    0    0    5    2    0    0    1  
   0    5    0    1    2    0    0    3    0    4  
   3    1    5    0    0    0    2    4    0    0  
   3    0    4    0    0    0    5    0    2    1  
   3    0    0    1    0    4    0    2    5    0  
   1    0    3    2    0    0    4    5    0    0  
   0    0    3    1    5    0    4    0    0    2  
   4    0    0    0    5    0    2    3    1    0  
   1    0    0    4    2    3    0    0    5    0  
   0    1    0    0    0    2    3    4    0    5  
   0    2    0    0    3    0    0    4    1    5  
   4    0    0    0    0    0    1    2    5    3  
   3    2    0    0    1    0    0    0    4    5  
   5    4    0    3    1    0    0    2    0    0  
   0    5    0    0    2    1    4    0    0    3  
   1    0    0    4    0    0    2    5    0    3  
   0    4    2    0    0    3    0    1    5    0  
   3    0    5    0    0    0    1    2    0    4  
   5    3    1    2    4    0    0    0    0    0  
   0    4    2    1    3    0    5    0    0    0  
   0    0    3    0    0    2    4    5    1    0  
   0    0    2    1    0    5    3    0    4    0  
   5    4    0    0    0    3    0    2    0    1  
   0    0    0    3    1    2    4    5    0    0  
   0    0    4    2    0    5    1    0    0    3  
   0    0    0    4    2    3    5    0    1    0  
   1    5    0    0    4    0    0    2    3    0  
   3    2    0    0    5    1    0    0    4    0  
   3    0    0    1    5    2    4    0    0    0  
   0    0    0    5    3    1    0    2    4    0  
   0    0    0    5    4    0    2    3    0    1  
   5    3    4    0    0    0    2    0    1    0  
   3    0    4    0    1    5    0    0    2    0  
   4    0    0    2    0    3    5    0    0    1  
   4    3    0    5    0    1    0    2    0    0  
   5    3    4    0    0    1    0    2    0    0  
   0    2    0    3    0    4    1    0    0    5  
   0    0    5    2    0    0    4    3    0    1  ] 
RESERVATION PRICES : [    0    0    9   10    8   10   10    0    0    0  
   0    9   11    0    0    9    0    0   11    9  
   0    0   13   12   12    0   16    0   15    0  
  16    0    0   16   17    0    0   18   21    0  
   0   25   24    0   21    0    0   26    0   23  
  27    0    0   24    0    0   23    0   22   24  
  30    0   31   30   36    0    0    0   28    0  
   0    0    0   37    0   37    0   39   30   39  
  33    0    0    0   43   37   40   42    0    0  
  51    0    0    0   47    0   47   52    0   45  
  42   45    0    0   40    0    0    0   47   43  
   0   52    0   55    0   59   46   47    0    0  
   0   57   64   55    0   58    0    0    0   55  
  49    0    0   50    0   56    0   62    0   57  
  68    0    0   69    0   70   60   60    0    0  
   0   71   73   72    0   74    0    0   67    0  
  62   82   74    0   60   76    0    0    0    0  
  87   72    0    0    0    0   75    0   86   83  
   0   68    0    0    0   64   78   66    0   64  
  76   88    0    0    0   71   74    0    0   77  
  85   67   66    0    0   80    0    0    0   78  
   0    0   83   95   86    0    0   87   85    0  
   0  100    0    0    0   87   94   94    0   74  
  76  101    0    0    0  104   75    0    0   76  
  87   82    0  100    0    0    0  107    0   82  
   0    0   79  108  106   86  104    0    0    0  
   0  107    0    0   96    0  101   98    0   93  
   0   93  119    0   88    0    0  107  119    0  
   0    0    0    0  108    0  110  100   92  104  
   0   98    0  119    0    0    0  116  100  112  
 122  120    0  119    0   99  113    0    0    0  
   0    0  102    0  118    0  119    0  126   93  
 115    0  131  126  116    0  130    0    0    0  
   0  135    0  110    0  109    0  111    0  129  
   0    0  145    0    0  104    0  117  140  120  
   0    0  134    0  144  110  114    0    0  131  
 141  116  114  127  132    0    0    0    0    0  
 130    0  110    0  144    0    0  139  139    0  
   0  114    0    0  130  111  137  111    0    0  
 121    0  113  151    0  126    0    0  120    0  
 124    0    0    0  124    0  140  142  160    0  
   0    0  140  148  131    0  139    0    0  146  
   0    0  163  162  155    0  148  124    0    0  
 136    0  164  169  138    0    0    0  162    0  
 145    0    0    0  155  131    0  151  168    0  
 143    0  127    0  159  170    0  173    0    0  
   0  163  145    0  150  175  175    0    0    0  
 136    0  136  176    0    0    0    0  184  176  
 152  186    0  158    0  178  144    0    0    0  
   0  152  155  186  178    0    0  172    0    0  
 185    0  153    0    0  179  174    0    0  169  
 171    0    0  176  184  188  173    0    0    0  
 189    0  189    0    0    0    0  152  183  186  
   0  151  197  186    0    0    0  182  153    0  
   0    0  202    0    0  178  202  170    0  180  
   0  174  160  166  193    0    0    0  203    0  
   0  165    0    0  156    0    0  171  187  163  
 156  163    0  179    0  186    0    0  210    0  
   0    0    0  166    0    0  204  158  184  212  
   0  200    0    0  179  217  201  224    0    0  
 214  177    0    0    0    0  202  217  174    0  
 180    0  176  222    0  169    0  176    0    0  
   0    0    0  221  214    0  177  214    0  172  
 179    0  233  178  227    0  240    0    0    0  
 186    0  239    0  220  182  178    0    0    0  
 212    0  211    0    0  217    0    0  212  244  
   0    0  237    0  247    0  197  200    0  205  
 192  252    0    0    0  239    0  200    0  215  
 212  237    0    0  206  235    0    0  245    0  
   0    0    0    0  228  220  235  241  213    0  
   0  268    0  259    0    0    0  195  205  218  
 268    0  221    0    0  258  203    0    0  266  
   0  219    0  221    0  201    0  229  248    0  
 255    0    0  209  227    0    0  227  204    0  
   0  231  270  270    0  243    0    0  263    0  
 282  248    0  283    0    0    0  250    0  257  
   0  281    0  288  269    0  238    0    0  276  
   0  293  280  272    0    0  220    0  218    0  
   0  291  246    0  279    0    0  269    0  285  
 265  248    0  269  253    0  288    0    0    0  
 279  267    0    0  254  241  254    0    0    0  
 242  294  292    0    0    0    0  225  282    0  
   0    0  229  232  291  231    0  254    0    0  
   0    0  275    0  287  246    0  309    0  244  
 309    0    0    0    0  279    0  236  322  234  
 244  248    0    0    0    0  272    0  240  309  
 331    0  301  318    0  257    0    0  323    0  
 338    0  331    0    0  292  324    0    0  256  
   0  248    0  279  266    0    0  279    0  314  
 267  301  342    0    0    0  282  319    0    0  
 277    0  315    0    0    0  348    0  305  302  
 278    0    0  288    0  281    0  343  287    0  
 301    0  252  262    0    0  303  345    0    0  
   0    0  315  306  317    0  355    0    0  287  
 336    0    0    0  280    0  289  267  343    0  
 283    0    0  340  307  293    0    0  330    0  
   0  334    0    0    0  327  363  305    0  347  
   0  273    0    0  345    0    0  269  335  288  
 370    0    0    0    0    0  340  290  282  292  
 362  293    0    0  379    0    0    0  300  276  
 349  367    0  354  338    0    0  326    0    0  
   0  304    0    0  300  375  332    0    0  374  
 328    0    0  310    0    0  377  290    0  344  
   0  328  381    0    0  329    0  330  306    0  
 388    0  368    0    0    0  339  307    0  402  
 297  386  372  350  383    0    0    0    0    0  
   0  301  306  388  399    0  331    0    0    0  
   0    0  301    0    0  326  323  379  379    0  
   0    0  311  368    0  378  392    0  352    0  
 415  332    0    0    0  318    0  349    0  335  
   0    0    0  384  319  322  375  408    0    0  
   0    0  391  345    0  421  378    0    0  379  
   0    0    0  312  328  335  417    0  360    0  
 395  430    0    0  320    0    0  379  350    0  
 401  409    0    0  418  421    0    0  326    0  
 325    0    0  366  436  346  348    0    0    0  
   0    0    0  366  442  335    0  413  376    0  
   0    0    0  439  356    0  441  403    0  335  
 428  373  421    0    0    0  360    0  369    0  
 441    0  350    0  364  359    0    0  434    0  
 346    0    0  431    0  382  366    0    0  329  
 373  443    0  377    0  420    0  355    0    0  
 403  437  381    0    0  412    0  440    0    0  
   0  441    0  459    0  411  334    0    0  454  
   0    0  441  371    0    0  375  441    0  336  ] 
 ] 
