K : 50
I : 15
C : 10
INSTANCE : 4
PREFERENCES : [    0    5    0    0    3    0    0    0    2    0    1    0    0    4    0  
   0    0    0    1    0    0    3    4    2    0    0    0    5    0    0  
   5    0    0    0    0    0    3    0    1    0    2    0    0    4    0  
   0    4    0    0    2    5    0    0    1    0    0    3    0    0    0  
   0    0    0    0    0    0    0    0    1    4    3    0    2    5    0  
   0    0    0    0    0    2    1    4    5    0    0    0    3    0    0  
   0    0    0    3    0    4    0    5    2    0    0    1    0    0    0  
   0    4    0    0    1    3    0    0    0    5    0    0    2    0    0  
   0    4    0    5    0    0    1    2    0    0    0    0    0    3    0  
   0    0    0    0    0    0    4    0    0    1    0    0    3    5    2  
   0    0    0    0    0    0    1    0    0    4    3    0    5    2    0  
   4    0    0    3    1    0    0    0    0    2    0    0    0    5    0  
   0    0    0    0    0    0    0    1    2    4    0    0    0    3    5  
   0    2    0    0    0    1    5    0    0    0    0    3    0    4    0  
   0    2    0    0    0    0    3    4    0    1    0    0    5    0    0  
   0    3    4    0    0    1    0    0    0    0    5    0    2    0    0  
   4    0    0    2    0    0    0    0    0    0    0    3    1    5    0  
   0    0    0    0    0    0    0    0    2    0    3    1    4    0    5  
   0    5    0    0    0    0    2    0    0    1    0    0    4    0    3  
   0    0    0    0    0    0    3    4    0    0    0    0    2    5    1  
   1    3    0    0    5    0    0    2    0    0    0    0    0    4    0  
   4    0    1    3    0    0    0    0    5    0    2    0    0    0    0  
   5    0    0    0    0    0    0    0    3    4    0    2    0    0    1  
   0    0    0    0    4    3    0    5    2    0    0    0    1    0    0  
   3    0    0    0    5    0    4    0    1    0    0    0    0    2    0  
   0    2    0    0    0    0    0    0    0    4    5    0    1    3    0  
   2    0    0    0    0    0    0    0    0    5    3    4    1    0    0  
   0    0    0    4    2    1    0    0    3    0    5    0    0    0    0  
   0    0    0    0    0    0    3    4    5    0    1    0    2    0    0  
   5    2    0    4    0    0    0    3    0    0    0    0    1    0    0  
   5    0    2    0    4    0    3    0    0    0    0    0    0    1    0  
   0    0    0    2    0    4    3    0    1    0    0    0    0    0    5  
   0    0    0    1    0    4    0    0    3    0    5    0    2    0    0  
   0    3    2    0    4    0    0    0    1    5    0    0    0    0    0  
   0    3    2    1    0    0    0    0    0    5    0    4    0    0    0  
   4    0    0    0    0    0    0    5    0    0    2    0    1    3    0  
   0    2    0    0    0    1    0    0    5    3    0    4    0    0    0  
   0    0    4    0    0    0    0    0    0    0    2    1    0    3    5  
   0    0    0    0    1    0    0    2    4    5    0    0    3    0    0  
   5    0    0    0    0    0    0    4    0    2    1    0    0    3    0  
   0    0    2    1    5    0    3    0    0    0    0    0    0    4    0  
   2    0    0    0    0    0    3    0    1    0    4    5    0    0    0  
   0    5    0    3    0    4    0    0    2    0    0    0    1    0    0  
   5    0    0    0    4    0    0    1    0    0    2    3    0    0    0  
   0    0    3    2    1    0    0    0    0    0    5    4    0    0    0  
   0    2    0    1    0    0    0    5    0    0    3    4    0    0    0  
   1    0    5    0    4    0    2    0    3    0    0    0    0    0    0  
   3    0    0    0    0    0    0    4    5    1    0    0    2    0    0  
   2    4    0    3    0    0    1    5    0    0    0    0    0    0    0  
   0    0    0    2    5    0    4    1    0    0    3    0    0    0    0  ] 
RESERVATION PRICES : [    0    9    0    0    9    0    0    0   10    0    8    0    0    9    0  
   0    0    0   10    0    0    9    9    9    0    0    0    9    0    0  
   9    0    0    0    0    0    9    0   10    0   10    0    0   10    0  
   0   15    0    0   13   12    0    0   15    0    0   15    0    0    0  
   0    0    0    0    0    0    0    0   19   17   19    0   19   17    0  
   0    0    0    0    0   23   24   26   22    0    0    0   21    0    0  
   0    0    0   31    0   25    0   26   29    0    0   24    0    0    0  
   0   31    0    0   29   29    0    0    0   30    0    0   28    0    0  
   0   34    0   37    0    0   40   31    0    0    0    0    0   41    0  
   0    0    0    0    0    0   41    0    0   37    0    0   42   44   34  
   0    0    0    0    0    0   48    0    0   43   47    0   46   47    0  
  51    0    0   39   53    0    0    0    0   46    0    0    0   44    0  
   0    0    0    0    0    0    0   52   50   55    0    0    0   59   47  
   0   47    0    0    0   62   47    0    0    0    0   63    0   55    0  
   0   66    0    0    0    0   60   65    0   51    0    0   59    0    0  
   0   70   63    0    0   68    0    0    0    0   59    0   67    0    0  
  67    0    0   54    0    0    0    0    0    0    0   57   63   57    0  
   0    0    0    0    0    0    0    0   63    0   70   55   57    0   58  
   0   56    0    0    0    0   55    0    0   60    0    0   72    0   67  
   0    0    0    0    0    0   74   62    0    0    0    0   63   78   75  
  85   79    0    0   73    0    0   65    0    0    0    0    0   84    0  
  77    0   88   86    0    0    0    0   70    0   88    0    0    0    0  
  88    0    0    0    0    0    0    0   86   72    0   90    0    0   89  
   0    0    0    0   91   83    0   93   84    0    0    0   92    0    0  
  84    0    0    0   87    0   99    0   81    0    0    0    0   96    0  
   0   86    0    0    0    0    0    0    0   95   93    0   85  100    0  
  99    0    0    0    0    0    0    0    0   79   87   97   84    0    0  
   0    0    0   93  110   91    0    0   92    0   86    0    0    0    0  
   0    0    0    0    0    0   93   93  103    0  107    0  117    0    0  
 113   87    0  113    0    0    0  103    0    0    0    0   90    0    0  
 108    0  117    0  110    0  103    0    0    0    0    0    0  108    0  
   0    0    0  121    0  101  109    0  118    0    0    0    0    0  100  
   0    0    0   94    0  121    0    0  111    0  103    0  123    0    0  
   0  122  123    0  129    0    0    0  103  124    0    0    0    0    0  
   0  131  117  124    0    0    0    0    0  101    0  128    0    0    0  
 114    0    0    0    0    0    0  140    0    0  128    0  120  130    0  
   0  101    0    0    0  130    0    0  138  121    0  102    0    0    0  
   0    0  117    0    0    0    0    0    0    0  119  142    0  143  123  
   0    0    0    0  134    0    0  104  118  135    0    0  123    0    0  
 108    0    0    0    0    0    0  146    0  121  111    0    0  112    0  
   0    0  141  138  115    0  126    0    0    0    0    0    0  137    0  
 122    0    0    0    0    0  132    0  133    0  146  127    0    0    0  
   0  131    0  159    0  125    0    0  153    0    0    0  147    0    0  
 146    0    0    0  145    0    0  153    0    0  123  123    0    0    0  
   0    0  129  170  137    0    0    0    0    0  150  150    0    0    0  
   0  143    0  132    0    0    0  167    0    0  162  171    0    0    0  
 178    0  136    0  163    0  156    0  163    0    0    0    0    0    0  
 174    0    0    0    0    0    0  173  157  138    0    0  155    0    0  
 175  156    0  146    0    0  173  159    0    0    0    0    0    0    0  
   0    0    0  166  157    0  145  159    0    0  170    0    0    0    0  ] 
 ] 
