K : 100
I : 15
C : 20
INSTANCE : 4
PREFERENCES : [    0    0    0    1    4    0    0    5    0    0    2    3    0    0    0  
   2    4    3    0    0    5    0    0    0    1    0    0    0    0    0  
   0    0    0    0    0    0    0    0    2    1    0    5    3    4    0  
   0    0    0    0    2    0    0    5    0    4    3    0    0    1    0  
   2    0    0    0    0    4    5    0    1    0    0    0    0    0    3  
   1    0    0    0    2    0    4    3    0    5    0    0    0    0    0  
   0    0    0    0    0    0    3    0    0    0    1    4    2    0    5  
   3    0    0    5    4    0    0    0    0    1    0    0    2    0    0  
   0    0    0    5    0    0    3    0    2    0    0    1    0    4    0  
   1    0    0    0    0    0    0    0    0    0    5    3    4    2    0  
   0    0    0    0    2    1    5    0    0    3    0    0    0    0    4  
   3    0    4    0    0    0    0    0    0    0    0    0    1    2    5  
   0    0    0    0    5    3    0    0    0    0    1    2    0    4    0  
   0    2    0    3    0    0    0    0    4    0    0    0    5    1    0  
   0    3    0    0    2    0    5    0    0    1    0    0    4    0    0  
   0    0    5    1    0    0    2    0    0    0    4    0    3    0    0  
   0    0    0    0    0    1    2    0    0    0    3    5    0    0    4  
   0    0    3    0    0    1    5    0    0    0    4    2    0    0    0  
   2    0    0    5    4    0    0    0    0    1    0    0    3    0    0  
   5    1    0    0    0    0    0    0    0    0    3    0    4    2    0  
   0    2    3    0    0    0    0    0    4    0    0    0    5    0    1  
   1    5    0    0    0    0    0    0    0    2    0    3    0    0    4  
   0    3    0    5    1    0    2    0    0    0    0    0    0    0    4  
   0    2    0    1    0    0    3    0    5    0    4    0    0    0    0  
   0    0    0    0    0    0    0    2    0    3    5    4    0    0    1  
   0    1    0    3    0    0    0    0    5    0    4    0    0    2    0  
   0    0    0    0    0    0    0    3    2    0    1    5    0    4    0  
   0    0    5    0    1    4    0    0    2    3    0    0    0    0    0  
   0    0    0    0    0    0    0    1    5    0    3    0    4    0    2  
   2    0    0    5    0    0    3    0    1    0    0    0    4    0    0  
   0    4    5    0    0    1    0    3    0    2    0    0    0    0    0  
   5    0    0    0    0    1    0    0    0    0    2    4    0    0    3  
   0    0    0    2    4    0    0    5    0    0    0    0    3    0    1  
   0    2    0    0    1    0    0    3    0    0    0    0    5    4    0  
   0    1    3    0    0    5    0    0    0    0    0    0    2    0    4  
   0    0    1    0    0    3    2    0    0    0    5    0    0    4    0  
   0    4    0    0    1    0    2    0    0    0    5    0    0    3    0  
   4    3    0    0    0    1    0    0    5    0    0    2    0    0    0  
   0    0    1    4    3    0    0    0    0    0    0    5    0    0    2  
   5    0    0    0    0    2    0    3    0    0    1    0    0    0    4  
   0    0    3    2    0    0    1    0    0    0    5    4    0    0    0  
   0    5    1    3    4    0    0    2    0    0    0    0    0    0    0  
   0    0    0    5    0    0    4    0    0    2    3    0    0    0    1  
   0    4    0    2    0    0    0    1    5    0    0    0    3    0    0  
   0    0    0    0    0    3    0    0    5    0    4    1    0    0    2  
   3    0    0    2    0    1    0    0    4    0    0    0    0    0    5  
   0    5    4    0    0    0    2    0    3    0    1    0    0    0    0  
   0    2    0    0    0    5    0    3    0    0    4    1    0    0    0  
   0    1    4    0    0    0    2    0    0    0    0    0    5    0    3  
   2    0    0    0    0    0    0    0    0    0    0    3    4    5    1  
   5    0    0    0    0    2    1    0    0    0    0    3    0    0    4  
   0    1    0    0    0    0    3    0    0    2    0    0    5    0    4  
   0    0    0    0    0    2    3    0    1    0    5    0    0    4    0  
   1    3    0    5    2    0    0    0    0    0    0    4    0    0    0  
   1    0    0    3    5    0    4    0    2    0    0    0    0    0    0  
   0    0    0    0    4    5    0    0    0    2    0    3    0    0    1  
   1    0    0    0    0    3    0    0    0    4    0    5    0    2    0  
   0    0    0    2    0    0    1    0    0    5    4    0    0    3    0  
   0    1    2    0    0    0    5    0    0    0    0    0    4    3    0  
   0    5    0    2    0    4    1    0    3    0    0    0    0    0    0  
   0    0    0    0    3    0    0    0    1    0    0    4    2    5    0  
   5    0    1    0    3    0    0    2    0    0    0    0    0    4    0  
   0    3    5    0    1    0    4    0    0    0    0    0    0    0    2  
   0    0    4    1    0    0    2    0    0    0    3    0    0    5    0  
   3    0    0    0    0    0    5    2    0    0    1    0    0    4    0  
   0    0    0    0    5    2    1    3    0    0    0    0    4    0    0  
   0    0    0    0    0    0    4    0    3    2    0    0    5    0    1  
   0    3    0    5    0    0    0    0    2    0    1    0    4    0    0  
   0    0    0    1    5    2    0    4    0    0    0    0    0    3    0  
   0    1    0    0    0    0    0    5    0    2    0    0    3    0    4  
   0    3    5    0    1    0    0    2    0    4    0    0    0    0    0  
   5    0    4    0    0    3    0    0    1    2    0    0    0    0    0  
   0    0    0    0    0    1    2    3    4    0    5    0    0    0    0  
   0    0    0    5    2    0    0    0    4    0    0    0    3    0    1  
   0    0    0    3    0    0    0    0    2    1    5    0    4    0    0  
   0    0    5    0    2    0    0    3    0    1    0    4    0    0    0  
   0    3    4    5    0    0    0    0    1    0    0    2    0    0    0  
   1    4    0    0    0    0    0    5    3    2    0    0    0    0    0  
   2    4    0    0    0    1    0    0    0    0    5    0    3    0    0  
   0    5    0    0    0    0    2    0    1    0    0    0    4    0    3  
   1    0    0    0    0    0    0    3    0    2    0    5    0    4    0  
   0    4    0    0    3    0    0    2    0    0    5    1    0    0    0  
   2    0    4    0    0    5    1    0    0    0    0    0    3    0    0  
   2    0    0    0    0    5    0    0    0    0    0    4    0    1    3  
   0    0    0    0    5    0    0    1    0    0    0    3    2    0    4  
   3    1    2    0    0    0    0    0    0    0    0    0    0    5    4  
   0    0    0    0    0    0    0    3    5    2    0    4    0    0    1  
   0    5    0    0    0    3    0    0    0    0    0    4    0    1    2  
   0    0    0    0    0    0    3    4    0    2    0    0    1    0    5  
   0    0    3    0    5    0    0    0    0    0    2    1    0    0    4  
   0    0    4    0    0    0    2    3    1    0    0    5    0    0    0  
   0    0    0    0    0    0    0    0    1    0    3    2    5    0    4  
   0    0    0    3    5    4    0    0    0    1    0    0    0    0    2  
   4    0    0    0    3    0    0    2    5    0    1    0    0    0    0  
   0    0    0    1    0    5    2    4    0    0    0    0    3    0    0  
   5    0    0    0    1    0    4    2    0    0    0    0    3    0    0  
   0    4    0    0    0    0    0    5    3    0    2    0    0    0    1  
   0    5    3    0    0    0    1    0    0    4    0    0    0    0    2  
   0    0    0    3    4    0    1    0    0    0    0    2    0    0    5  
   0    0    3    0    1    0    0    4    5    0    0    0    2    0    0  ] 
RESERVATION PRICES : [    0    0    0    6    7    0    0    6    0    0    7    7    0    0    0  
  13   13   11    0    0   12    0    0    0   13    0    0    0    0    0  
   0    0    0    0    0    0    0    0   13   17    0   15   17   15    0  
   0    0    0    0   18    0    0   17    0   20   17    0    0   17    0  
  25    0    0    0    0   25   24    0   21    0    0    0    0    0   26  
  24    0    0    0   33    0   33   25    0   27    0    0    0    0    0  
   0    0    0    0    0    0   34    0    0    0   29   31   29    0   25  
  33    0    0   35   36    0    0    0    0   30    0    0   29    0    0  
   0    0    0   35    0    0   45    0   33    0    0   38    0   40    0  
  43    0    0    0    0    0    0    0    0    0   49   38   45   44    0  
   0    0    0    0   53   53   47    0    0   49    0    0    0    0   49  
  47    0   42    0    0    0    0    0    0    0    0    0   46   48   46  
   0    0    0    0   51   49    0    0    0    0   50   44    0   45    0  
   0   63    0   60    0    0    0    0   61    0    0    0   54   62    0  
   0   59    0    0   53    0   62    0    0   55    0    0   53    0    0  
   0    0   55   69    0    0   74    0    0    0   54    0   67    0    0  
   0    0    0    0    0   74   67    0    0    0   58   54    0    0   60  
   0    0   64    0    0   61   58    0    0    0   74   62    0    0    0  
  71    0    0   75   73    0    0    0    0   63    0    0   60    0    0  
  76   69    0    0    0    0    0    0    0    0   80    0   80   69    0  
   0   82   82    0    0    0    0    0   68    0    0    0   79    0   70  
  84   76    0    0    0    0    0    0    0   75    0   77    0    0   63  
   0   87    0   89   73    0   91    0    0    0    0    0    0    0   83  
   0   90    0   73    0    0   82    0   82    0   86    0    0    0    0  
   0    0    0    0    0    0    0   92    0   99   95   94    0    0   84  
   0   92    0   91    0    0    0    0   77    0   97    0    0   90    0  
   0    0    0    0    0    0    0  101   91    0  102   95    0  102    0  
   0    0  101    0   93   82    0    0   93   89    0    0    0    0    0  
   0    0    0    0    0    0    0   89  104    0   88    0   84    0   91  
 117    0    0  117    0    0  115    0  113    0    0    0  102    0    0  
   0  112  124    0    0   95    0   91    0  101    0    0    0    0    0  
 109    0    0    0    0  118    0    0    0    0  115   97    0    0  102  
   0    0    0  123  124    0    0  110    0    0    0    0  119    0   99  
   0  131    0    0  108    0    0  138    0    0    0    0  101  120    0  
   0  114  138    0    0  126    0    0    0    0    0    0  131    0  111  
   0    0  130    0    0  106  122    0    0    0  118    0    0  141    0  
   0  145    0    0  124    0  140    0    0    0  125    0    0  109    0  
 121  110    0    0    0  147    0    0  125    0    0  136    0    0    0  
   0    0  142  148  136    0    0    0    0    0    0  130    0    0  141  
 135    0    0    0    0  120    0  137    0    0  127    0    0    0  157  
   0    0  145  155    0    0  139    0    0    0  149  140    0    0    0  
   0  155  161  132  123    0    0  156    0    0    0    0    0    0    0  
   0    0    0  125    0    0  167    0    0  134  162    0    0    0  144  
   0  148    0  145    0    0    0  144  148    0    0    0  129    0    0  
   0    0    0    0    0  134    0    0  146    0  165  129    0    0  152  
 134    0    0  172    0  130    0    0  150    0    0    0    0    0  165  
   0  146  151    0    0    0  131    0  168    0  173    0    0    0    0  
   0  147    0    0    0  148    0  148    0    0  160  139    0    0    0  
   0  177  148    0    0    0  151    0    0    0    0    0  158    0  173  
 163    0    0    0    0    0    0    0    0    0    0  174  146  175  173  
 183    0    0    0    0  151  154    0    0    0    0  189    0    0  174  
   0  150    0    0    0    0  149    0    0  199    0    0  160    0  155  
   0    0    0    0    0  172  170    0  187    0  179    0    0  147    0  
 190  168    0  199  160    0    0    0    0    0    0  178    0    0    0  
 163    0    0  180  156    0  199    0  210    0    0    0    0    0    0  
   0    0    0    0  208  189    0    0    0  166    0  171    0    0  171  
 174    0    0    0    0  186    0    0    0  183    0  168    0  164    0  
   0    0    0  185    0    0  181    0    0  165  198    0    0  178    0  
   0  180  170    0    0    0  225    0    0    0    0    0  192  168    0  
   0  219    0  215    0  208  218    0  210    0    0    0    0    0    0  
   0    0    0    0  232    0    0    0  201    0    0  211  203  223    0  
 178    0  205    0  226    0    0  224    0    0    0    0    0  200    0  
   0  204  211    0  190    0  211    0    0    0    0    0    0    0  216  
   0    0  179  227    0    0  184    0    0    0  184    0    0  228    0  
 223    0    0    0    0    0  201  203    0    0  218    0    0  220    0  
   0    0    0    0  202  204  213  199    0    0    0    0  191    0    0  
   0    0    0    0    0    0  213    0  208  218    0    0  232    0  241  
   0  193    0  256    0    0    0    0  228    0  189    0  192    0    0  
   0    0    0  201  232  213    0  246    0    0    0    0    0  215    0  
   0  237    0    0    0    0    0  269    0  214    0    0  215    0  211  
   0  252  224    0  276    0    0  228    0  245    0    0    0    0    0  
 242    0  235    0    0  226    0    0  205  247    0    0    0    0    0  
   0    0    0    0    0  228  236  203  234    0  226    0    0    0    0  
   0    0    0  257  219    0    0    0  282    0    0    0  270    0  223  
   0    0    0  285    0    0    0    0  245  231  224    0  224    0    0  
   0    0  227    0  272    0    0  266    0  213    0  250    0    0    0  
   0  290  257  294    0    0    0    0  249    0    0  269    0    0    0  
 279  224    0    0    0    0    0  280  221  253    0    0    0    0    0  
 290  274    0    0    0  238    0    0    0    0  240    0  282    0    0  
   0  240    0    0    0    0  237    0  261    0    0    0  251    0  216  
 296    0    0    0    0    0    0  277    0  228    0  271    0  217    0  
   0  306    0    0  294    0    0  228    0    0  233  289    0    0    0  
 272    0  221    0    0  235  235    0    0    0    0    0  290    0    0  
 226    0    0    0    0  287    0    0    0    0    0  265    0  249  226  
   0    0    0    0  251    0    0  313    0    0    0  298  231    0  246  
 257  267  274    0    0    0    0    0    0    0    0    0    0  238  270  
   0    0    0    0    0    0    0  279  308  279    0  308    0    0  277  
   0  302    0    0    0  297    0    0    0    0    0  308    0  310  268  
   0    0    0    0    0    0  285  263    0  329    0    0  303    0  310  
   0    0  310    0  308    0    0    0    0    0  268  328    0    0  267  
   0    0  314    0    0    0  287  257  293    0    0  271    0    0    0  
   0    0    0    0    0    0    0    0  271    0  258  299  295    0  291  
   0    0    0  280  260  290    0    0    0  259    0    0    0    0  324  
 299    0    0    0  290    0    0  320  256    0  333    0    0    0    0  
   0    0    0  280    0  286  357  359    0    0    0    0  290    0    0  
 267    0    0    0  324    0  283  350    0    0    0    0  287    0    0  
   0  299    0    0    0    0    0  290  348    0  324    0    0    0  348  
   0  371  297    0    0    0  306    0    0  308    0    0    0    0  332  
   0    0    0  363  311    0  358    0    0    0    0  340    0    0  364  
   0    0  300    0  330    0    0  306  354    0    0    0  327    0    0  ] 
 ] 
