K : 100
I : 15
C : 16
INSTANCE : 5
PREFERENCES : [    0    0    0    0    0    0    0    0    2    5    3    0    0    4    1  
   0    1    0    4    0    0    0    0    0    0    0    5    0    3    2  
   0    0    0    5    3    4    0    0    0    0    0    2    0    0    1  
   0    0    5    0    0    0    0    3    0    0    0    2    0    4    1  
   0    0    0    0    0    0    5    3    0    0    4    0    0    2    1  
   0    0    0    0    4    2    0    0    0    0    3    1    5    0    0  
   0    5    0    0    0    1    0    0    0    0    0    2    0    4    3  
   0    0    5    0    1    0    4    2    0    0    0    0    0    3    0  
   0    0    4    0    5    2    0    0    0    0    0    0    0    1    3  
   0    4    3    0    0    0    0    0    0    5    2    0    0    0    1  
   0    0    5    0    0    0    3    4    0    0    1    2    0    0    0  
   0    0    0    3    0    1    0    0    5    0    4    0    2    0    0  
   5    0    0    0    0    0    1    0    3    4    0    0    0    2    0  
   0    0    2    0    5    1    0    0    3    0    0    0    0    4    0  
   0    0    2    1    4    5    3    0    0    0    0    0    0    0    0  
   0    0    1    0    0    0    0    4    3    0    0    0    2    0    5  
   5    1    0    0    0    0    0    4    3    2    0    0    0    0    0  
   3    1    4    2    0    5    0    0    0    0    0    0    0    0    0  
   0    0    1    4    0    0    0    0    0    0    2    5    0    3    0  
   0    0    0    4    0    0    3    0    0    5    0    2    1    0    0  
   0    0    0    3    5    1    2    0    0    0    0    0    0    0    4  
   4    1    0    0    0    0    0    5    0    0    0    3    0    0    2  
   0    4    1    0    0    2    5    0    0    3    0    0    0    0    0  
   0    3    0    0    0    5    0    0    4    0    1    0    0    2    0  
   0    1    0    2    0    0    5    0    4    3    0    0    0    0    0  
   2    4    0    0    0    5    0    0    0    0    3    1    0    0    0  
   0    0    3    0    2    0    0    5    0    0    0    0    4    0    1  
   0    0    0    0    5    0    1    0    0    0    0    3    2    4    0  
   0    3    0    0    2    0    4    0    0    0    0    0    0    5    1  
   0    0    0    2    5    0    0    0    4    0    1    0    0    3    0  
   0    4    0    1    0    0    0    0    0    0    3    2    0    0    5  
   0    3    0    0    4    0    5    0    0    0    0    0    1    2    0  
   0    0    0    1    2    0    0    4    0    0    5    0    0    3    0  
   0    2    4    0    0    0    5    0    0    0    0    0    1    0    3  
   4    0    0    0    0    0    0    3    0    1    5    2    0    0    0  
   0    0    1    0    0    2    5    0    0    3    0    0    0    0    4  
   0    0    0    3    1    5    0    0    0    2    4    0    0    0    0  
   4    0    0    0    2    5    0    0    3    0    0    1    0    0    0  
   0    0    5    0    0    0    4    0    1    0    0    3    2    0    0  
   0    0    0    0    0    1    0    0    0    5    3    0    4    2    0  
   0    1    0    0    3    0    0    0    4    0    0    0    5    2    0  
   0    5    0    3    1    0    0    2    4    0    0    0    0    0    0  
   0    0    0    3    5    0    0    0    0    0    1    0    0    4    2  
   0    0    3    5    2    0    0    0    0    0    1    0    0    0    4  
   0    0    0    0    0    1    4    2    5    0    0    3    0    0    0  
   0    0    0    5    3    0    0    0    0    4    1    0    0    0    2  
   0    0    0    0    1    0    0    0    5    2    3    0    0    0    4  
   0    3    0    5    0    0    0    0    2    0    0    0    4    0    1  
   1    0    4    2    0    3    0    0    0    0    5    0    0    0    0  
   0    0    0    0    0    2    0    0    5    0    0    1    0    3    4  
   0    3    0    0    0    5    0    1    2    0    4    0    0    0    0  
   0    0    0    4    0    0    1    0    0    0    0    5    0    2    3  
   1    0    0    0    0    0    4    0    0    0    0    0    3    2    5  
   0    1    0    0    0    3    5    0    0    4    0    0    2    0    0  
   3    0    0    0    0    5    1    4    0    2    0    0    0    0    0  
   0    0    0    4    1    5    0    3    2    0    0    0    0    0    0  
   0    1    0    0    0    5    0    3    4    0    0    0    0    0    2  
   3    0    0    1    0    4    5    0    0    0    0    0    0    2    0  
   0    0    0    1    0    2    0    0    5    4    0    0    0    0    3  
   5    0    0    3    0    0    0    0    1    2    4    0    0    0    0  
   0    2    3    0    4    0    1    0    0    5    0    0    0    0    0  
   0    0    5    0    0    4    0    0    2    3    0    0    1    0    0  
   5    0    0    3    0    0    4    2    0    0    0    1    0    0    0  
   0    0    0    0    0    0    5    0    3    0    4    0    2    1    0  
   4    1    0    0    5    0    0    3    0    2    0    0    0    0    0  
   1    4    0    3    0    0    0    0    0    0    2    0    0    5    0  
   0    0    0    0    0    0    0    4    0    3    5    0    1    2    0  
   0    3    0    0    5    0    0    1    0    4    0    0    0    2    0  
   1    0    0    0    0    0    0    0    3    4    2    0    0    5    0  
   2    0    0    1    0    3    0    0    4    0    0    0    0    0    5  
   2    0    0    0    1    5    0    0    0    0    0    0    4    3    0  
   0    0    0    0    5    0    2    0    0    3    4    1    0    0    0  
   5    2    0    0    0    0    0    0    3    0    0    0    1    4    0  
   0    0    0    5    1    0    0    0    4    3    0    0    0    0    2  
   0    0    0    0    4    2    0    3    1    0    5    0    0    0    0  
   5    4    0    0    2    0    1    0    0    0    0    0    0    0    3  
   0    0    0    0    5    1    0    0    4    0    0    3    2    0    0  
   4    0    0    0    3    0    1    5    0    0    2    0    0    0    0  
   0    0    0    0    2    0    0    0    0    4    3    0    0    5    1  
   0    3    4    5    0    0    2    0    0    1    0    0    0    0    0  
   4    0    1    0    5    0    0    0    2    0    0    0    3    0    0  
   0    3    0    5    0    2    4    0    0    0    0    1    0    0    0  
   0    5    0    1    0    0    0    0    2    0    0    0    3    0    4  
   0    0    0    5    4    0    3    0    0    2    0    0    0    0    1  
   3    0    0    5    1    4    2    0    0    0    0    0    0    0    0  
   5    4    0    0    0    0    0    0    1    2    0    0    0    3    0  
   0    0    2    1    0    0    0    0    3    0    0    0    0    4    5  
   0    5    0    0    0    0    3    2    0    0    0    0    0    1    4  
   0    5    0    0    0    0    3    0    0    0    0    4    2    0    1  
   0    0    0    1    0    4    3    0    0    5    0    0    0    2    0  
   0    2    5    0    3    0    1    0    0    0    0    4    0    0    0  
   3    0    1    4    0    0    0    2    0    0    0    0    0    0    5  
   0    0    0    2    0    0    0    0    3    0    5    0    0    1    4  
   1    0    0    0    0    0    0    2    4    3    0    5    0    0    0  
   0    1    0    0    4    0    0    5    0    0    0    2    0    0    3  
   0    0    1    0    5    0    2    0    3    0    0    0    0    4    0  
   0    3    1    0    0    0    0    0    0    0    0    4    0    5    2  
   0    2    0    0    0    0    0    4    0    5    1    3    0    0    0  
   0    1    0    0    0    3    4    2    5    0    0    0    0    0    0  
   0    5    3    0    0    0    0    1    0    0    2    0    4    0    0  ] 
RESERVATION PRICES : [    0    0    0    0    0    0    0    0    7    6    7    0    0    7    7  
   0   11    0   10    0    0    0    0    0    0    0   11    0   11    9  
   0    0    0   16   15   17    0    0    0    0    0   15    0    0   15  
   0    0   16    0    0    0    0   20    0    0    0   18    0   18   16  
   0    0    0    0    0    0   16   16    0    0   15    0    0   18   16  
   0    0    0    0   22   22    0    0    0    0   22   23   25    0    0  
   0   23    0    0    0   22    0    0    0    0    0   26    0   21   20  
   0    0   30    0   32    0   30   24    0    0    0    0    0   29    0  
   0    0   35    0   32   35    0    0    0    0    0    0    0   28   29  
   0   34   41    0    0    0    0    0    0   39   42    0    0    0   40  
   0    0   40    0    0    0   39   36    0    0   37   34    0    0    0  
   0    0    0   38    0   42    0    0   40    0   39    0   42    0    0  
  42    0    0    0    0    0   53    0   55   42    0    0    0   45    0  
   0    0   56    0   54   43    0    0   57    0    0    0    0   45    0  
   0    0   48   56   53   46   56    0    0    0    0    0    0    0    0  
   0    0   52    0    0    0    0   67   51    0    0    0   68    0   68  
  73   62    0    0    0    0    0   69   66   60    0    0    0    0    0  
  76   74   69   69    0   58    0    0    0    0    0    0    0    0    0  
   0    0   70   64    0    0    0    0    0    0   70   63    0   58    0  
   0    0    0   62    0    0   72    0    0   62    0   75   69    0    0  
   0    0    0   79   67   75   74    0    0    0    0    0    0    0   70  
  86   83    0    0    0    0    0   78    0    0    0   84    0    0   75  
   0   90   90    0    0   68   80    0    0   77    0    0    0    0    0  
   0   75    0    0    0   96    0    0   71    0   80    0    0   76    0  
   0   83    0   95    0    0   92    0   80   97    0    0    0    0    0  
 101   78    0    0    0  101    0    0    0    0  100   99    0    0    0  
   0    0  101    0   76    0    0   85    0    0    0    0   98    0   83  
   0    0    0    0   83    0  109    0    0    0    0  104   80   95    0  
   0  108    0    0   97    0  109    0    0    0    0    0    0   85   97  
   0    0    0  111   91    0    0    0  100    0   92    0    0   97    0  
   0  103    0  114    0    0    0    0    0    0  105   97    0    0   94  
   0   95    0    0  100    0  118    0    0    0    0    0  109  122    0  
   0    0    0  101   99    0    0  119    0    0  106    0    0  118    0  
   0  107   95    0    0    0  106    0    0    0    0    0  122    0  120  
 116    0    0    0    0    0    0  130    0  118  110  121    0    0    0  
   0    0  124    0    0  111  127    0    0  119    0    0    0    0  133  
   0    0    0  139  125  141    0    0    0  108  107    0    0    0    0  
 138    0    0    0  148  147    0    0  147    0    0  142    0    0    0  
   0    0  145    0    0    0  143    0  144    0    0  153  138    0    0  
   0    0    0    0    0  131    0    0    0  127  119    0  125  145    0  
   0  124    0    0  154    0    0    0  163    0    0    0  137  153    0  
   0  151    0  132  140    0    0  135  155    0    0    0    0    0    0  
   0    0    0  157  163    0    0    0    0    0  134    0    0  153  153  
   0    0  139  135  147    0    0    0    0    0  157    0    0    0  168  
   0    0    0    0    0  155  172  175  177    0    0  132    0    0    0  
   0    0    0  133  147    0    0    0    0  171  172    0    0    0  159  
   0    0    0    0  156    0    0    0  139  174  144    0    0    0  181  
   0  147    0  187    0    0    0    0  147    0    0    0  139    0  142  
 149    0  149  153    0  185    0    0    0    0  139    0    0    0    0  
   0    0    0    0    0  174    0    0  165    0    0  156    0  191  174  
   0  187    0    0    0  151    0  181  147    0  194    0    0    0    0  
   0    0    0  201    0    0  205    0    0    0    0  175    0  161  196  
 159    0    0    0    0    0  193    0    0    0    0    0  169  201  203  
   0  200    0    0    0  216  172    0    0  187    0    0  209    0    0  
 174    0    0    0    0  205  221  220    0  191    0    0    0    0    0  
   0    0    0  185  182  167    0  166  164    0    0    0    0    0    0  
   0  181    0    0    0  208    0  179  190    0    0    0    0    0  188  
 192    0    0  219    0  179  187    0    0    0    0    0    0  218    0  
   0    0    0  181    0  212    0    0  189  211    0    0    0    0  181  
 212    0    0  196    0    0    0    0  231  209  223    0    0    0    0  
   0  191  201    0  219    0  240    0    0  192    0    0    0    0    0  
   0    0  227    0    0  236    0    0  225  201    0    0  211    0    0  
 243    0    0  200    0    0  232  219    0    0    0  212    0    0    0  
   0    0    0    0    0    0  232    0  207    0  217    0  243  190    0  
 230  221    0    0  211    0    0  197    0  194    0    0    0    0    0  
 218  250    0  190    0    0    0    0    0    0  204    0    0  202    0  
   0    0    0    0    0    0    0  241    0  193  194    0  247  245    0  
   0  193    0    0  195    0    0  225    0  210    0    0    0  254    0  
 196    0    0    0    0    0    0    0  264  235  211    0    0  260    0  
 266    0    0  216    0  267    0    0  249    0    0    0    0    0  264  
 212    0    0    0  224  238    0    0    0    0    0    0  238  235    0  
   0    0    0    0  280    0  274    0    0  269  207  281    0    0    0  
 248  251    0    0    0    0    0    0  207    0    0    0  232  245    0  
   0    0    0  229  281    0    0    0  224  243    0    0    0    0  285  
   0    0    0    0  236  262    0  286  220    0  280    0    0    0    0  
 217  235    0    0  291    0  295    0    0    0    0    0    0    0  259  
   0    0    0    0  226  227    0    0  236    0    0  276  250    0    0  
 299    0    0    0  221    0  302  224    0    0  265    0    0    0    0  
   0    0    0    0  220    0    0    0    0  256  218    0    0  222  235  
   0  223  221  262    0    0  253    0    0  296    0    0    0    0    0  
 283    0  231    0  294    0    0    0  286    0    0    0  229    0    0  
   0  287    0  316    0  301  268    0    0    0    0  305    0    0    0  
   0  290    0  320    0    0    0    0  262    0    0    0  268    0  241  
   0    0    0  294  323    0  287    0    0  290    0    0    0    0  262  
 316    0    0  260  290  311  258    0    0    0    0    0    0    0    0  
 298  271    0    0    0    0    0    0  257  274    0    0    0  262    0  
   0    0  298  299    0    0    0    0  322    0    0    0    0  285  297  
   0  318    0    0    0    0  290  257    0    0    0    0    0  271  267  
   0  291    0    0    0    0  262    0    0    0    0  321  297    0  244  
   0    0    0  277    0  246  245    0    0  281    0    0    0  243    0  
   0  341  295    0  319    0  344    0    0    0    0  257    0    0    0  
 272    0  321  252    0    0    0  335    0    0    0    0    0    0  342  
   0    0    0  342    0    0    0    0  322    0  311    0    0  285  283  
 352    0    0    0    0    0    0  310  279  332    0  276    0    0    0  
   0  340    0    0  284    0    0  331    0    0    0  284    0    0  256  
   0    0  266    0  276    0  326    0  317    0    0    0    0  311    0  
   0  316  303    0    0    0    0    0    0    0    0  329    0  295  307  
   0  278    0    0    0    0    0  307    0  358  329  274    0    0    0  
   0  362    0    0    0  349  364  301  340    0    0    0    0    0    0  
   0  368  292    0    0    0    0  331    0    0  335    0  286    0    0  ] 
 ] 
