K : 50
I : 5
C : 8
INSTANCE : 5
PREFERENCES : [    2    3    0    0    1  
   2    0    0    3    1  
   0    2    3    0    1  
   0    1    2    0    3  
   1    0    3    0    2  
   1    0    0    2    3  
   2    0    0    1    3  
   2    1    0    0    3  
   0    1    2    0    3  
   0    3    1    0    2  
   1    3    0    2    0  
   1    3    0    2    0  
   2    0    1    3    0  
   3    1    0    2    0  
   1    3    0    2    0  
   0    0    2    1    3  
   1    0    2    0    3  
   3    0    1    2    0  
   2    1    3    0    0  
   0    1    0    2    3  
   3    0    1    0    2  
   3    2    1    0    0  
   3    0    2    0    1  
   2    0    1    3    0  
   1    3    0    2    0  
   0    1    3    2    0  
   1    3    0    0    2  
   3    1    2    0    0  
   0    1    3    2    0  
   1    0    3    0    2  
   3    0    2    1    0  
   2    3    1    0    0  
   3    2    0    0    1  
   2    3    1    0    0  
   3    2    0    1    0  
   0    2    0    1    3  
   0    2    1    0    3  
   1    0    2    0    3  
   1    2    3    0    0  
   0    1    0    2    3  
   0    2    1    0    3  
   0    0    3    1    2  
   2    1    0    0    3  
   0    0    3    1    2  
   0    0    3    1    2  
   0    2    1    0    3  
   2    1    0    0    3  
   3    2    1    0    0  
   1    0    3    0    2  
   1    2    3    0    0  ] 
RESERVATION PRICES : [    5    5    0    0    6  
  11    0    0    9   10  
   0   11    9    0   11  
   0   16   16    0   14  
  19    0   22    0   18  
  21    0    0   27   23  
  26    0    0   24   31  
  36   30    0    0   36  
   0   33   36    0   36  
   0   46   34    0   38  
  48   36    0   35    0  
  36   44    0   44    0  
  44    0   51   45    0  
  58   55    0   58    0  
  58   51    0   53    0  
   0    0   54   66   59  
  62    0   54    0   68  
  57    0   68   76    0  
  74   77   77    0    0  
   0   72    0   74   79  
  79    0   90    0   67  
  95   77   85    0    0  
  91    0   94    0   81  
  89    0   92   72    0  
 104   98    0  103    0  
   0   88  101   91    0  
  84  100    0    0  108  
 122  113  119    0    0  
   0  120   97  118    0  
 100    0  124    0  108  
  93    0  104   96    0  
 100  116  120    0    0  
 115  106    0    0  114  
 128  104  124    0    0  
 126  128    0  134    0  
   0  137    0  109  137  
   0  143  131    0  129  
 134    0  113    0  139  
 118  120  121    0    0  
   0  148    0  143  116  
   0  126  125    0  117  
   0    0  158  142  160  
 124  134    0    0  130  
   0    0  163  175  174  
   0    0  139  147  149  
   0  149  159    0  139  
 143  176    0    0  184  
 136  136  148    0    0  
 135    0  184    0  144  
 145  149  188    0    0  ] 
 ] 
