K : 125
I : 15
C : 13
INSTANCE : 1
PREFERENCES : [    0    0    5    0    1    0    0    3    0    0    0    4    2    0    0  
   0    0    0    2    0    0    0    4    5    1    0    0    3    0    0  
   0    0    0    0    3    0    2    1    5    0    0    0    0    4    0  
   0    3    0    2    0    0    4    0    0    0    0    0    1    0    5  
   2    0    0    0    0    0    0    0    1    4    0    0    0    3    5  
   0    2    0    0    5    0    0    1    0    0    3    4    0    0    0  
   4    0    0    1    0    0    0    5    0    2    0    0    0    3    0  
   4    0    0    0    0    0    3    0    2    0    0    1    0    5    0  
   0    0    0    0    3    0    0    2    0    4    5    0    0    1    0  
   0    0    2    1    0    4    0    5    0    0    0    0    0    0    3  
   0    0    5    0    4    3    2    0    0    0    0    0    0    1    0  
   0    0    3    2    4    0    0    0    1    5    0    0    0    0    0  
   2    0    5    0    1    4    0    0    0    0    0    0    0    3    0  
   0    0    0    0    0    0    0    0    1    4    0    5    2    0    3  
   3    5    0    0    0    2    0    0    0    4    0    1    0    0    0  
   0    0    5    0    0    0    0    0    1    3    0    4    0    0    2  
   0    0    2    0    0    0    0    0    0    5    0    0    1    4    3  
   0    2    0    0    0    4    1    0    5    0    3    0    0    0    0  
   4    0    0    0    0    0    2    1    0    0    0    5    0    3    0  
   5    0    3    2    1    0    0    0    0    0    0    4    0    0    0  
   0    0    0    0    3    0    4    0    0    5    0    0    1    2    0  
   5    0    1    0    0    0    0    2    4    0    0    0    3    0    0  
   3    5    0    0    0    0    4    0    0    0    1    0    0    2    0  
   0    2    0    0    0    4    0    1    0    5    0    0    0    3    0  
   0    0    2    0    1    0    0    5    4    3    0    0    0    0    0  
   0    0    0    0    0    1    0    0    0    5    3    4    0    2    0  
   4    0    1    0    0    0    0    0    2    0    0    5    3    0    0  
   0    5    0    2    3    4    0    0    0    0    0    0    1    0    0  
   1    0    0    4    0    5    0    0    0    2    0    3    0    0    0  
   0    2    0    4    0    0    0    0    1    0    3    5    0    0    0  
   0    0    0    1    3    0    0    0    0    2    0    5    4    0    0  
   0    0    4    0    0    3    0    2    0    1    0    5    0    0    0  
   0    3    0    1    0    0    0    0    0    4    0    2    0    5    0  
   0    0    3    0    4    0    1    0    0    0    0    5    0    0    2  
   3    5    0    4    0    0    0    0    1    0    0    2    0    0    0  
   3    0    2    0    0    0    0    0    5    0    4    1    0    0    0  
   5    0    0    0    0    1    0    0    4    0    0    2    3    0    0  
   5    0    2    0    0    0    0    0    1    3    0    0    0    4    0  
   0    2    0    3    0    0    4    0    0    1    5    0    0    0    0  
   0    0    0    0    0    0    2    0    4    5    0    1    0    0    3  
   0    0    0    0    2    3    0    0    5    0    1    0    0    4    0  
   4    0    0    0    0    0    0    3    2    1    0    0    5    0    0  
   0    3    0    0    4    0    0    1    0    0    0    0    0    5    2  
   0    3    0    4    0    0    0    0    0    0    5    2    0    0    1  
   0    4    1    0    0    0    0    0    2    5    0    0    0    3    0  
   0    4    0    2    0    3    5    1    0    0    0    0    0    0    0  
   0    0    0    0    5    0    0    0    0    0    3    2    4    0    1  
   0    0    0    0    5    0    3    0    1    2    0    0    0    4    0  
   0    2    0    0    0    1    5    0    0    4    0    0    0    3    0  
   0    0    0    2    0    0    0    0    1    5    4    0    3    0    0  
   1    0    4    3    0    5    0    2    0    0    0    0    0    0    0  
   2    1    0    0    0    4    0    0    0    0    3    0    5    0    0  
   0    2    1    0    5    0    0    4    0    3    0    0    0    0    0  
   0    3    0    0    0    0    0    1    5    2    4    0    0    0    0  
   0    3    4    1    5    0    0    0    0    0    0    0    0    0    2  
   0    0    0    0    0    3    0    1    5    2    0    0    0    4    0  
   0    0    5    0    2    0    4    0    0    1    0    0    3    0    0  
   1    0    0    0    0    0    5    0    0    0    4    0    3    0    2  
   0    0    0    4    0    1    0    3    2    0    0    0    0    0    5  
   0    1    0    0    2    4    0    3    0    0    0    0    5    0    0  
   2    0    0    1    0    0    5    0    0    0    3    4    0    0    0  
   0    2    4    0    0    3    0    1    5    0    0    0    0    0    0  
   1    0    0    0    0    4    3    0    0    5    2    0    0    0    0  
   0    1    0    2    0    0    0    0    3    0    0    0    4    0    5  
   1    0    4    5    0    0    0    3    0    2    0    0    0    0    0  
   0    0    0    0    0    0    0    0    2    1    4    5    0    0    3  
   0    1    0    0    0    2    0    0    0    0    0    4    0    5    3  
   0    3    0    0    0    4    0    5    1    0    0    0    0    0    2  
   1    0    0    0    2    5    4    0    0    0    3    0    0    0    0  
   0    0    0    0    4    2    1    0    3    5    0    0    0    0    0  
   0    0    4    5    0    0    2    0    0    0    0    0    3    1    0  
   0    0    5    4    0    0    0    0    0    0    0    0    2    1    3  
   0    0    3    5    0    0    2    1    0    0    4    0    0    0    0  
   0    0    0    0    0    3    2    0    1    0    0    0    4    0    5  
   0    0    0    0    4    0    3    0    0    2    0    0    5    0    1  
   0    0    0    1    0    5    0    0    4    3    0    2    0    0    0  
   0    0    0    0    3    0    2    1    0    0    0    0    5    4    0  
   1    4    0    0    5    0    0    0    0    3    0    0    0    0    2  
   3    1    0    0    0    5    4    2    0    0    0    0    0    0    0  
   0    5    0    0    4    0    0    0    0    1    2    0    0    3    0  
   5    0    1    0    4    3    0    0    0    0    0    2    0    0    0  
   0    4    0    0    0    1    2    0    0    0    3    0    5    0    0  
   2    0    0    0    0    4    0    3    0    5    1    0    0    0    0  
   1    0    0    3    4    0    0    0    0    0    0    0    0    5    2  
   2    5    3    0    0    0    1    0    0    0    0    0    4    0    0  
   4    0    1    5    0    0    3    0    0    0    0    0    0    2    0  
   0    4    0    0    3    0    1    0    0    5    0    0    0    2    0  
   0    0    0    2    1    3    0    0    0    4    0    0    5    0    0  
   0    3    4    5    2    0    0    0    0    1    0    0    0    0    0  
   0    0    3    0    0    0    0    5    0    4    0    2    1    0    0  
   0    0    0    0    0    0    0    2    0    3    0    0    4    5    1  
   2    0    0    5    0    0    0    0    0    0    1    3    0    4    0  
   2    5    0    0    3    0    0    1    0    0    0    4    0    0    0  
   0    5    0    0    0    3    0    2    0    1    4    0    0    0    0  
   2    1    4    0    3    0    0    0    0    0    0    0    0    0    5  
   5    0    4    0    2    0    0    0    1    0    0    0    0    3    0  
   0    2    5    0    1    4    0    0    0    0    0    3    0    0    0  
   0    0    0    5    1    0    0    2    0    0    3    0    0    0    4  
   0    3    0    2    0    0    0    0    0    1    0    0    4    0    5  
   0    0    0    0    5    0    1    3    4    0    0    2    0    0    0  
   0    0    0    1    5    3    0    0    0    0    2    0    0    4    0  
   5    0    0    0    0    1    3    0    2    0    0    0    0    0    4  
   0    0    0    0    1    4    0    0    5    0    3    2    0    0    0  
   0    4    0    0    0    0    0    1    3    0    0    2    5    0    0  
   0    0    0    0    0    0    3    0    1    2    0    4    0    5    0  
   0    0    3    0    2    0    0    0    5    4    1    0    0    0    0  
   2    0    3    0    0    0    5    0    1    0    0    0    0    0    4  
   0    5    0    4    1    2    0    0    3    0    0    0    0    0    0  
   0    0    0    0    5    3    0    4    0    0    2    0    1    0    0  
   3    0    2    0    0    0    5    0    0    0    0    0    0    4    1  
   0    0    4    0    0    0    0    5    0    0    0    1    3    2    0  
   0    5    0    4    0    0    3    2    1    0    0    0    0    0    0  
   0    5    0    3    0    0    0    0    4    0    0    0    0    2    1  
   0    0    4    0    2    0    0    0    1    5    0    3    0    0    0  
   0    1    0    0    0    0    0    0    5    0    3    2    0    4    0  
   0    2    4    0    0    3    0    0    1    0    0    0    0    5    0  
   5    2    0    0    0    0    0    1    0    0    0    0    4    0    3  
   0    0    0    0    0    2    1    0    5    0    0    3    0    4    0  
   0    1    0    3    0    0    0    0    0    0    0    5    4    0    2  
   2    0    0    0    0    0    0    0    4    5    0    1    0    0    3  
   4    0    0    5    0    0    0    2    0    0    0    1    0    0    3  
   0    0    0    0    3    2    0    0    1    0    0    0    5    0    4  
   0    0    0    0    0    0    3    1    0    2    4    5    0    0    0  
   0    0    4    0    1    0    0    2    0    0    0    0    3    5    0  
   0    2    0    0    1    0    0    0    0    0    5    0    3    0    4  ] 
RESERVATION PRICES : [    0    0    9    0   10    0    0    8    0    0    0    9    8    0    0  
   0    0    0    9    0    0    0   10    9    9    0    0   10    0    0  
   0    0    0    0   10    0   10    9   12    0    0    0    0   11    0  
   0   15    0   16    0    0   15    0    0    0    0    0   14    0   12  
  22    0    0    0    0    0    0    0   17   17    0    0    0   23   18  
   0   25    0    0   26    0    0   26    0    0   21   21    0    0    0  
  26    0    0   30    0    0    0   31    0   32    0    0    0   32    0  
  29    0    0    0    0    0   30    0   27    0    0   32    0   36    0  
   0    0    0    0   40    0    0   34    0   32   39    0    0   32    0  
   0    0   34   36    0   33    0   29    0    0    0    0    0    0   37  
   0    0   38    0   37   41   40    0    0    0    0    0    0   45    0  
   0    0   41   46   44    0    0    0   41   43    0    0    0    0    0  
  41    0   54    0   53   44    0    0    0    0    0    0    0   43    0  
   0    0    0    0    0    0    0    0   52   48    0   45   52    0   52  
  58   47    0    0    0   52    0    0    0   63    0   58    0    0    0  
   0    0   63    0    0    0    0    0   63   55    0   59    0    0   64  
   0    0   64    0    0    0    0    0    0   67    0    0   50   62   65  
   0   54    0    0    0   56   69    0   68    0   61    0    0    0    0  
  78    0    0    0    0    0   78   63    0    0    0   58    0   60    0  
  72    0   67   73   63    0    0    0    0    0    0   67    0    0    0  
   0    0    0    0   64    0   79    0    0   75    0    0   75   64    0  
  69    0   70    0    0    0    0   85   78    0    0    0   71    0    0  
  90   73    0    0    0    0   71    0    0    0   81    0    0   79    0  
   0   78    0    0    0   84    0   70    0   94    0    0    0   83    0  
   0    0   84    0   90    0    0   86   86   99    0    0    0    0    0  
   0    0    0    0    0  102    0    0    0  107   87   91    0   92    0  
 106    0   99    0    0    0    0    0   97    0    0  103   88    0    0  
   0   93    0   88   94   95    0    0    0    0    0    0   93    0    0  
 105    0    0   94    0  113    0    0    0  101    0  111    0    0    0  
   0  106    0  104    0    0    0    0  116    0  109  117    0    0    0  
   0    0    0  101  120    0    0    0    0  113    0  124  122    0    0  
   0    0  106    0    0  125    0  110    0  106    0  106    0    0    0  
   0  136    0  110    0    0    0    0    0  116    0  137    0  113    0  
   0    0  129    0  133    0  108    0    0    0    0  117    0    0  115  
 141  137    0  136    0    0    0    0  126    0    0  120    0    0    0  
 144    0  143    0    0    0    0    0  140    0  145  139    0    0    0  
 123    0    0    0    0  117    0    0  149    0    0  129  127    0    0  
 163    0  162    0    0    0    0    0  149  147    0    0    0  131    0  
   0  129    0  160    0    0  160    0    0  147  152    0    0    0    0  
   0    0    0    0    0    0  139    0  142  158    0  139    0    0  161  
   0    0    0    0  132  139    0    0  129    0  142    0    0  173    0  
 158    0    0    0    0    0    0  178  169  166    0    0  164    0    0  
   0  150    0    0  165    0    0  167    0    0    0    0    0  145  140  
   0  172    0  157    0    0    0    0    0    0  146  185    0    0  134  
   0  161  162    0    0    0    0    0  152  164    0    0    0  152    0  
   0  153    0  188    0  155  175  183    0    0    0    0    0    0    0  
   0    0    0    0  191    0    0    0    0    0  173  198  165    0  155  
   0    0    0    0  198    0  176    0  154  166    0    0    0  180    0  
   0  200    0    0    0  179  152    0    0  158    0    0    0  190    0  
   0    0    0  191    0    0    0    0  168  165  182    0  202    0    0  
 209    0  159  199    0  183    0  181    0    0    0    0    0    0    0  
 210  178    0    0    0  200    0    0    0    0  209    0  176    0    0  
   0  161  178    0  158    0    0  159    0  174    0    0    0    0    0  
   0  190    0    0    0    0    0  213  179  201  165    0    0    0    0  
   0  170  171  213  192    0    0    0    0    0    0    0    0    0  182  
   0    0    0    0    0  206    0  207  194  202    0    0    0  209    0  
   0    0  217    0  194    0  220    0    0  198    0    0  219    0    0  
 213    0    0    0    0    0  201    0    0    0  217    0  175    0  209  
   0    0    0  201    0  199    0  185  176    0    0    0    0    0  234  
   0  212    0    0  236  211    0  189    0    0    0    0  231    0    0  
 187    0    0  191    0    0  197    0    0    0  226  208    0    0    0  
   0  237  210    0    0  225    0  192  238    0    0    0    0    0    0  
 208    0    0    0    0  252  202    0    0  224  209    0    0    0    0  
   0  236    0  253    0    0    0    0  227    0    0    0  250    0  243  
 213    0  253  188    0    0    0  216    0  187    0    0    0    0    0  
   0    0    0    0    0    0    0    0  236  214  219  238    0    0  253  
   0  226    0    0    0  208    0    0    0    0    0  204    0  242  224  
   0  238    0    0    0  206    0  255  257    0    0    0    0    0  233  
 221    0    0    0  219  200  258    0    0    0  198    0    0    0    0  
   0    0    0    0  250  263  225    0  194  245    0    0    0    0    0  
   0    0  227  213    0    0  242    0    0    0    0    0  267  214    0  
   0    0  265  250    0    0    0    0    0    0    0    0  278  242  236  
   0    0  278  214    0    0  273  272    0    0  211    0    0    0    0  
   0    0    0    0    0  247  254    0  259    0    0    0  239    0  212  
   0    0    0    0  274    0  287    0    0  242    0    0  207    0  272  
   0    0    0  242    0  210    0    0  241  277    0  239    0    0    0  
   0    0    0    0  224    0  255  222    0    0    0    0  247  286    0  
 275  278    0    0  296    0    0    0    0  245    0    0    0    0  263  
 276  230    0    0    0  271  241  216    0    0    0    0    0    0    0  
   0  254    0    0  270    0    0    0    0  233  293    0    0  226    0  
 227    0  237    0  243  245    0    0    0    0    0  309    0    0    0  
   0  296    0    0    0  258  231    0    0    0  308    0  260    0    0  
 309    0    0    0    0  283    0  317    0  280  230    0    0    0    0  
 276    0    0  297  279    0    0    0    0    0    0    0    0  256  245  
 290  275  320    0    0    0  302    0    0    0    0    0  257    0    0  
 290    0  281  316    0    0  242    0    0    0    0    0    0  258    0  
   0  292    0    0  325    0  267    0    0  269    0    0    0  289    0  
   0    0    0  334  288  249    0    0    0  297    0    0  310    0    0  
   0  310  336  332  313    0    0    0    0  311    0    0    0    0    0  
   0    0  341    0    0    0    0  272    0  300    0  263  274    0    0  
   0    0    0    0    0    0    0  325    0  324    0    0  277  332  319  
 287    0    0  289    0    0    0    0    0    0  269  271    0  274    0  
 354  298    0    0  309    0    0  263    0    0    0  292    0    0    0  
   0  351    0    0    0  342    0  317    0  278  300    0    0    0    0  
 261  273  307    0  350    0    0    0    0    0    0    0    0    0  294  
 291    0  353    0  296    0    0    0  281    0    0    0    0  332    0  
   0  347  354    0  364  268    0    0    0    0    0  335    0    0    0  
   0    0    0  279  368    0    0  351    0    0  367    0    0    0  354  
   0  311    0  294    0    0    0    0    0  351    0    0  329    0  345  
   0    0    0    0  286    0  306  305  343    0    0  337    0    0    0  
   0    0    0  288  377  321    0    0    0    0  343    0    0  318    0  
 283    0    0    0    0  364  288    0  379    0    0    0    0    0  328  
   0    0    0    0  345  338    0    0  350    0  384  355    0    0    0  
   0  335    0    0    0    0    0  361  362    0    0  339  348    0    0  
   0    0    0    0    0    0  336    0  380  286    0  388    0  315    0  
   0    0  294    0  322    0    0    0  380  380  368    0    0    0    0  
 379    0  300    0    0    0  303    0  341    0    0    0    0    0  406  
   0  403    0  305  407  403    0    0  332    0    0    0    0    0    0  
   0    0    0    0  371  380    0  322    0    0  380    0  400    0    0  
 399    0  311    0    0    0  357    0    0    0    0    0    0  410  388  
   0    0  348    0    0    0    0  301    0    0    0  303  334  411    0  
   0  385    0  414    0    0  391  415  411    0    0    0    0    0    0  
   0  350    0  376    0    0    0    0  310    0    0    0    0  372  413  
   0    0  386    0  351    0    0    0  397  371    0  417    0    0    0  
   0  340    0    0    0    0    0    0  392    0  353  383    0  339    0  
   0  432  413    0    0  383    0    0  410    0    0    0    0  422    0  
 380  345    0    0    0    0    0  392    0    0    0    0  428    0  359  
   0    0    0    0    0  419  426    0  330    0    0  425    0  318    0  
   0  426    0  344    0    0    0    0    0    0    0  393  373    0  414  
 330    0    0    0    0    0    0    0  376  439    0  415    0    0  373  
 361    0    0  397    0    0    0  343    0    0    0  408    0    0  326  
   0    0    0    0  361  393    0    0  400    0    0    0  350    0  330  
   0    0    0    0    0    0  386  392    0  381  351  412    0    0    0  
   0    0  422    0  444    0    0  348    0    0    0    0  394  357    0  
   0  388    0    0  355    0    0    0    0    0  384    0  456    0  374  ] 
 ] 
