K : 75
I : 15
C : 15
INSTANCE : 1
PREFERENCES : [    0    2    0    0    1    0    3    0    0    0    4    0    0    0    5  
   0    4    0    2    1    0    0    5    0    3    0    0    0    0    0  
   4    0    3    0    1    2    0    0    5    0    0    0    0    0    0  
   5    0    0    0    0    2    1    0    0    0    0    0    3    0    4  
   0    0    3    1    0    0    2    0    4    5    0    0    0    0    0  
   2    3    0    5    0    0    0    0    0    4    1    0    0    0    0  
   0    4    0    0    3    0    0    5    0    0    1    2    0    0    0  
   0    4    0    2    1    0    3    0    0    0    5    0    0    0    0  
   0    0    0    3    0    0    0    4    2    5    0    0    0    1    0  
   0    0    0    0    0    3    5    0    1    4    2    0    0    0    0  
   0    0    2    0    4    0    0    3    0    1    5    0    0    0    0  
   0    0    0    0    3    5    0    0    0    0    1    4    2    0    0  
   0    0    0    0    0    2    4    0    1    0    0    3    5    0    0  
   5    0    0    0    0    0    3    0    0    2    0    0    1    0    4  
   0    0    0    0    0    0    2    4    0    0    0    5    1    0    3  
   5    0    4    3    0    0    0    0    0    0    1    2    0    0    0  
   0    0    0    0    0    2    0    3    0    1    0    0    4    0    5  
   0    4    0    0    0    0    0    5    0    0    0    1    3    2    0  
   5    0    0    1    0    0    0    3    0    0    2    0    0    0    4  
   0    0    2    1    0    4    0    0    0    3    0    5    0    0    0  
   3    0    0    5    0    1    0    0    0    0    0    2    4    0    0  
   0    0    0    0    5    3    1    0    0    4    0    0    2    0    0  
   0    5    0    0    3    0    0    0    1    2    0    0    0    4    0  
   0    0    5    4    0    0    0    0    0    0    2    3    1    0    0  
   2    5    0    0    0    1    0    0    3    0    4    0    0    0    0  
   1    3    2    0    0    0    4    5    0    0    0    0    0    0    0  
   5    0    3    0    1    0    0    0    0    0    0    4    0    2    0  
   0    0    0    3    1    5    0    0    2    0    0    0    0    0    4  
   0    0    3    0    5    0    0    0    0    2    4    1    0    0    0  
   0    2    0    5    0    0    3    0    0    0    0    0    1    0    4  
   0    5    0    3    1    0    2    0    4    0    0    0    0    0    0  
   0    4    0    3    0    2    0    0    0    5    0    0    1    0    0  
   3    0    0    5    1    2    0    0    0    0    4    0    0    0    0  
   0    0    5    2    0    0    0    0    0    3    4    0    0    1    0  
   0    0    0    1    2    0    4    0    0    0    3    5    0    0    0  
   0    1    0    4    3    5    0    0    0    0    0    0    0    2    0  
   1    0    0    0    0    0    0    0    5    3    4    0    0    0    2  
   5    0    3    0    0    0    0    0    4    0    2    1    0    0    0  
   1    0    0    3    5    0    0    0    0    0    0    0    4    2    0  
   3    0    2    0    0    5    0    4    0    0    0    1    0    0    0  
   4    0    2    0    0    0    0    1    0    5    0    3    0    0    0  
   4    0    0    0    0    0    3    0    0    0    0    0    5    1    2  
   3    1    0    0    0    0    0    0    0    4    0    2    0    5    0  
   0    0    0    0    0    4    0    0    5    0    2    1    0    3    0  
   0    0    0    1    5    3    0    0    0    0    0    4    0    0    2  
   2    0    0    5    0    0    0    0    0    0    0    1    4    0    3  
   1    0    0    0    0    0    0    0    0    3    2    5    0    0    4  
   3    0    0    1    4    0    0    0    0    0    0    0    0    2    5  
   0    0    3    0    4    0    2    0    0    0    1    0    0    0    5  
   0    1    0    0    0    0    2    5    0    3    0    0    4    0    0  
   0    1    0    0    0    5    0    2    3    0    0    0    0    4    0  
   3    2    0    0    0    0    4    0    0    5    0    0    0    0    1  
   0    0    0    0    0    4    2    0    5    1    0    0    0    3    0  
   5    0    0    0    0    2    4    0    0    0    0    3    1    0    0  
   0    0    4    0    0    1    0    0    0    0    2    0    5    3    0  
   5    0    0    0    0    4    0    2    0    0    0    0    0    3    1  
   2    0    5    3    0    4    0    0    0    1    0    0    0    0    0  
   2    0    0    1    5    0    0    0    0    0    0    0    0    4    3  
   0    4    0    0    1    0    0    5    2    0    3    0    0    0    0  
   5    0    0    3    4    0    0    1    0    0    2    0    0    0    0  
   2    0    0    0    0    1    0    0    3    0    0    4    0    0    5  
   0    3    5    0    2    4    0    0    0    0    1    0    0    0    0  
   2    0    3    4    1    0    0    0    0    0    0    0    0    0    5  
   0    0    1    0    0    0    0    0    0    0    5    0    4    3    2  
   2    3    0    0    0    5    0    0    0    0    0    0    0    1    4  
   0    0    0    0    4    0    0    0    1    0    0    5    3    2    0  
   0    0    5    0    0    0    4    1    3    0    0    0    0    0    2  
   2    5    0    0    0    0    0    0    0    0    0    1    0    3    4  
   0    0    0    0    4    0    0    0    1    0    0    0    3    2    5  
   0    0    0    1    0    0    4    0    3    0    2    0    5    0    0  
   3    0    0    0    0    0    0    4    2    5    0    1    0    0    0  
   0    4    0    0    2    0    0    0    5    3    1    0    0    0    0  
   0    0    1    0    3    0    0    4    0    0    5    2    0    0    0  
   1    0    4    2    0    0    0    0    0    5    3    0    0    0    0  
   0    4    1    0    0    0    0    0    3    5    0    0    2    0    0  ] 
RESERVATION PRICES : [    0    6    0    0    6    0    5    0    0    0    5    0    0    0    5  
   0   10    0   11   10    0    0   11    0   10    0    0    0    0    0  
  17    0   13    0   14   13    0    0   15    0    0    0    0    0    0  
  18    0    0    0    0   18   19    0    0    0    0    0   18    0   20  
   0    0   21   19    0    0   18    0   20   19    0    0    0    0    0  
  23   24    0   24    0    0    0    0    0   28   23    0    0    0    0  
   0   31    0    0   29    0    0   25    0    0   25   30    0    0    0  
   0   25    0   29   31    0   28    0    0    0   31    0    0    0    0  
   0    0    0   26    0    0    0   26   29   30    0    0    0   25    0  
   0    0    0    0    0   36   40    0   35   32   37    0    0    0    0  
   0    0   34    0   35    0    0   36    0   46   42    0    0    0    0  
   0    0    0    0   44   38    0    0    0    0   44   40   44    0    0  
   0    0    0    0    0   35   39    0   46    0    0   35   35    0    0  
  53    0    0    0    0    0   53    0    0   39    0    0   51    0   43  
   0    0    0    0    0    0   47   47    0    0    0   41   43    0   52  
  56    0   55   48    0    0    0    0    0    0   58   54    0    0    0  
   0    0    0    0    0   48    0   64    0   65    0    0   63    0   51  
   0   65    0    0    0    0    0   53    0    0    0   63   57   66    0  
  72    0    0   54    0    0    0   71    0    0   63    0    0    0   54  
   0    0   62   65    0   69    0    0    0   61    0   77    0    0    0  
  78    0    0   80    0   67    0    0    0    0    0   76   64    0    0  
   0    0    0    0   63   62   71    0    0   75    0    0   71    0    0  
   0   84    0    0   73    0    0    0   80   65    0    0    0   78    0  
   0    0   75   86    0    0    0    0    0    0   75   78   74    0    0  
  76   80    0    0    0   82    0    0   78    0   81    0    0    0    0  
  96   90   85    0    0    0   93   84    0    0    0    0    0    0    0  
  90    0  104    0   75    0    0    0    0    0    0   80    0   85    0  
   0    0    0   92   94  107    0    0  106    0    0    0    0    0  105  
   0    0   88    0   86    0    0    0    0   98   98  106    0    0    0  
   0  104    0  105    0    0  105    0    0    0    0    0  102    0   89  
   0   89    0  119   91    0  118    0  112    0    0    0    0    0    0  
   0  108    0  113    0  110    0    0    0  103    0    0  123    0    0  
 104    0    0  132  124  129    0    0    0    0  132    0    0    0    0  
   0    0  113  107    0    0    0    0    0  131  107    0    0  123    0  
   0    0    0  109  119    0  137    0    0    0  101  119    0    0    0  
   0  108    0  116  130  112    0    0    0    0    0    0    0  128    0  
 114    0    0    0    0    0    0    0  108  109  109    0    0    0  141  
 139    0  132    0    0    0    0    0  118    0  123  153    0    0    0  
 124    0    0  113  150    0    0    0    0    0    0    0  145  133    0  
 149    0  159    0    0  130    0  161    0    0    0  135    0    0    0  
 140    0  131    0    0    0    0  143    0  141    0  154    0    0    0  
 148    0    0    0    0    0  153    0    0    0    0    0  135  148  124  
 130  150    0    0    0    0    0    0    0  140    0  125    0  137    0  
   0    0    0    0    0  147    0    0  168    0  131  130    0  132    0  
   0    0    0  139  149  177    0    0    0    0    0  158    0    0  131  
 131    0    0  158    0    0    0    0    0    0    0  181  132    0  144  
 145    0    0    0    0    0    0    0    0  152  147  154    0    0  155  
 167    0    0  140  147    0    0    0    0    0    0    0    0  170  160  
   0    0  148    0  185    0  154    0    0    0  178    0    0    0  185  
   0  164    0    0    0    0  146  145    0  145    0    0  147    0    0  
   0  181    0    0    0  195    0  146  197    0    0    0    0  172    0  
 178  162    0    0    0    0  150    0    0  181    0    0    0    0  172  
   0    0    0    0    0  183  180    0  196  186    0    0    0  179    0  
 157    0    0    0    0  177  186    0    0    0    0  214  201    0    0  
   0    0  179    0    0  182    0    0    0    0  191    0  188  202    0  
 169    0    0    0    0  171    0  200    0    0    0    0    0  201  172  
 202    0  196  166    0  195    0    0    0  162    0    0    0    0    0  
 164    0    0  189  217    0    0    0    0    0    0    0    0  170  212  
   0  185    0    0  169    0    0  196  168    0  186    0    0    0    0  
 203    0    0  178  183    0    0  198    0    0  168    0    0    0    0  
 181    0    0    0    0  170    0    0  224    0    0  204    0    0  204  
   0  182  196    0  201  170    0    0    0    0  229    0    0    0    0  
 232    0  169  190  184    0    0    0    0    0    0    0    0    0  181  
   0    0  199    0    0    0    0    0    0    0  223    0  204  183  205  
 189  191    0    0    0  236    0    0    0    0    0    0    0  213  231  
   0    0    0    0  201    0    0    0  240    0    0  228  235  192    0  
   0    0  207    0    0    0  235  185  192    0    0    0    0    0  186  
 232  199    0    0    0    0    0    0    0    0    0  218    0  201  198  
   0    0    0    0  199    0    0    0  222    0    0    0  234  205  224  
   0    0    0  192    0    0  236    0  248    0  248    0  221    0    0  
 233    0    0    0    0    0    0  264  205  200    0  199    0    0    0  
   0  275    0    0  216    0    0    0  243  235  214    0    0    0    0  
   0    0  257    0  254    0    0  212    0    0  223  263    0    0    0  
 201    0  258  260    0    0    0    0    0  200  203    0    0    0    0  
   0  245  228    0    0    0    0    0  276  244    0    0  244    0    0  ] 
 ] 
