K : 50
I : 5
C : 8
INSTANCE : 1
PREFERENCES : [    0    0    1    2    3  
   3    0    0    2    1  
   1    3    0    2    0  
   2    0    3    0    1  
   2    1    0    0    3  
   3    0    2    1    0  
   1    0    0    3    2  
   1    0    3    2    0  
   3    2    1    0    0  
   1    2    0    0    3  
   0    1    3    2    0  
   3    1    0    0    2  
   0    2    1    3    0  
   0    1    3    0    2  
   0    3    1    2    0  
   2    1    3    0    0  
   2    1    3    0    0  
   1    3    2    0    0  
   2    1    0    3    0  
   3    1    0    2    0  
   3    0    1    0    2  
   0    2    3    0    1  
   1    0    2    3    0  
   1    3    2    0    0  
   3    0    1    0    2  
   3    0    1    2    0  
   2    1    3    0    0  
   1    0    3    2    0  
   0    3    2    0    1  
   2    0    3    1    0  
   2    1    3    0    0  
   1    0    3    2    0  
   0    0    1    2    3  
   3    1    0    2    0  
   0    2    0    1    3  
   2    3    0    1    0  
   2    0    0    3    1  
   0    0    1    3    2  
   0    3    1    2    0  
   0    0    3    2    1  
   0    0    1    3    2  
   0    2    0    3    1  
   0    0    2    3    1  
   2    0    1    0    3  
   2    0    3    1    0  
   3    2    1    0    0  
   3    1    0    2    0  
   0    2    1    0    3  
   3    1    2    0    0  
   0    1    3    0    2  ] 
RESERVATION PRICES : [    0    0    9    8    9  
   9    0    0   10    9  
  17   14    0   16    0  
  21    0   19    0   16  
  28   24    0    0   26  
  23    0   27   24    0  
  32    0    0   34   28  
  31    0   37   32    0  
  40   33   42    0    0  
  44   38    0    0   45  
   0   54   55   44    0  
  60   47    0    0   52  
   0   48   46   47    0  
   0   59   61    0   57  
   0   66   58   61    0  
  75   67   76    0    0  
  81   79   68    0    0  
  66   75   76    0    0  
  80   77    0   89    0  
  85   95    0   75    0  
  92    0   78    0   92  
   0   94   75    0   87  
  79    0   81   91    0  
  89  102   96    0    0  
  93    0   95    0   78  
  92    0   93  104    0  
 114  111  116    0    0  
 100    0  109   97    0  
   0  103  115    0   89  
  92    0   89  118    0  
 104  107  104    0    0  
 134    0  131   99    0  
   0    0  107   99  128  
 117  120    0  111    0  
   0  123    0  137  112  
 144  118    0  117    0  
 115    0    0  122  122  
   0    0  119  154  131  
   0  133  118  121    0  
   0    0  133  133  146  
   0    0  159  144  137  
   0  160    0  125  132  
   0    0  159  125  162  
 149    0  128    0  132  
 151    0  156  142    0  
 178  156  129    0    0  
 142  165    0  153    0  
   0  170  183    0  184  
 138  173  146    0    0  
   0  149  171    0  160  ] 
 ] 
