K : 50
I : 5
C : 10
INSTANCE : 4
PREFERENCES : [    0    3    1    2    0  
   1    3    2    0    0  
   0    3    0    1    2  
   3    0    0    1    2  
   2    3    0    1    0  
   0    0    2    1    3  
   0    1    2    0    3  
   0    2    1    0    3  
   0    1    3    2    0  
   3    1    0    0    2  
   0    0    3    1    2  
   1    0    3    0    2  
   2    3    1    0    0  
   3    2    0    0    1  
   0    3    0    2    1  
   1    3    0    0    2  
   2    1    3    0    0  
   3    0    1    2    0  
   2    1    3    0    0  
   3    0    0    2    1  
   3    2    0    0    1  
   0    0    3    1    2  
   1    3    2    0    0  
   0    1    2    3    0  
   3    0    0    2    1  
   0    2    0    1    3  
   2    0    3    1    0  
   0    3    1    2    0  
   3    0    1    2    0  
   2    0    1    3    0  
   2    3    1    0    0  
   0    0    2    3    1  
   3    1    0    2    0  
   3    2    0    1    0  
   3    1    0    0    2  
   0    1    3    2    0  
   2    3    0    1    0  
   0    1    2    0    3  
   2    3    0    1    0  
   0    1    0    2    3  
   0    0    3    1    2  
   0    2    1    3    0  
   2    3    0    1    0  
   3    0    0    2    1  
   2    1    0    0    3  
   0    2    3    1    0  
   0    2    1    3    0  
   1    0    3    2    0  
   1    3    0    0    2  
   0    3    0    2    1  ] 
RESERVATION PRICES : [    0    7    7    7    0  
   7    7    9    0    0  
   0   14    0   12   11  
  14    0    0   16   15  
  21   19    0   23    0  
   0    0   23   22   24  
   0   31   29    0   25  
   0   36   30    0   36  
   0   36   41   37    0  
  33   33    0    0   38  
   0    0   44   40   34  
  51    0   47    0   47  
  55   47   41    0    0  
  53   42    0    0   43  
   0   52    0   61   50  
  62   54    0    0   61  
  61   68   54    0    0  
  72    0   66   57    0  
  59   75   64    0    0  
  76    0    0   75   67  
  75   83    0    0   82  
   0    0   71   67   80  
  85   66   83    0    0  
   0   66   80   70    0  
  85    0    0   84   71  
   0   92    0   79   90  
 100    0  101   86    0  
   0  103   91   87    0  
  94    0  104  111    0  
  96    0   84   85    0  
 109   95   92    0    0  
   0    0  115  116  114  
  98  121    0   99    0  
 120   98    0  115    0  
 125  123    0    0  124  
   0  132  115   98    0  
 114  123    0  131    0  
   0  104  143    0  123  
 120  116    0  131    0  
   0  124    0  126  135  
   0    0  159  137  154  
   0  151  163  137    0  
 155  164    0  121    0  
 147    0    0  123  128  
 143  156    0    0  167  
   0  172  162  164    0  
   0  176  172  152    0  
 159    0  179  139    0  
 134  175    0    0  175  
   0  165    0  180  175  ] 
 ] 
