K : 150
I : 5
C : 30
INSTANCE : 3
PREFERENCES : [    2    0    1    0    3  
   1    2    0    0    3  
   0    2    3    0    1  
   0    1    2    0    3  
   2    1    0    3    0  
   0    3    1    0    2  
   2    0    0    1    3  
   2    3    0    0    1  
   0    3    0    1    2  
   3    0    1    0    2  
   0    2    0    1    3  
   0    2    1    0    3  
   1    2    0    0    3  
   2    3    0    0    1  
   3    0    2    0    1  
   1    0    3    0    2  
   0    3    1    2    0  
   0    1    0    3    2  
   0    0    3    2    1  
   0    2    1    0    3  
   1    3    0    0    2  
   0    3    2    1    0  
   3    0    0    1    2  
   0    1    2    0    3  
   0    3    1    0    2  
   0    0    2    3    1  
   0    3    0    2    1  
   3    0    1    2    0  
   2    0    0    3    1  
   1    0    2    3    0  
   0    0    2    1    3  
   1    0    3    0    2  
   1    3    0    2    0  
   0    0    3    1    2  
   1    0    2    3    0  
   2    0    0    3    1  
   2    3    0    0    1  
   3    0    1    2    0  
   0    0    2    1    3  
   1    0    3    2    0  
   0    3    0    1    2  
   0    0    2    1    3  
   0    1    0    2    3  
   2    1    0    0    3  
   1    3    2    0    0  
   3    0    1    0    2  
   2    0    1    3    0  
   3    0    1    0    2  
   0    1    3    2    0  
   2    3    0    1    0  
   2    0    3    1    0  
   0    2    0    1    3  
   0    3    2    1    0  
   3    0    0    2    1  
   1    0    0    3    2  
   3    2    0    1    0  
   2    3    1    0    0  
   0    1    2    0    3  
   0    1    2    3    0  
   0    0    3    2    1  
   0    2    3    1    0  
   0    0    1    3    2  
   0    3    2    1    0  
   2    0    0    1    3  
   3    0    0    2    1  
   0    3    0    1    2  
   0    0    1    2    3  
   0    3    2    0    1  
   0    3    2    1    0  
   3    0    0    2    1  
   3    0    0    2    1  
   1    3    0    0    2  
   1    3    0    2    0  
   0    3    2    0    1  
   2    3    0    1    0  
   3    0    2    0    1  
   2    0    1    3    0  
   0    2    3    1    0  
   0    3    0    1    2  
   2    3    0    1    0  
   2    1    0    3    0  
   2    0    1    3    0  
   3    0    2    1    0  
   3    0    2    1    0  
   0    3    1    2    0  
   1    0    2    0    3  
   0    2    0    1    3  
   1    0    2    0    3  
   0    1    0    2    3  
   2    0    1    3    0  
   3    1    0    0    2  
   3    0    1    2    0  
   0    1    2    3    0  
   2    1    0    0    3  
   1    0    2    3    0  
   3    0    2    0    1  
   1    0    0    3    2  
   2    1    0    0    3  
   0    2    0    3    1  
   2    3    1    0    0  
   2    1    0    0    3  
   3    2    0    0    1  
   3    0    1    0    2  
   0    3    1    2    0  
   0    1    0    2    3  
   1    0    2    3    0  
   0    0    1    3    2  
   0    1    0    3    2  
   0    2    0    1    3  
   0    0    3    1    2  
   0    1    0    2    3  
   2    0    0    1    3  
   3    2    0    0    1  
   0    3    2    0    1  
   0    1    2    0    3  
   2    1    0    0    3  
   1    3    2    0    0  
   3    0    0    2    1  
   3    1    2    0    0  
   0    1    2    0    3  
   0    2    3    1    0  
   2    3    0    0    1  
   2    1    0    3    0  
   3    1    2    0    0  
   3    1    0    0    2  
   0    1    3    2    0  
   0    0    1    3    2  
   2    0    3    0    1  
   1    3    2    0    0  
   0    3    0    2    1  
   2    0    1    3    0  
   3    0    2    1    0  
   0    0    3    2    1  
   2    1    0    0    3  
   2    1    0    0    3  
   2    3    1    0    0  
   0    1    0    3    2  
   0    0    1    3    2  
   1    2    3    0    0  
   1    0    3    2    0  
   0    2    0    3    1  
   0    1    0    3    2  
   3    1    2    0    0  
   1    0    0    2    3  
   1    3    0    0    2  
   0    2    0    3    1  
   0    3    1    2    0  
   2    3    0    1    0  
   3    1    0    0    2  
   0    1    2    3    0  ] 
RESERVATION PRICES : [    5    0    6    0    5  
   9   11    0    0    9  
   0   12   13    0   13  
   0   15   15    0   16  
  17   19    0   16    0  
   0   21   26    0   22  
  27    0    0   24   25  
  32   29    0    0   31  
   0   32    0   32   34  
  35    0   33    0   41  
   0   34    0   35   42  
   0   40   36    0   38  
  42   37    0    0   37  
  41   45    0    0   50  
  39    0   54    0   53  
  45    0   50    0   52  
   0   45   53   51    0  
   0   52    0   57   58  
   0    0   59   66   65  
   0   60   64    0   65  
  61   57    0    0   56  
   0   63   66   67    0  
  74    0    0   74   59  
   0   87   80    0   83  
   0   66   77    0   74  
   0    0   83   79   66  
   0   86    0   85   92  
  84    0   79   94    0  
  93    0    0   86   81  
  86    0   92   93    0  
   0    0   91   94  100  
  97    0   94    0   85  
 119   90    0  114    0  
   0    0   98  105   96  
 122    0  119  102    0  
 105    0    0  116   95  
 115  108    0    0  120  
 112    0  124  100    0  
   0    0  101  110  128  
 111    0  108  131    0  
   0  108    0  119  106  
   0    0  148  121  136  
   0  122    0  115  126  
 137  142    0    0  131  
 155  149  150    0    0  
 153    0  159    0  153  
 157    0  168  127    0  
 132    0  144    0  134  
   0  180  182  154    0  
 174  176    0  146    0  
 171    0  179  161    0  
   0  187    0  176  181  
   0  157  174  160    0  
 150    0    0  195  181  
 190    0    0  161  159  
 160  167    0  211    0  
 198  185  182    0    0  
   0  159  157    0  186  
   0  198  208  175    0  
   0    0  168  203  206  
   0  172  201  175    0  
   0    0  174  211  171  
   0  199  190  212    0  
 203    0    0  176  238  
 185    0    0  218  242  
   0  209    0  224  216  
   0    0  180  237  200  
   0  192  252    0  240  
   0  255  242  254    0  
 189    0    0  191  257  
 269    0    0  199  256  
 253  255    0    0  262  
 246  253    0  265    0  
   0  251  209    0  264  
 215  212    0  257    0  
 285    0  234    0  234  
 222    0  223  234    0  
   0  292  273  235    0  
   0  294    0  289  308  
 289  295    0  300    0  
 292  306    0  276    0  
 226    0  254  265    0  
 269    0  313  241    0  
 309    0  254  278    0  
   0  310  289  256    0  
 268    0  326    0  318  
   0  266    0  283  311  
 250    0  272    0  289  
   0  308    0  249  271  
 307    0  276  327    0  
 261  296    0    0  333  
 285    0  272  312    0  
   0  260  305  297    0  
 298  308    0    0  291  
 282    0  312  302    0  
 350    0  346    0  357  
 271    0    0  368  369  
 355  310    0    0  345  
   0  348    0  267  280  
 364  276  310    0    0  
 310  312    0    0  276  
 347  349    0    0  376  
 311    0  341    0  347  
   0  308  381  319    0  
   0  303    0  303  372  
 300    0  350  333    0  
   0    0  326  376  306  
   0  387    0  303  313  
   0  344    0  341  291  
   0    0  303  301  304  
   0  366    0  299  333  
 345    0    0  410  341  
 360  312    0    0  350  
   0  336  327    0  305  
   0  306  423    0  334  
 346  318    0    0  308  
 329  400  405    0    0  
 371    0    0  344  402  
 348  436  422    0    0  
   0  358  335    0  346  
   0  398  356  342    0  
 339  329    0    0  416  
 333  343    0  452    0  
 427  390  372    0    0  
 342  461    0    0  339  
   0  338  403  462    0  
   0    0  441  344  434  
 394    0  384    0  408  
 463  430  453    0    0  
   0  375    0  401  359  
 359    0  419  476    0  
 401    0  378  421    0  
   0    0  414  364  428  
 466  484    0    0  463  
 367  363    0    0  425  
 370  398  377    0    0  
   0  448    0  494  373  
   0    0  405  436  383  
 374  493  484    0    0  
 372    0  483  378    0  
   0  435    0  458  481  
   0  385    0  479  477  
 435  424  490    0    0  
 432    0    0  489  393  
 392  530    0    0  501  
   0  492    0  444  430  
   0  447  394  483    0  
 545  517    0  542    0  
 459  504    0    0  460  
   0  530  407  429    0  ] 
 ] 
