K : 150
I : 15
C : 15
INSTANCE : 1
PREFERENCES : [    0    0    0    3    4    1    0    0    0    0    0    2    5    0    0  
   0    4    1    0    0    0    0    5    0    0    0    0    3    0    2  
   0    0    0    0    3    1    5    0    0    0    0    0    2    4    0  
   1    0    0    0    0    0    4    3    5    0    0    0    2    0    0  
   0    3    0    0    0    0    5    1    0    0    0    0    2    4    0  
   2    0    0    0    5    0    0    1    0    3    0    0    4    0    0  
   2    0    3    0    5    0    0    0    4    0    0    0    0    1    0  
   3    0    1    0    0    5    0    0    2    0    0    0    0    0    4  
   0    3    0    0    0    4    5    0    0    0    2    1    0    0    0  
   2    0    1    0    0    3    4    0    0    0    0    0    0    5    0  
   0    0    0    1    0    4    0    0    0    2    5    0    3    0    0  
   0    3    0    0    1    0    0    0    0    2    0    5    0    4    0  
   3    5    0    2    0    0    1    0    0    0    0    4    0    0    0  
   4    3    0    0    0    0    0    1    0    0    5    2    0    0    0  
   0    0    0    4    0    1    0    0    0    0    0    5    3    2    0  
   0    4    2    0    0    3    5    1    0    0    0    0    0    0    0  
   0    0    0    3    5    4    0    1    2    0    0    0    0    0    0  
   0    2    4    0    0    3    1    0    0    0    0    0    0    0    5  
   0    0    2    4    0    3    0    0    0    5    0    1    0    0    0  
   0    0    3    0    0    0    2    0    0    0    1    0    0    5    4  
   0    1    0    0    0    0    0    3    2    5    0    0    0    0    4  
   0    0    0    0    0    2    1    0    0    3    4    0    0    0    5  
   0    0    2    4    0    0    0    1    3    0    0    0    0    0    5  
   0    0    0    2    0    1    0    4    0    5    3    0    0    0    0  
   0    1    5    0    2    0    0    3    0    0    0    0    4    0    0  
   0    0    0    0    3    5    1    2    0    0    0    0    4    0    0  
   0    2    0    0    0    0    0    0    0    5    4    0    3    1    0  
   0    0    0    1    0    0    0    2    0    0    3    4    0    0    5  
   0    5    0    0    0    0    0    0    0    3    0    0    2    4    1  
   1    0    0    0    0    3    2    0    0    5    0    0    0    0    4  
   0    4    0    0    0    0    2    0    5    0    3    0    1    0    0  
   0    0    0    0    2    3    0    0    1    0    0    5    0    4    0  
   0    2    1    0    0    0    4    0    3    0    0    0    0    0    5  
   4    0    0    0    0    0    0    3    0    2    0    5    0    0    1  
   4    0    2    5    0    0    3    1    0    0    0    0    0    0    0  
   0    5    0    0    0    3    0    4    0    0    0    0    0    1    2  
   2    0    0    0    0    0    5    1    0    4    0    0    0    0    3  
   0    0    3    0    0    0    0    2    0    4    1    0    0    5    0  
   0    0    5    3    0    1    4    0    0    2    0    0    0    0    0  
   0    0    5    0    0    4    3    0    2    0    0    0    0    0    1  
   1    5    0    0    2    0    0    0    0    3    0    0    4    0    0  
   0    0    0    0    0    0    0    3    0    1    2    5    0    0    4  
   5    0    0    2    3    0    0    0    0    0    4    1    0    0    0  
   0    2    0    0    0    1    0    0    5    3    0    4    0    0    0  
   5    0    3    0    0    0    0    4    0    0    0    1    0    2    0  
   0    3    0    0    0    5    2    0    0    4    0    0    0    1    0  
   2    0    0    0    3    0    4    0    5    0    0    0    0    0    1  
   1    0    0    0    4    2    0    0    3    0    0    5    0    0    0  
   0    0    2    3    0    1    5    0    4    0    0    0    0    0    0  
   0    0    0    0    5    4    0    3    1    0    0    2    0    0    0  
   2    0    0    1    4    0    0    0    0    5    0    0    0    0    3  
   0    1    5    0    0    0    0    0    0    0    4    3    2    0    0  
   0    0    0    5    3    0    0    0    1    0    0    2    0    4    0  
   0    1    4    0    3    0    0    0    2    0    0    0    0    0    5  
   0    4    5    2    0    0    1    0    0    0    3    0    0    0    0  
   0    0    4    0    3    1    0    0    0    0    0    0    5    0    2  
   0    0    0    3    0    4    0    0    1    5    0    0    2    0    0  
   0    0    0    2    1    0    3    4    0    0    0    0    5    0    0  
   0    0    0    3    0    0    1    2    0    0    0    0    4    5    0  
   0    0    0    0    2    0    0    4    0    5    3    1    0    0    0  
   0    0    0    0    0    0    0    4    3    2    5    1    0    0    0  
   4    0    0    2    0    5    0    0    0    0    0    0    1    0    3  
   0    1    0    0    5    2    0    0    0    0    0    4    3    0    0  
   0    1    2    5    0    0    4    0    0    0    0    3    0    0    0  
   1    4    0    0    0    0    0    0    0    0    3    2    0    5    0  
   3    0    0    0    4    0    0    5    0    1    0    0    0    0    2  
   0    4    0    0    0    2    0    0    0    0    0    0    5    1    3  
   4    0    0    0    5    0    3    0    0    0    0    0    2    1    0  
   4    5    0    0    0    2    0    0    3    1    0    0    0    0    0  
   0    0    0    0    2    4    0    0    0    1    3    0    0    0    5  
   0    5    0    0    1    2    3    0    0    4    0    0    0    0    0  
   5    4    0    0    0    0    0    1    2    0    0    0    0    3    0  
   4    0    0    1    0    0    0    5    2    0    3    0    0    0    0  
   5    0    2    0    0    4    3    1    0    0    0    0    0    0    0  
   0    3    0    5    2    0    0    4    0    0    1    0    0    0    0  
   3    0    0    0    0    5    0    0    0    0    0    1    2    0    4  
   0    0    5    0    2    0    0    0    0    0    1    0    0    3    4  
   0    0    3    0    0    0    1    5    0    0    0    0    4    2    0  
   0    0    1    0    0    0    0    0    3    2    0    0    4    5    0  
   0    0    3    1    0    0    0    0    0    4    0    2    0    0    5  
   2    0    5    0    0    0    0    3    0    0    0    4    0    0    1  
   0    3    0    0    1    0    0    2    5    0    0    0    0    0    4  
   2    4    0    5    0    1    0    0    3    0    0    0    0    0    0  
   0    0    0    5    0    0    4    2    0    0    0    0    1    0    3  
   0    0    3    0    0    0    1    5    2    0    0    0    0    0    4  
   0    4    0    0    0    0    0    0    0    2    3    0    1    5    0  
   2    0    0    1    3    5    0    0    0    4    0    0    0    0    0  
   5    0    1    2    0    0    0    0    0    0    0    4    0    3    0  
   3    0    0    2    0    0    0    0    5    0    0    4    1    0    0  
   0    0    0    4    0    0    2    3    0    5    0    0    1    0    0  
   0    0    0    0    4    5    2    0    0    0    0    0    0    1    3  
   4    2    0    0    3    0    0    0    1    0    5    0    0    0    0  
   0    0    0    0    4    0    0    0    2    1    0    5    0    3    0  
   0    2    0    0    0    0    3    0    0    0    0    1    5    4    0  
   0    0    5    1    0    0    0    0    3    0    0    0    2    0    4  
   0    1    5    2    0    0    0    4    0    0    0    0    0    0    3  
   0    0    5    0    4    1    0    0    3    2    0    0    0    0    0  
   0    0    4    0    1    0    0    3    0    5    0    0    2    0    0  
   0    0    2    0    0    5    0    1    0    0    0    3    0    4    0  
   0    4    0    1    0    0    0    0    0    0    5    0    2    3    0  
   0    0    2    0    0    1    5    0    0    0    3    4    0    0    0  
   0    0    0    0    1    2    5    0    0    0    0    3    4    0    0  
   3    0    0    4    0    0    0    0    0    0    2    0    0    5    1  
   0    0    0    0    0    2    1    5    0    0    3    0    0    0    4  
   5    0    0    1    0    0    0    0    4    0    0    3    0    0    2  
   0    0    0    1    0    3    0    0    4    0    5    0    0    0    2  
   0    5    0    1    4    0    0    0    0    0    2    3    0    0    0  
   0    0    0    0    1    4    0    0    5    2    0    0    3    0    0  
   1    0    3    0    5    0    0    4    0    2    0    0    0    0    0  
   0    0    5    1    4    0    0    0    3    0    0    0    0    0    2  
   0    0    0    0    4    2    1    0    5    3    0    0    0    0    0  
   4    0    0    0    0    0    3    5    0    0    2    1    0    0    0  
   0    0    0    0    0    2    0    0    1    5    0    4    0    0    3  
   0    3    0    0    0    1    0    0    0    0    4    2    0    5    0  
   5    0    3    0    4    0    0    0    0    0    2    0    0    0    1  
   0    2    0    0    3    0    0    4    0    0    0    1    0    0    5  
   1    0    0    0    2    0    0    0    0    5    0    4    3    0    0  
   4    0    0    0    0    0    0    1    0    5    3    0    0    0    2  
   0    0    5    0    0    0    3    2    0    1    4    0    0    0    0  
   0    4    3    0    0    0    0    5    0    1    0    2    0    0    0  
   0    0    5    0    0    1    2    0    0    0    0    4    3    0    0  
   0    5    0    0    3    1    0    0    0    4    0    0    0    0    2  
   0    0    0    3    5    4    0    0    0    0    0    2    0    0    1  
   5    0    0    0    0    0    0    0    0    0    0    4    1    2    3  
   0    2    0    0    0    5    0    0    0    0    0    3    1    0    4  
   4    0    0    0    0    3    0    5    0    0    0    0    2    1    0  
   1    0    5    0    0    0    4    2    0    0    0    0    0    0    3  
   0    0    0    4    0    2    0    0    3    0    0    5    0    0    1  
   0    0    0    3    2    1    0    4    0    5    0    0    0    0    0  
   2    0    5    3    0    0    0    4    0    0    0    0    0    0    1  
   1    0    5    2    0    0    3    0    0    0    0    4    0    0    0  
   0    0    2    0    0    0    0    0    5    3    0    0    4    0    1  
   0    4    0    0    0    0    2    3    1    0    0    0    0    0    5  
   0    0    0    0    5    0    2    0    0    0    3    1    0    0    4  
   0    0    0    0    0    0    0    0    2    0    0    4    5    3    1  
   5    0    0    1    0    0    3    2    0    0    4    0    0    0    0  
   0    0    0    0    0    2    1    0    4    5    3    0    0    0    0  
   1    2    0    0    5    0    0    0    4    0    0    0    3    0    0  
   0    1    0    0    5    3    0    0    0    0    0    0    2    4    0  
   0    0    0    4    0    0    0    2    0    3    0    0    1    0    5  
   0    0    0    2    0    0    0    1    5    0    3    0    0    4    0  
   5    0    0    0    0    0    4    0    3    1    0    0    0    2    0  
   0    1    0    0    2    0    0    3    0    0    0    5    4    0    0  
   0    2    0    0    4    0    0    0    0    1    0    0    5    3    0  
   3    4    0    0    2    0    1    5    0    0    0    0    0    0    0  
   1    0    0    3    0    0    0    0    0    4    5    0    2    0    0  
   0    0    0    0    0    2    0    3    0    4    1    0    0    0    5  
   0    5    0    1    0    3    0    0    0    4    0    0    0    0    2  
   0    5    0    0    0    0    0    1    2    0    3    0    4    0    0  
   0    0    0    1    4    2    0    0    0    0    0    0    5    3    0  ] 
RESERVATION PRICES : [    0    0    0    9    8    8    0    0    0    0    0   10    8    0    0  
   0   10    9    0    0    0    0   10    0    0    0    0   10    0   10  
   0    0    0    0   15   15   19    0    0    0    0    0   14   15    0  
  16    0    0    0    0    0   18   19   17    0    0    0   17    0    0  
   0   25    0    0    0    0   23   25    0    0    0    0   26   21    0  
  27    0    0    0   23    0    0   26    0   24    0    0   27    0    0  
  31    0   26    0   24    0    0    0   28    0    0    0    0   24    0  
  36    0   34    0    0   37    0    0   35    0    0    0    0    0   35  
   0   37    0    0    0   37   42    0    0    0   36   41    0    0    0  
  41    0   36    0    0   40   37    0    0    0    0    0    0   34    0  
   0    0    0   34    0   35    0    0    0   34   41    0   36    0    0  
   0   49    0    0   40    0    0    0    0   42    0   49    0   48    0  
  42   45    0   45    0    0   46    0    0    0    0   47    0    0    0  
  43   41    0    0    0    0    0   42    0    0   56   42    0    0    0  
   0    0    0   54    0   60    0    0    0    0    0   56   44   46    0  
   0   52   62    0    0   48   51   53    0    0    0    0    0    0    0  
   0    0    0   53   50   55    0   64   63    0    0    0    0    0    0  
   0   67   53    0    0   58   56    0    0    0    0    0    0    0   59  
   0    0   64   66    0   55    0    0    0   63    0   57    0    0    0  
   0    0   53    0    0    0   67    0    0    0   66    0    0   71   69  
   0   70    0    0    0    0    0   56   69   59    0    0    0    0   53  
   0    0    0    0    0   58   63    0    0   70   54    0    0    0   69  
   0    0   65   60    0    0    0   56   64    0    0    0    0    0   77  
   0    0    0   67    0   71    0   77    0   82   79    0    0    0    0  
   0   66   76    0   87    0    0   70    0    0    0    0   84    0    0  
   0    0    0    0   87   73   84   80    0    0    0    0   80    0    0  
   0   90    0    0    0    0    0    0    0   75   74    0   72   85    0  
   0    0    0   85    0    0    0   88    0    0   83   95    0    0   84  
   0   76    0    0    0    0    0    0    0   80    0    0   76   94   94  
  77    0    0    0    0  102   91    0    0   86    0    0    0    0   78  
   0   94    0    0    0    0   90    0  104    0   88    0  110    0    0  
   0    0    0    0  111  104    0    0   88    0    0  104    0   85    0  
   0  104   88    0    0    0  119    0   87    0    0    0    0    0   98  
 105    0    0    0    0    0    0  120    0  117    0   90    0    0  118  
 120    0  114  110    0    0  120  123    0    0    0    0    0    0    0  
   0   93    0    0    0  120    0   96    0    0    0    0    0  113  121  
 126    0    0    0    0    0  126  103    0  121    0    0    0    0  108  
   0    0  129    0    0    0    0  121    0  106  130    0    0  124    0  
   0    0  132  105    0  106  108    0    0  136    0    0    0    0    0  
   0    0  112    0    0  107  114    0  118    0    0    0    0    0  136  
 134  112    0    0  129    0    0    0    0  108    0    0  107    0    0  
   0    0    0    0    0    0    0  115    0  139  144  141    0    0  137  
 125    0    0  143  132    0    0    0    0    0  146  138    0    0    0  
   0  128    0    0    0  116    0    0  135  137    0  131    0    0    0  
 115    0  129    0    0    0    0  147    0    0    0  159    0  158    0  
   0  159    0    0    0  119  130    0    0  153    0    0    0  159    0  
 168    0    0    0  134    0  133    0  126    0    0    0    0    0  138  
 158    0    0    0  137  151    0    0  135    0    0  134    0    0    0  
   0    0  146  165    0  163  126    0  142    0    0    0    0    0    0  
   0    0    0    0  170  144    0  174  141    0    0  147    0    0    0  
 163    0    0  167  180    0    0    0    0  178    0    0    0    0  132  
   0  167  176    0    0    0    0    0    0    0  163  140  158    0    0  
   0    0    0  164  157    0    0    0  159    0    0  149    0  169    0  
   0  157  186    0  160    0    0    0  162    0    0    0    0    0  166  
   0  177  144  183    0    0  192    0    0    0  162    0    0    0    0  
   0    0  194    0  186  177    0    0    0    0    0    0  183    0  164  
   0    0    0  186    0  158    0    0  166  165    0    0  154    0    0  
   0    0    0  146  158    0  198  156    0    0    0    0  143    0    0  
   0    0    0  177    0    0  196  185    0    0    0    0  192  155    0  
   0    0    0    0  170    0    0  160    0  183  199  179    0    0    0  
   0    0    0    0    0    0    0  202  177  206  154  196    0    0    0  
 170    0    0  200    0  169    0    0    0    0    0    0  181    0  180  
   0  164    0    0  202  170    0    0    0    0    0  164  162    0    0  
   0  217  198  172    0    0  192    0    0    0    0  192    0    0    0  
 202  208    0    0    0    0    0    0    0    0  226  223    0  175    0  
 167    0    0    0  213    0    0  184    0  179    0    0    0    0  231  
   0  200    0    0    0  192    0    0    0    0    0    0  194  214  195  
 195    0    0    0  188    0  174    0    0    0    0    0  199  205    0  
 220  179    0    0    0  176    0    0  219  189    0    0    0    0    0  
   0    0    0    0  203  216    0    0    0  181  220    0    0    0  196  
   0  200    0    0  240  208  179    0    0  242    0    0    0    0    0  
 191  222    0    0    0    0    0  200  201    0    0    0    0  204    0  
 238    0    0  235    0    0    0  219  255    0  221    0    0    0    0  
 199    0  256    0    0  261  236  208    0    0    0    0    0    0    0  
   0  237    0  264  263    0    0  201    0    0  249    0    0    0    0  
 258    0    0    0    0  247    0    0    0    0    0  264  261    0  244  
   0    0  220    0  249    0    0    0    0    0  251    0    0  195  216  
   0    0  259    0    0    0  252  273    0    0    0    0  199  243    0  
   0    0  234    0    0    0    0    0  246  238    0    0  274  200    0  
   0    0  278  211    0    0    0    0    0  230    0  279    0    0  217  
 264    0  273    0    0    0    0  255    0    0    0  259    0    0  262  
   0  219    0    0  267    0    0  251  258    0    0    0    0    0  264  
 278  290    0  246    0  245    0    0  228    0    0    0    0    0    0  
   0    0    0  225    0    0  255  233    0    0    0    0  294    0  251  
   0    0  218    0    0    0  281  259  238    0    0    0    0    0  239  
   0  290    0    0    0    0    0    0    0  232  240    0  247  244    0  
 276    0    0  278  282  312    0    0    0  247    0    0    0    0    0  
 238    0  301  271    0    0    0    0    0    0    0  259    0  278    0  
 280    0    0  268    0    0    0    0  260    0    0  300  271    0    0  
   0    0    0  297    0    0  317  281    0  323    0    0  322    0    0  
   0    0    0    0  288  320  291    0    0    0    0    0    0  266  286  
 274  332    0    0  246    0    0    0  313    0  301    0    0    0    0  
   0    0    0    0  263    0    0    0  340  316    0  311    0  277    0  
   0  276    0    0    0    0  283    0    0    0    0  260  282  333    0  
   0    0  264  264    0    0    0    0  253    0    0    0  256    0  268  
   0  330  304  333    0    0    0  272    0    0    0    0    0    0  346  
   0    0  346    0  329  288    0    0  330  293    0    0    0    0    0  
   0    0  344    0  310    0    0  332    0  337    0    0  264    0    0  
   0    0  342    0    0  304    0  289    0    0    0  342    0  327    0  
   0  344    0  336    0    0    0    0    0    0  297    0  363  368    0  
   0    0  307    0    0  297  324    0    0    0  304  301    0    0    0  
   0    0    0    0  344  296  315    0    0    0    0  373  312    0    0  
 303    0    0  342    0    0    0    0    0    0  301    0    0  355  327  
   0    0    0    0    0  367  347  304    0    0  284    0    0    0  312  
 380    0    0  277    0    0    0    0  350    0    0  382    0    0  306  
   0    0    0  368    0  299    0    0  320    0  390    0    0    0  390  
   0  284    0  336  367    0    0    0    0    0  384  331    0    0    0  
   0    0    0    0  296  335    0    0  391  393    0    0  287    0    0  
 363    0  316    0  353    0    0  313    0  385    0    0    0    0    0  
   0    0  340  315  313    0    0    0  308    0    0    0    0    0  395  
   0    0    0    0  297  413  391    0  351  352    0    0    0    0    0  
 324    0    0    0    0    0  371  400    0    0  378  356    0    0    0  
   0    0    0    0    0  371    0    0  421  319    0  410    0    0  357  
   0  342    0    0    0  380    0    0    0    0  367  429    0  400    0  
 321    0  364    0  346    0    0    0    0    0  424    0    0    0  317  
   0  324    0    0  399    0    0  360    0    0    0  379    0    0  423  
 424    0    0    0  335    0    0    0    0  331    0  376  371    0    0  
 379    0    0    0    0    0    0  323    0  436  324    0    0    0  351  
   0    0  400    0    0    0  359  348    0  372  334    0    0    0    0  
   0  387  441    0    0    0    0  443    0  374    0  399    0    0    0  
   0    0  364    0    0  360  366    0    0    0    0  425  337    0    0  
   0  385    0    0  446  366    0    0    0  425    0    0    0    0  421  
   0    0    0  425  461  448    0    0    0    0    0  366    0    0  433  
 440    0    0    0    0    0    0    0    0    0    0  401  439  455  414  
   0  444    0    0    0  397    0    0    0    0    0  447  458    0  425  
 430    0    0    0    0  357    0  414    0    0    0    0  411  359    0  
 449    0  389    0    0    0  370  375    0    0    0    0    0    0  384  
   0    0    0  448    0  413    0    0  460    0    0  449    0    0  395  
   0    0    0  376  479  376    0  471    0  446    0    0    0    0    0  
 404    0  407  455    0    0    0  373    0    0    0    0    0    0  442  
 444    0  382  362    0    0  405    0    0    0    0  473    0    0    0  
   0    0  361    0    0    0    0    0  459  481    0    0  486    0  396  
   0  457    0    0    0    0  445  396  494    0    0    0    0    0  483  
   0    0    0    0  486    0  373    0    0    0  378  394    0    0  381  
   0    0    0    0    0    0    0    0  367    0    0  383  472  428  498  
 399    0    0  502    0    0  474  492    0    0  402    0    0    0    0  
   0    0    0    0    0  403  389    0  391  442  395    0    0    0    0  
 474  520    0    0  461    0    0    0  450    0    0    0  413    0    0  
   0  436    0    0  500  380    0    0    0    0    0    0  408  397    0  
   0    0    0  379    0    0    0  408    0  472    0    0  399    0  464  
   0    0    0  400    0    0    0  402  535    0  489    0    0  514    0  
 402    0    0    0    0    0  450    0  469  518    0    0    0  419    0  
   0  432    0    0  396    0    0  455    0    0    0  426  455    0    0  
   0  429    0    0  532    0    0    0    0  532    0    0  454  436    0  
 398  507    0    0  514    0  469  527    0    0    0    0    0    0    0  
 469    0    0  511    0    0    0    0    0  424  443    0  516    0    0  
   0    0    0    0    0  444    0  485    0  479  415    0    0    0  469  
   0  512    0  452    0  450    0    0    0  429    0    0    0    0  415  
   0  517    0    0    0    0    0  489  519    0  412    0  415    0    0  
   0    0    0  426  405  512    0    0    0    0    0    0  430  536    0  ] 
 ] 
