K : 150
I : 15
C : 24
INSTANCE : 5
PREFERENCES : [    0    0    2    1    4    0    0    0    5    0    0    0    3    0    0  
   0    4    5    0    2    0    0    0    0    0    0    3    0    1    0  
   0    0    0    3    0    5    0    1    2    0    4    0    0    0    0  
   0    0    0    1    4    0    0    0    0    3    0    0    5    0    2  
   0    0    1    3    0    0    5    0    0    4    0    0    2    0    0  
   0    5    3    4    2    0    1    0    0    0    0    0    0    0    0  
   0    0    0    0    0    0    1    0    3    4    5    0    0    2    0  
   0    0    0    3    1    0    0    2    0    4    0    5    0    0    0  
   0    0    0    4    5    2    1    0    0    0    0    0    0    3    0  
   2    0    0    1    0    0    0    0    0    3    0    5    0    0    4  
   4    0    2    0    0    0    0    5    0    0    1    0    0    0    3  
   4    0    0    1    5    0    3    0    0    0    2    0    0    0    0  
   0    5    0    1    0    0    3    0    2    0    0    0    0    0    4  
   2    0    0    0    0    0    4    0    0    0    3    0    0    5    1  
   0    0    3    0    0    4    0    0    0    0    5    0    1    0    2  
   0    0    3    0    0    0    0    1    0    0    0    0    5    2    4  
   0    0    4    2    0    1    0    5    0    0    0    0    0    0    3  
   5    2    0    0    3    0    0    0    0    0    0    1    0    0    4  
   3    0    5    0    0    0    0    1    4    0    2    0    0    0    0  
   0    0    0    0    0    0    1    3    0    0    4    0    5    0    2  
   0    0    0    0    0    0    4    0    5    0    1    3    2    0    0  
   0    0    0    0    2    0    0    0    5    0    1    0    0    3    4  
   0    1    0    3    4    0    0    2    0    0    0    0    0    0    5  
   0    0    0    2    0    0    4    1    0    0    0    0    5    3    0  
   0    0    3    0    0    1    0    0    4    0    0    5    0    0    2  
   3    0    0    1    0    2    4    0    0    0    0    5    0    0    0  
   0    5    0    0    0    2    0    1    0    0    0    0    0    4    3  
   3    0    1    0    4    0    0    0    0    0    5    2    0    0    0  
   0    4    3    1    0    0    0    0    5    0    0    0    0    2    0  
   4    2    3    5    0    0    0    0    0    0    0    0    0    0    1  
   0    0    1    0    5    3    0    0    4    0    0    0    0    0    2  
   0    0    1    0    4    2    0    3    0    0    5    0    0    0    0  
   0    2    1    0    5    0    0    0    0    0    0    4    0    0    3  
   0    0    0    5    0    4    0    0    0    2    0    0    0    3    1  
   4    0    1    0    0    2    5    0    0    3    0    0    0    0    0  
   0    0    2    0    0    0    3    4    0    5    1    0    0    0    0  
   4    0    0    0    1    0    5    0    0    2    0    0    3    0    0  
   0    0    0    0    4    1    0    0    0    3    5    0    2    0    0  
   3    2    0    4    5    0    0    0    1    0    0    0    0    0    0  
   5    3    0    0    1    0    0    0    2    0    4    0    0    0    0  
   0    0    0    0    4    0    0    2    0    0    5    3    0    0    1  
   0    5    2    0    0    0    0    3    0    0    0    4    1    0    0  
   0    0    4    0    0    1    3    5    0    0    0    0    0    2    0  
   4    3    1    0    0    0    0    0    0    0    0    5    0    0    2  
   3    0    5    0    0    2    0    4    0    0    0    0    0    0    1  
   0    0    2    0    0    5    0    3    0    0    0    0    1    0    4  
   0    2    1    0    0    5    0    3    0    0    0    0    0    0    4  
   3    0    0    4    0    0    0    5    0    2    0    1    0    0    0  
   0    5    0    0    0    0    2    1    0    0    0    0    3    4    0  
   0    3    0    4    0    0    2    5    0    0    0    0    0    0    1  
   0    0    0    0    5    0    3    0    0    0    0    0    2    4    1  
   4    0    0    0    0    0    0    2    5    3    0    0    0    1    0  
   4    0    0    0    1    0    0    0    0    0    3    5    2    0    0  
   0    0    0    0    4    0    2    5    0    1    0    0    0    3    0  
   0    5    3    0    2    4    0    0    0    0    0    0    1    0    0  
   0    0    5    0    0    0    1    0    3    4    0    0    0    2    0  
   0    0    0    0    4    0    2    0    5    0    0    3    1    0    0  
   0    0    2    3    0    0    0    0    0    0    0    4    0    5    1  
   0    0    4    0    0    2    0    3    0    0    0    5    1    0    0  
   0    0    3    0    0    0    2    1    0    0    4    0    0    0    5  
   0    0    0    0    0    0    5    0    2    3    0    4    0    0    1  
   0    0    0    0    0    0    1    2    0    4    0    0    0    5    3  
   4    5    0    0    1    0    0    3    0    0    0    2    0    0    0  
   0    2    0    0    3    0    5    4    0    0    0    1    0    0    0  
   5    0    3    0    4    0    2    0    0    1    0    0    0    0    0  
   0    0    0    0    0    0    0    0    0    1    4    0    5    2    3  
   0    0    3    5    0    0    4    0    0    0    0    2    0    0    1  
   2    0    0    0    0    0    0    5    0    4    0    0    3    0    1  
   0    1    0    0    0    0    0    3    2    0    0    0    0    4    5  
   5    0    2    0    0    0    0    3    4    0    0    0    0    1    0  
   0    0    5    2    0    1    0    0    0    0    0    3    0    0    4  
   0    0    0    0    0    0    4    3    2    0    0    0    1    0    5  
   3    0    0    0    5    0    0    4    2    0    0    0    0    0    1  
   2    0    0    0    0    4    0    3    0    0    1    0    5    0    0  
   2    0    4    0    3    1    0    0    0    5    0    0    0    0    0  
   0    0    1    0    5    0    0    0    0    0    0    2    0    4    3  
   0    0    0    2    4    0    0    5    0    0    0    0    0    1    3  
   0    1    0    5    3    0    0    0    4    0    2    0    0    0    0  
   2    0    0    0    0    0    5    0    4    0    0    1    0    0    3  
   0    3    0    1    0    0    2    0    0    5    0    0    0    4    0  
   0    1    0    0    3    0    0    0    0    5    0    2    4    0    0  
   0    0    0    3    0    0    5    1    4    0    2    0    0    0    0  
   1    0    0    3    0    0    5    0    2    0    4    0    0    0    0  
   0    0    1    0    0    0    5    2    4    0    0    3    0    0    0  
   0    2    0    0    4    0    0    0    0    0    0    0    5    3    1  
   0    0    0    0    0    2    0    1    0    5    0    0    0    4    3  
   3    2    0    0    0    0    5    0    0    0    0    4    0    0    1  
   0    0    0    4    5    0    0    3    0    0    0    2    0    1    0  
   0    0    0    0    1    0    0    4    2    0    0    0    5    0    3  
   0    0    0    5    2    3    0    0    0    0    0    0    4    0    1  
   0    0    4    5    3    0    0    0    2    0    0    0    1    0    0  
   3    4    0    0    2    0    0    0    0    0    0    0    1    5    0  
   0    0    0    0    2    3    0    0    4    0    1    0    0    5    0  
   0    0    0    0    2    5    0    4    0    1    0    0    3    0    0  
   0    0    1    0    0    4    0    0    3    0    0    2    0    5    0  
   0    0    1    0    0    0    0    0    3    5    4    0    2    0    0  
   0    4    0    0    0    0    0    0    2    1    0    5    0    3    0  
   4    0    0    0    0    3    0    1    0    2    0    0    5    0    0  
   2    0    0    3    0    0    0    1    5    0    0    0    4    0    0  
   0    0    0    0    0    0    5    2    3    4    1    0    0    0    0  
   0    0    0    0    0    0    3    0    2    0    4    5    1    0    0  
   2    0    0    4    0    5    0    0    0    1    0    3    0    0    0  
   3    5    0    2    0    0    0    0    0    1    0    0    0    0    4  
   5    4    0    1    0    0    0    0    2    0    3    0    0    0    0  
   0    0    1    4    0    0    3    0    5    0    0    0    0    2    0  
   0    0    0    0    0    5    0    3    4    0    2    0    0    0    1  
   2    1    0    0    3    0    0    5    0    0    4    0    0    0    0  
   0    3    0    0    0    1    2    0    4    5    0    0    0    0    0  
   5    0    0    0    0    0    0    0    0    0    1    2    0    4    3  
   1    0    0    0    0    0    0    0    0    4    5    3    2    0    0  
   2    0    0    3    0    0    0    0    0    0    5    0    1    4    0  
   0    2    4    0    0    0    0    0    0    0    0    3    5    0    1  
   0    0    4    0    1    0    3    0    0    0    0    0    0    2    5  
   5    2    4    0    0    0    0    0    1    0    0    3    0    0    0  
   0    0    0    0    1    2    4    0    0    3    0    5    0    0    0  
   0    1    0    2    0    3    0    0    5    4    0    0    0    0    0  
   5    0    3    0    0    1    4    0    0    0    0    2    0    0    0  
   2    5    0    0    0    3    0    0    4    0    0    1    0    0    0  
   0    0    5    0    0    4    0    0    0    0    1    3    0    0    2  
   3    5    0    0    0    0    1    0    0    4    0    0    0    0    2  
   0    0    0    0    5    0    0    1    2    0    0    4    0    0    3  
   0    0    0    0    0    2    4    0    0    0    3    0    0    5    1  
   0    0    2    0    0    0    0    4    5    0    0    0    3    1    0  
   0    0    0    3    0    0    4    2    0    0    0    0    0    5    1  
   1    0    0    0    0    0    2    0    0    0    3    5    0    4    0  
   0    2    0    5    0    1    0    0    4    0    0    0    0    3    0  
   0    0    5    1    0    0    4    2    0    0    0    0    3    0    0  
   5    0    0    1    0    0    0    0    4    0    3    0    0    2    0  
   2    4    0    3    0    0    5    0    0    0    0    1    0    0    0  
   0    0    4    0    0    0    0    0    0    3    2    0    5    0    1  
   0    0    0    0    0    0    5    4    0    0    0    3    1    0    2  
   0    2    0    0    3    4    0    0    0    0    5    0    0    0    1  
   5    0    0    3    0    0    4    1    0    0    0    0    2    0    0  
   0    0    0    4    0    0    0    0    2    3    0    0    5    0    1  
   0    0    2    4    0    3    0    0    1    5    0    0    0    0    0  
   0    0    4    5    2    0    0    0    0    0    0    1    3    0    0  
   0    1    0    0    3    0    4    0    0    0    2    0    0    0    5  
   0    0    5    0    1    0    0    4    0    3    2    0    0    0    0  
   0    0    0    0    0    0    3    0    1    0    2    0    5    4    0  
   2    0    5    3    0    0    0    0    0    4    0    0    0    1    0  
   3    1    0    2    0    0    0    4    0    0    0    0    0    0    5  
   0    4    0    0    0    2    0    1    5    0    0    0    0    0    3  
   0    0    0    0    0    0    0    0    4    1    3    0    0    2    5  
   2    5    0    0    3    0    1    0    0    4    0    0    0    0    0  
   0    0    0    0    4    5    0    3    0    0    1    0    0    0    2  
   0    1    5    0    2    0    0    0    0    0    0    0    3    4    0  
   0    0    3    0    0    0    1    0    0    0    0    5    2    0    4  
   0    0    0    5    2    0    1    0    0    0    4    0    0    0    3  
   4    0    5    0    2    0    3    0    0    0    1    0    0    0    0  
   4    3    0    5    0    0    1    0    0    0    0    0    0    2    0  ] 
RESERVATION PRICES : [    0    0    6    6    6    0    0    0    7    0    0    0    7    0    0  
   0   10   11    0    9    0    0    0    0    0    0    9    0   10    0  
   0    0    0   16    0   12    0   15   12    0   13    0    0    0    0  
   0    0    0   19   20    0    0    0    0   22    0    0   21    0   17  
   0    0   23   22    0    0   19    0    0   22    0    0   18    0    0  
   0   24   19   21   23    0   23    0    0    0    0    0    0    0    0  
   0    0    0    0    0    0   29    0   22   23   30    0    0   23    0  
   0    0    0   28   29    0    0   24    0   27    0   25    0    0    0  
   0    0    0   36   34   38   32    0    0    0    0    0    0   37    0  
  41    0    0   38    0    0    0    0    0   40    0   37    0    0   40  
  37    0   41    0    0    0    0   31    0    0   38    0    0    0   40  
  33    0    0   44   34    0   45    0    0    0   38    0    0    0    0  
   0   50    0   52    0    0   49    0   44    0    0    0    0    0   43  
  43    0    0    0    0    0   42    0    0    0   41    0    0   47   43  
   0    0   51    0    0   44    0    0    0    0   52    0   54    0   55  
   0    0   54    0    0    0    0   57    0    0    0    0   49   52   49  
   0    0   60   49    0   58    0   51    0    0    0    0    0    0   58  
  49   52    0    0   63    0    0    0    0    0    0   66    0    0   52  
  73    0   65    0    0    0    0   66   60    0   63    0    0    0    0  
   0    0    0    0    0    0   63   59    0    0   66    0   79    0   65  
   0    0    0    0    0    0   77    0   73    0   77   75   66    0    0  
   0    0    0    0   65    0    0    0   75    0   66    0    0   83   83  
   0   69    0   84   70    0    0   73    0    0    0    0    0    0   80  
   0    0    0   83    0    0   66   68    0    0    0    0   86   86    0  
   0    0   87    0    0   93    0    0   76    0    0   69    0    0   84  
  97    0    0   90    0   84   84    0    0    0    0   86    0    0    0  
   0   81    0    0    0   91    0   94    0    0    0    0    0  104   78  
  86    0  110    0  107    0    0    0    0    0  109  100    0    0    0  
   0   87  113   82    0    0    0    0   97    0    0    0    0   92    0  
 100  114  111  113    0    0    0    0    0    0    0    0    0    0   94  
   0    0  110    0  125  106    0    0  107    0    0    0    0    0  110  
   0    0   99    0  121   90    0   99    0    0  104    0    0    0    0  
   0  131  114    0  117    0    0    0    0    0    0  129    0    0  128  
   0    0    0  114    0  123    0    0    0   98    0    0    0  133  101  
 100    0  124    0    0  120  136    0    0  111    0    0    0    0    0  
   0    0  133    0    0    0  132  131    0  109  136    0    0    0    0  
 116    0    0    0  123    0  109    0    0  108    0    0  130    0    0  
   0    0    0    0  148  131    0    0    0  143  107    0  107    0    0  
 110  130    0  132  124    0    0    0  131    0    0    0    0    0    0  
 129  145    0    0  109    0    0    0  140    0  133    0    0    0    0  
   0    0    0    0  133    0    0  149    0    0  117  141    0    0  134  
   0  133  148    0    0    0    0  135    0    0    0  124  118    0    0  
   0    0  144    0    0  140  138  151    0    0    0    0    0  158    0  
 159  161  136    0    0    0    0    0    0    0    0  132    0    0  160  
 168    0  131    0    0  155    0  164    0    0    0    0    0    0  138  
   0    0  174    0    0  145    0  151    0    0    0    0  146    0  145  
   0  158  166    0    0  156    0  142    0    0    0    0    0    0  145  
 164    0    0  144    0    0    0  170    0  181    0  172    0    0    0  
   0  178    0    0    0    0  150  145    0    0    0    0  187  179    0  
   0  181    0  187    0    0  171  165    0    0    0    0    0    0  191  
   0    0    0    0  162    0  165    0    0    0    0    0  161  199  159  
 159    0    0    0    0    0    0  177  156  173    0    0    0  154    0  
 148    0    0    0  180    0    0    0    0    0  175  169  156    0    0  
   0    0    0    0  203    0  188  181    0  152    0    0    0  174    0  
   0  188  203    0  165  164    0    0    0    0    0    0  165    0    0  
   0    0  210    0    0    0  212    0  166  172    0    0    0  186    0  
   0    0    0    0  188    0  220    0  197    0    0  163  206    0    0  
   0    0  180  200    0    0    0    0    0    0    0  177    0  205  180  
   0    0  165    0    0  223    0  207    0    0    0  182  181    0    0  
   0    0  219    0    0    0  195  200    0    0  178    0    0    0  169  
   0    0    0    0    0    0  207    0  220  186    0  221    0    0  166  
   0    0    0    0    0    0  191  169    0  226    0    0    0  214  203  
 226  186    0    0  235    0    0  224    0    0    0  186    0    0    0  
   0  185    0    0  184    0  231  204    0    0    0  205    0    0    0  
 188    0  216    0  181    0  206    0    0  224    0    0    0    0    0  
   0    0    0    0    0    0    0    0    0  215  231    0  182  216  203  
   0    0  228  255    0    0  241    0    0    0    0  252    0    0  234  
 208    0    0    0    0    0    0  257    0  193    0    0  211    0  215  
   0  252    0    0    0    0    0  250  221    0    0    0    0  254  210  
 210    0  219    0    0    0    0  220  251    0    0    0    0  232    0  
   0    0  211  271    0  263    0    0    0    0    0  238    0    0  215  
   0    0    0    0    0    0  279  239  212    0    0    0  242    0  233  
 270    0    0    0  231    0    0  232  217    0    0    0    0    0  230  
 284    0    0    0    0  217    0  282    0    0  217    0  279    0    0  
 229    0  276    0  290  278    0    0    0  275    0    0    0    0    0  
   0    0  252    0  245    0    0    0    0    0    0  249    0  243  227  
   0    0    0  291  226    0    0  253    0    0    0    0    0  232  299  
   0  285    0  228  269    0    0    0  292    0  273    0    0    0    0  
 227    0    0    0    0    0  282    0  263    0    0  238    0    0  247  
   0  255    0  298    0    0  274    0    0  242    0    0    0  233    0  
   0  274    0    0  296    0    0    0    0  268    0  232  256    0    0  
   0    0    0  231    0    0  271  302  295    0  271    0    0    0    0  
 232    0    0  242    0    0  261    0  245    0  241    0    0    0    0  
   0    0  293    0    0    0  283  243  317    0    0  285    0    0    0  
   0  277    0    0  244    0    0    0    0    0    0    0  316  260  314  
   0    0    0    0    0  308    0  251    0  233    0    0    0  234  319  
 283  268    0    0    0    0  284    0    0    0    0  310    0    0  251  
   0    0    0  293  271    0    0  275    0    0    0  293    0  290    0  
   0    0    0    0  268    0    0  274  316    0    0    0  287    0  276  
   0    0    0  312  268  339    0    0    0    0    0    0  339    0  271  
   0    0  280  282  317    0    0    0  294    0    0    0  248    0    0  
 294  313    0    0  341    0    0    0    0    0    0    0  321  245    0  
   0    0    0    0  273  284    0    0  303    0  283    0    0  307    0  
   0    0    0    0  270  332    0  302    0  349    0    0  267    0    0  
   0    0  348    0    0  329    0    0  297    0    0  259    0  256    0  
   0    0  323    0    0    0    0    0  283  341  339    0  317    0    0  
   0  301    0    0    0    0    0    0  338  308    0  319    0  329    0  
 305    0    0    0    0  314    0  295    0  329    0    0  359    0    0  
 319    0    0  340    0    0    0  323  357    0    0    0  302    0    0  
   0    0    0    0    0    0  270  276  273  371  366    0    0    0    0  
   0    0    0    0    0    0  300    0  323    0  312  353  351    0    0  
 376    0    0  343    0  364    0    0    0  334    0  363    0    0    0  
 301  333    0  325    0    0    0    0    0  365    0    0    0    0  313  
 308  300    0  341    0    0    0    0  323    0  384    0    0    0    0  
   0    0  327  354    0    0  394    0  393    0    0    0    0  336    0  
   0    0    0    0    0  337    0  363  360    0  335    0    0    0  288  
 291  292    0    0  311    0    0  352    0    0  303    0    0    0    0  
   0  293    0    0    0  372  307    0  308  359    0    0    0    0    0  
 322    0    0    0    0    0    0    0    0    0  345  363    0  403  379  
 313    0    0    0    0    0    0    0    0  312  382  344  302    0    0  
 360    0    0  335    0    0    0    0    0    0  420    0  412  373    0  
   0  308  336    0    0    0    0    0    0    0    0  419  395    0  408  
   0    0  327    0  338    0  320    0    0    0    0    0    0  390  334  
 406  382  413    0    0    0    0    0  322    0    0  354    0    0    0  
   0    0    0    0  315  380  355    0    0  419    0  376    0    0    0  
   0  331    0  405    0  325    0    0  420  348    0    0    0    0    0  
 374    0  409    0    0  407  407    0    0    0    0  379    0    0    0  
 435  364    0    0    0  400    0    0  426    0    0  429    0    0    0  
   0    0  361    0    0  352    0    0    0    0  364  383    0    0  348  
 391  346    0    0    0    0  340    0    0  376    0    0    0    0  416  
   0    0    0    0  387    0    0  372  457    0    0  413    0    0  424  
   0    0    0    0    0  424  423    0    0    0  362    0    0  385  360  
   0    0  454    0    0    0    0  409  424    0    0    0  377  463    0  
   0    0    0  454    0    0  391  372    0    0    0    0    0  366  339  
 384    0    0    0    0    0  380    0    0    0  451  378    0  380    0  
   0  438    0  398    0  357    0    0  406    0    0    0    0  423    0  
   0    0  349  361    0    0  469  372    0    0    0    0  471    0    0  
 391    0    0  434    0    0    0    0  473    0  362    0    0  434    0  
 369  349    0  446    0    0  348    0    0    0    0  450    0    0    0  
   0    0  360    0    0    0    0    0    0  465  386    0  415    0  372  
   0    0    0    0    0    0  364  387    0    0    0  460  468    0  394  
   0  450    0    0  446  467    0    0    0    0  412    0    0    0  406  
 448    0    0  461    0    0  397  454    0    0    0    0  469    0    0  
   0    0    0  401    0    0    0    0  431  450    0    0  408    0  396  
   0    0  473  426    0  494    0    0  368  435    0    0    0    0    0  
   0    0  407  373  453    0    0    0    0    0    0  482  497    0    0  
   0  431    0    0  427    0  483    0    0    0  388    0    0    0  412  
   0    0  468    0  406    0    0  481    0  515  407    0    0    0    0  
   0    0    0    0    0    0  518    0  430    0  438    0  421  422    0  
 514    0  385  492    0    0    0    0    0  384    0    0    0  436    0  
 528  475    0  472    0    0    0  472    0    0    0    0    0    0  509  
   0  391    0    0    0  429    0  504  412    0    0    0    0    0  448  
   0    0    0    0    0    0    0    0  389  397  521    0    0  426  387  
 390  489    0    0  443    0  449    0    0  489    0    0    0    0    0  
   0    0    0    0  516  402    0  482    0    0  444    0    0    0  524  
   0  403  466    0  516    0    0    0    0    0    0    0  456  449    0  
   0    0  513    0    0    0  427    0    0    0    0  489  456    0  472  
   0    0    0  467  416    0  489    0    0    0  475    0    0    0  511  
 481    0  435    0  453    0  475    0    0    0  409    0    0    0    0  
 454  440    0  561    0    0  541    0    0    0    0    0    0  520    0  ] 
 ] 
