K : 75
I : 5
C : 8
INSTANCE : 4
PREFERENCES : [    1    2    3    0    0  
   0    2    1    0    3  
   1    0    0    3    2  
   0    2    3    1    0  
   0    3    2    0    1  
   0    1    3    2    0  
   0    3    2    1    0  
   1    3    2    0    0  
   0    2    0    3    1  
   3    0    1    2    0  
   1    3    0    2    0  
   1    0    2    3    0  
   3    1    0    2    0  
   2    0    3    1    0  
   3    2    0    0    1  
   0    0    3    2    1  
   3    1    0    2    0  
   1    0    0    3    2  
   1    0    2    3    0  
   0    1    3    0    2  
   0    2    1    3    0  
   2    1    3    0    0  
   0    1    0    3    2  
   0    2    0    1    3  
   3    0    1    0    2  
   0    1    3    0    2  
   3    0    0    2    1  
   1    0    3    0    2  
   3    0    1    2    0  
   0    0    1    2    3  
   0    0    3    1    2  
   1    3    0    0    2  
   3    2    0    0    1  
   1    0    2    3    0  
   1    0    2    0    3  
   3    2    0    1    0  
   1    2    0    3    0  
   0    0    1    3    2  
   0    3    0    1    2  
   3    2    0    0    1  
   1    0    0    2    3  
   2    1    0    3    0  
   0    0    2    3    1  
   0    1    3    2    0  
   2    0    0    3    1  
   2    3    1    0    0  
   1    3    2    0    0  
   0    0    2    1    3  
   0    0    2    1    3  
   0    1    0    2    3  
   2    1    0    0    3  
   0    1    3    2    0  
   2    0    0    3    1  
   1    3    0    0    2  
   1    0    0    3    2  
   3    2    1    0    0  
   0    1    0    2    3  
   0    3    2    0    1  
   1    0    3    2    0  
   0    0    2    3    1  
   3    1    0    2    0  
   1    3    0    0    2  
   2    0    0    1    3  
   0    1    2    0    3  
   1    0    0    3    2  
   3    0    0    1    2  
   0    2    0    3    1  
   1    0    3    0    2  
   1    0    2    3    0  
   0    2    0    1    3  
   0    2    1    3    0  
   3    2    1    0    0  
   1    0    2    0    3  
   1    0    2    3    0  
   1    3    2    0    0  ] 
RESERVATION PRICES : [    6    6    5    0    0  
   0    5    6    0    5  
  11    0    0   12   13  
   0   14   15   17    0  
   0   17   13    0   16  
   0   18   20   19    0  
   0   20   24   24    0  
  25   25   28    0    0  
   0   29    0   35   28  
  37    0   30   32    0  
  36   39    0   34    0  
  43    0   39   32    0  
  43   38    0   45    0  
  53    0   44   43    0  
  48   47    0    0   50  
   0    0   48   56   62  
  57   51    0   61    0  
  54    0    0   62   59  
  74    0   72   69    0  
   0   77   79    0   65  
   0   66   79   87    0  
  65   72   76    0    0  
   0   69    0   74   73  
   0   79    0   79   83  
  94    0   83    0   79  
   0   74   96    0  101  
  96    0    0   91   75  
  92    0   95    0   91  
  89    0   91  115    0  
   0    0  120   88  115  
   0    0   99   89  118  
 113   94    0    0   92  
 111  126    0    0  116  
 139    0  117  105    0  
 132    0  114    0  107  
 145  140    0  138    0  
 123  131    0  130    0  
   0    0  130  143  135  
   0  131    0  132  150  
 138  137    0    0  132  
 150    0    0  125  127  
 165  136    0  163    0  
   0    0  140  129  142  
   0  148  166  171    0  
 143    0    0  164  156  
 166  174  168    0    0  
 176  171  176    0    0  
   0    0  147  171  150  
   0    0  155  151  172  
   0  164    0  156  159  
 197  179    0    0  150  
   0  172  180  153    0  
 155    0    0  174  175  
 191  158    0    0  200  
 174    0    0  198  176  
 204  211  163    0    0  
   0  174    0  186  159  
   0  213  202    0  200  
 215    0  168  162    0  
   0    0  193  177  207  
 166  168    0  219    0  
 232  181    0    0  185  
 213    0    0  236  196  
   0  198  214    0  202  
 233    0    0  230  220  
 221    0    0  251  221  
   0  228    0  260  259  
 260    0  245    0  264  
 260    0  236  257    0  
   0  248    0  250  241  
   0  249  237  247    0  
 205  223  238    0    0  
 248    0  260    0  240  
 225    0  265  255    0  
 268  265  233    0    0  ] 
 ] 
