K : 125
I : 5
C : 5
INSTANCE : 3
PREFERENCES : [    1    0    0    2    3  
   2    0    1    0    3  
   2    0    0    3    1  
   1    2    0    0    3  
   0    0    3    2    1  
   2    3    1    0    0  
   2    0    1    0    3  
   0    2    0    3    1  
   3    0    1    0    2  
   2    0    0    1    3  
   3    0    1    0    2  
   0    3    1    2    0  
   3    1    2    0    0  
   0    2    1    3    0  
   0    2    1    0    3  
   1    0    3    0    2  
   0    3    1    2    0  
   3    1    0    0    2  
   3    0    2    0    1  
   2    0    3    0    1  
   2    0    3    1    0  
   2    0    1    0    3  
   0    3    2    1    0  
   0    0    1    2    3  
   2    0    0    3    1  
   3    2    0    0    1  
   0    3    1    0    2  
   3    0    0    2    1  
   1    0    3    0    2  
   0    0    1    2    3  
   0    3    2    0    1  
   0    1    0    2    3  
   0    1    2    0    3  
   3    2    0    0    1  
   2    3    0    1    0  
   1    0    0    2    3  
   2    1    0    3    0  
   3    2    0    1    0  
   0    1    2    3    0  
   3    0    0    1    2  
   3    1    0    0    2  
   0    2    0    1    3  
   3    0    0    2    1  
   1    2    3    0    0  
   3    2    1    0    0  
   0    0    1    3    2  
   3    0    0    1    2  
   0    0    1    2    3  
   0    3    2    1    0  
   2    3    1    0    0  
   0    1    0    3    2  
   0    2    0    3    1  
   1    3    0    2    0  
   0    0    3    2    1  
   2    0    1    0    3  
   1    0    2    3    0  
   3    1    0    0    2  
   0    3    1    0    2  
   2    1    0    0    3  
   0    3    0    1    2  
   0    3    0    2    1  
   0    1    0    3    2  
   0    3    1    0    2  
   1    0    2    3    0  
   3    0    0    1    2  
   2    3    1    0    0  
   3    0    2    1    0  
   0    2    1    3    0  
   0    0    3    2    1  
   2    0    3    0    1  
   2    1    0    0    3  
   0    2    0    3    1  
   1    0    3    0    2  
   1    2    0    3    0  
   0    3    1    0    2  
   0    1    3    2    0  
   0    1    3    0    2  
   0    3    0    1    2  
   3    0    0    1    2  
   0    0    2    3    1  
   2    0    0    3    1  
   3    0    1    2    0  
   2    0    0    1    3  
   0    0    2    3    1  
   0    1    0    2    3  
   1    3    2    0    0  
   0    0    3    2    1  
   0    3    1    2    0  
   0    2    0    1    3  
   2    0    3    1    0  
   3    0    1    0    2  
   0    0    2    1    3  
   3    1    2    0    0  
   0    1    3    0    2  
   1    2    3    0    0  
   2    1    3    0    0  
   1    0    3    0    2  
   2    3    0    1    0  
   2    1    3    0    0  
   1    2    0    3    0  
   3    0    2    1    0  
   2    3    0    0    1  
   0    0    2    3    1  
   3    0    2    1    0  
   0    1    2    3    0  
   3    0    2    1    0  
   2    1    0    0    3  
   1    2    3    0    0  
   1    0    2    0    3  
   0    2    1    0    3  
   1    2    3    0    0  
   0    1    0    2    3  
   2    0    1    3    0  
   0    1    2    0    3  
   0    0    2    3    1  
   2    1    0    0    3  
   1    0    2    3    0  
   3    0    1    2    0  
   2    3    0    1    0  
   0    0    1    2    3  
   2    1    3    0    0  
   0    3    1    0    2  
   2    0    0    1    3  
   1    2    3    0    0  
   0    2    0    3    1  ] 
RESERVATION PRICES : [    6    0    0    6    6  
  11    0   10    0   10  
  15    0    0   16   14  
  19   17    0    0   20  
   0    0   27   24   27  
  30   26   30    0    0  
  34    0   29    0   25  
   0   40    0   39   34  
  30    0   38    0   31  
  36    0    0   44   36  
  44    0   38    0   39  
   0   40   50   43    0  
  57   54   45    0    0  
   0   61   61   55    0  
   0   51   51    0   65  
  60    0   65    0   58  
   0   63   55   73    0  
  55   57    0    0   58  
  62    0   81    0   67  
  76    0   77    0   77  
  68    0   78   83    0  
  80    0   96    0   72  
   0   75   95   82    0  
   0    0   90   78  101  
 102    0    0  100   96  
  88  106    0    0  100  
   0   93  104    0  103  
 100    0    0  119   90  
 121    0   88    0   94  
   0    0  106  113  124  
   0   93  111    0  113  
   0  119    0  103   97  
   0  115  132    0  105  
 118  118    0    0  101  
 139  107    0  105    0  
 135    0    0  142  128  
 146  119    0  107    0  
 128  117    0  140    0  
   0  114  145  152    0  
 122    0    0  134  150  
 120  132    0    0  147  
   0  133    0  138  128  
 150    0    0  139  148  
 154  144  127    0    0  
 170  148  159    0    0  
   0    0  169  163  143  
 155    0    0  177  162  
   0    0  138  142  160  
   0  173  174  163    0  
 157  147  137    0    0  
   0  187    0  170  183  
   0  198    0  182  151  
 159  161    0  168    0  
   0    0  159  162  190  
 190    0  162    0  202  
 213    0  174  183    0  
 163  171    0    0  166  
   0  174  166    0  208  
 200  219    0    0  197  
   0  178    0  203  201  
   0  186    0  216  217  
   0  241    0  191  183  
   0  193  206    0  205  
 196    0  181  197    0  
 233    0    0  182  241  
 231  190  220    0    0  
 212    0  215  247    0  
   0  246  198  212    0  
   0    0  225  234  261  
 199    0  235    0  254  
 254  221    0    0  226  
   0  233    0  243  236  
 278    0  277    0  235  
 229  222    0  228    0  
   0  281  233    0  207  
   0  208  279  251    0  
   0  287  257    0  227  
   0  258    0  233  291  
 220    0    0  282  274  
   0    0  219  242  222  
 234    0    0  279  224  
 264    0  306  254    0  
 232    0    0  275  276  
   0    0  292  269  279  
   0  246    0  244  307  
 294  265  306    0    0  
   0    0  260  305  281  
   0  276  245  326    0  
   0  267    0  254  268  
 310    0  267  336    0  
 272    0  261    0  267  
   0    0  345  291  317  
 332  280  317    0    0  
   0  265  263    0  335  
 301  361  275    0    0  
 329  332  288    0    0  
 337    0  298    0  320  
 317  344    0  349    0  
 329  274  342    0    0  
 377  308    0  366    0  
 320    0  358  334    0  
 386  317    0    0  344  
   0    0  394  354  378  
 370    0  384  390    0  
   0  329  397  324    0  
 307    0  299  383    0  
 390  365    0    0  417  
 385  353  302    0    0  
 311    0  325    0  398  
   0  374  339    0  403  
 404  328  390    0    0  
   0  354    0  393  385  
 334    0  418  349    0  
   0  396  429    0  335  
   0    0  420  343  370  
 422  324    0    0  338  
 362    0  434  359    0  
 395    0  394  412    0  
 386  332    0  443    0  
   0    0  394  374  401  
 398  347  335    0    0  
   0  369  363    0  405  
 334    0    0  359  416  
 460  363  368    0    0  
   0  466    0  455  426  ] 
 ] 
