K : 150
I : 15
C : 6
INSTANCE : 1
PREFERENCES : [    2    1    0    0    0    0    0    4    0    0    3    0    0    5    0  
   0    3    2    0    0    5    0    4    0    0    0    0    0    1    0  
   0    4    0    5    0    1    0    0    0    0    0    0    3    2    0  
   3    0    0    2    0    0    5    4    0    0    0    0    1    0    0  
   0    5    0    0    0    0    0    0    0    0    0    2    3    1    4  
   0    0    0    0    0    0    2    5    1    3    4    0    0    0    0  
   0    0    0    0    0    1    5    0    0    0    0    2    4    0    3  
   3    0    1    0    0    0    5    0    2    0    0    0    4    0    0  
   0    1    0    0    0    0    3    4    0    5    0    0    0    2    0  
   0    4    0    0    0    0    0    3    5    0    0    2    0    1    0  
   0    0    0    0    1    2    0    5    0    0    0    0    4    3    0  
   5    0    0    0    0    4    3    0    0    0    2    0    1    0    0  
   2    0    0    0    3    0    0    1    0    5    0    0    4    0    0  
   0    0    0    4    0    0    5    3    2    0    0    0    1    0    0  
   1    0    0    0    0    0    0    3    5    0    0    0    4    2    0  
   0    0    3    0    2    5    0    0    0    0    4    0    1    0    0  
   0    0    5    0    1    4    0    0    0    2    3    0    0    0    0  
   0    0    5    0    0    0    3    0    1    0    4    0    0    0    2  
   3    0    0    4    0    0    5    0    0    0    1    2    0    0    0  
   2    4    0    5    0    0    1    0    0    0    0    0    0    3    0  
   0    4    3    0    1    0    0    0    2    0    0    5    0    0    0  
   0    0    0    4    0    2    3    0    5    0    0    0    0    0    1  
   1    0    2    4    0    0    5    0    0    0    3    0    0    0    0  
   4    1    0    0    5    2    0    0    0    0    0    3    0    0    0  
   0    0    0    0    2    0    0    5    1    0    0    4    0    0    3  
   0    0    3    4    5    0    0    0    0    0    2    0    0    0    1  
   0    3    0    0    0    0    1    0    0    0    0    0    4    5    2  
   4    3    0    0    1    5    0    0    0    0    0    0    2    0    0  
   0    0    0    0    3    2    4    0    0    0    1    0    5    0    0  
   0    1    0    0    0    0    0    3    0    0    5    0    0    4    2  
   0    0    1    0    4    2    0    0    0    0    0    0    0    5    3  
   0    0    3    1    0    5    0    0    0    0    4    0    0    0    2  
   0    4    0    0    5    0    1    0    0    0    0    0    3    0    2  
   3    0    4    2    0    1    0    0    0    5    0    0    0    0    0  
   0    0    0    0    0    4    0    1    0    3    0    2    5    0    0  
   0    1    0    4    0    2    3    0    5    0    0    0    0    0    0  
   0    0    0    0    0    1    5    0    2    3    0    0    0    4    0  
   0    0    0    0    0    0    0    3    1    2    4    5    0    0    0  
   4    0    0    0    0    0    0    5    0    0    0    3    0    1    2  
   0    2    4    0    0    0    3    0    0    0    5    0    0    1    0  
   0    5    4    0    0    0    0    0    0    1    3    0    0    2    0  
   0    0    5    3    0    4    1    0    2    0    0    0    0    0    0  
   0    0    2    0    0    0    0    0    0    5    0    1    0    3    4  
   5    0    0    0    0    4    1    0    0    3    0    0    0    2    0  
   5    1    0    0    4    0    3    0    0    0    0    0    2    0    0  
   0    2    5    0    0    3    0    0    0    0    0    1    0    4    0  
   0    0    3    0    0    0    0    5    0    0    1    0    0    4    2  
   0    1    2    0    4    0    5    0    3    0    0    0    0    0    0  
   4    3    0    0    0    0    0    0    0    2    0    0    1    5    0  
   2    0    0    0    4    0    0    0    0    3    0    0    5    1    0  
   0    1    0    3    0    0    5    2    0    4    0    0    0    0    0  
   0    1    0    0    2    0    0    0    0    5    4    3    0    0    0  
   2    0    0    4    0    0    0    0    0    0    0    0    1    5    3  
   0    2    0    1    0    3    5    0    0    0    0    0    0    0    4  
   0    0    0    5    1    0    0    3    4    0    2    0    0    0    0  
   0    1    0    3    0    5    0    2    0    0    4    0    0    0    0  
   3    0    0    0    0    1    0    2    5    0    4    0    0    0    0  
   0    0    1    0    0    0    0    4    0    3    2    0    0    0    5  
   0    1    4    2    0    0    0    0    5    0    0    0    3    0    0  
   0    0    0    0    1    0    3    0    5    0    0    0    2    0    4  
   0    0    0    2    0    1    0    0    0    0    0    5    3    0    4  
   0    0    0    0    2    0    0    0    5    0    0    1    4    3    0  
   1    0    0    0    0    4    0    0    0    5    0    0    0    2    3  
   0    0    0    0    3    0    0    1    0    0    4    2    0    5    0  
   0    1    0    0    0    0    0    2    4    0    5    0    3    0    0  
   0    0    1    0    2    0    0    0    0    0    0    3    5    0    4  
   0    2    3    0    1    0    0    0    0    0    0    0    0    4    5  
   0    0    5    0    0    0    0    0    2    3    0    0    1    0    4  
   1    2    0    0    0    3    0    5    4    0    0    0    0    0    0  
   0    5    0    0    1    0    0    3    2    4    0    0    0    0    0  
   0    0    0    0    0    1    0    4    5    0    0    0    2    0    3  
   0    4    0    0    3    5    0    0    1    0    0    0    2    0    0  
   0    0    0    0    0    0    0    1    0    0    2    4    3    0    5  
   0    0    2    0    0    0    5    0    4    0    0    0    0    1    3  
   5    0    0    0    0    1    3    0    0    0    0    0    0    4    2  
   0    5    3    0    0    2    0    0    0    0    4    0    0    1    0  
   3    0    5    0    0    0    2    0    0    0    1    4    0    0    0  
   0    4    0    5    0    1    0    0    3    0    0    0    2    0    0  
   0    0    0    0    0    4    0    0    5    0    3    2    1    0    0  
   2    0    0    5    0    0    0    1    0    0    0    0    0    4    3  
   0    0    0    0    0    0    0    0    0    4    1    3    0    5    2  
   5    0    0    0    2    0    0    1    0    0    3    0    0    0    4  
   5    0    0    4    0    0    0    0    0    1    3    0    0    0    2  
   0    5    2    0    0    0    0    0    0    0    0    4    1    3    0  
   1    3    0    5    4    0    0    0    0    2    0    0    0    0    0  
   0    0    0    0    0    0    1    0    5    0    2    3    4    0    0  
   2    0    1    0    5    0    0    0    0    4    0    0    3    0    0  
   4    5    3    0    0    2    0    0    0    0    0    0    0    1    0  
   0    4    2    1    0    0    0    0    0    0    0    0    5    0    3  
   0    0    0    0    0    3    4    2    5    1    0    0    0    0    0  
   0    0    0    0    2    3    0    5    4    0    0    0    1    0    0  
   0    5    3    0    0    0    0    0    0    0    2    0    4    0    1  
   0    5    0    0    1    0    2    4    0    0    0    0    0    3    0  
   0    0    0    0    1    3    5    0    4    0    0    0    0    2    0  
   2    3    0    0    0    1    0    0    4    0    5    0    0    0    0  
   1    0    4    0    0    0    0    0    5    3    0    0    2    0    0  
   0    0    2    4    1    0    0    0    0    0    3    0    0    5    0  
   0    2    0    0    4    0    0    0    0    0    0    1    5    0    3  
   0    0    1    0    0    0    2    0    0    0    4    5    0    3    0  
   0    0    0    0    1    0    2    0    0    3    0    4    0    0    5  
   4    0    0    0    0    0    3    0    0    2    5    0    0    0    1  
   0    0    0    0    0    0    5    4    0    1    0    2    0    3    0  
   0    4    0    0    0    0    0    0    0    0    2    3    5    0    1  
   0    4    5    0    0    1    0    3    0    0    0    2    0    0    0  
   0    0    4    0    0    0    0    5    0    0    0    2    0    3    1  
   4    5    0    0    0    0    0    2    0    3    0    0    0    0    1  
   0    0    3    0    0    2    1    0    0    0    0    4    0    0    5  
   0    5    0    3    0    0    0    0    0    0    0    2    1    4    0  
   1    0    5    0    0    0    0    4    2    0    3    0    0    0    0  
   0    0    0    3    0    5    2    0    0    0    0    0    4    0    1  
   0    0    0    2    0    3    0    0    0    1    4    0    5    0    0  
   0    4    5    0    0    0    0    2    3    0    0    0    0    1    0  
   0    0    1    4    5    0    0    2    3    0    0    0    0    0    0  
   0    0    1    0    0    0    0    3    0    0    4    0    0    2    5  
   3    0    0    0    2    1    0    0    0    0    0    5    0    0    4  
   0    4    0    2    0    0    1    0    0    3    0    5    0    0    0  
   0    3    1    0    0    0    0    0    0    0    0    0    4    5    2  
   2    0    0    0    0    4    0    0    3    0    0    0    1    5    0  
   0    0    0    2    1    0    0    4    0    0    0    0    5    3    0  
   0    0    0    5    0    0    0    2    0    3    0    0    4    0    1  
   0    5    0    0    0    1    0    0    0    0    0    2    4    0    3  
   1    0    4    0    0    5    0    2    0    0    0    0    0    3    0  
   5    4    1    0    0    0    0    0    0    0    0    3    0    2    0  
   0    4    1    0    3    5    2    0    0    0    0    0    0    0    0  
   0    1    0    5    0    0    0    0    3    0    0    0    4    2    0  
   0    0    0    3    0    0    2    0    0    1    0    0    0    4    5  
   5    2    4    0    0    0    3    0    0    0    0    1    0    0    0  
   1    0    2    0    0    0    5    0    0    3    4    0    0    0    0  
   0    1    0    0    0    4    0    0    0    3    5    0    0    2    0  
   4    0    0    0    2    3    0    0    1    0    0    5    0    0    0  
   0    0    0    5    0    1    2    3    0    0    0    0    0    0    4  
   1    0    0    0    0    5    3    0    2    4    0    0    0    0    0  
   0    4    0    0    0    0    1    0    5    0    0    2    0    3    0  
   0    1    0    0    2    3    0    0    0    5    0    0    0    0    4  
   0    0    2    0    0    5    0    0    0    0    1    3    0    0    4  
   1    0    0    0    0    4    0    0    0    0    5    2    3    0    0  
   3    0    0    0    0    4    0    0    0    1    0    5    2    0    0  
   0    0    0    4    3    5    0    0    0    0    2    0    0    0    1  
   3    0    0    0    0    0    2    0    0    4    1    0    0    0    5  
   4    0    2    0    3    0    0    0    5    0    0    1    0    0    0  
   0    0    4    0    0    0    3    1    0    0    0    2    0    0    5  
   0    2    0    0    0    4    0    0    0    5    1    3    0    0    0  
   0    0    0    0    2    1    0    0    0    5    0    3    0    4    0  
   0    1    0    0    0    4    0    5    0    3    0    2    0    0    0  
   0    0    2    0    0    0    0    5    0    3    0    0    1    0    4  
   0    2    0    3    1    4    0    0    0    0    0    0    0    0    5  
   1    3    0    5    0    0    0    0    2    0    0    4    0    0    0  
   0    3    4    0    0    0    0    2    0    5    0    0    0    1    0  
   0    0    2    4    0    0    3    0    0    5    1    0    0    0    0  
   0    0    4    0    5    0    0    0    0    0    3    0    1    2    0  ] 
RESERVATION PRICES : [    5    6    0    0    0    0    0    6    0    0    5    0    0    6    0  
   0   11   11    0    0   10    0   12    0    0    0    0    0   12    0  
   0   16    0   15    0   17    0    0    0    0    0    0   18   16    0  
  20    0    0   23    0    0   20   17    0    0    0    0   20    0    0  
   0   21    0    0    0    0    0    0    0    0    0   23   22   23   24  
   0    0    0    0    0    0   25   31   30   32   29    0    0    0    0  
   0    0    0    0    0   31   27    0    0    0    0   24   24    0   27  
  29    0   31    0    0    0   30    0   28    0    0    0   29    0    0  
   0   30    0    0    0    0   32   26    0   34    0    0    0   29    0  
   0   40    0    0    0    0    0   34   30    0    0   36    0   36    0  
   0    0    0    0   43   37    0   44    0    0    0    0   33   34    0  
  37    0    0    0    0   42   44    0    0    0   38    0   41    0    0  
  51    0    0    0   43    0    0   54    0   45    0    0   49    0    0  
   0    0    0   49    0    0   43   51   52    0    0    0   43    0    0  
  50    0    0    0    0    0    0   56   53    0    0    0   61   60    0  
   0    0   66    0   63   59    0    0    0    0   61    0   65    0    0  
   0    0   55    0   62   56    0    0    0   60   67    0    0    0    0  
   0    0   66    0    0    0   62    0   56    0   68    0    0    0   57  
  56    0    0   54    0    0   64    0    0    0   63   64    0    0    0  
  65   74    0   77    0    0   63    0    0    0    0    0    0   63    0  
   0   78   67    0   82    0    0    0   64    0    0   80    0    0    0  
   0    0    0   73    0   76   66    0   87    0    0    0    0    0   75  
  86    0   76   66    0    0   78    0    0    0   72    0    0    0    0  
  88   82    0    0   71   67    0    0    0    0    0   65    0    0    0  
   0    0    0    0   80    0    0   81   74    0    0   88    0    0   92  
   0    0   90   85   92    0    0    0    0    0   77    0    0    0   96  
   0   85    0    0    0    0   95    0    0    0    0    0  106   78  104  
  83   81    0    0   86   91    0    0    0    0    0    0   87    0    0  
   0    0    0    0  103   83   82    0    0    0  100    0   91    0    0  
   0  104    0    0    0    0    0  105    0    0  107    0    0  103   96  
   0    0   97    0  109  113    0    0    0    0    0    0    0  115  106  
   0    0  121  111    0   94    0    0    0    0  128    0    0    0   92  
   0  113    0    0   97    0  130    0    0    0    0    0  132    0  116  
 136    0  121  106    0  101    0    0    0  105    0    0    0    0    0  
   0    0    0    0    0  116    0  117    0  114    0  132  115    0    0  
   0  114    0  128    0  134  142    0  107    0    0    0    0    0    0  
   0    0    0    0    0  122  122    0  121  115    0    0    0  128    0  
   0    0    0    0    0    0    0  115  125  115  111  125    0    0    0  
 142    0    0    0    0    0    0  127    0    0    0  153    0  153  140  
   0  137  132    0    0    0  141    0    0    0  137    0    0  150    0  
   0  117  134    0    0    0    0    0    0  115  124    0    0  159    0  
   0    0  155  155    0  156  129    0  133    0    0    0    0    0    0  
   0    0  148    0    0    0    0    0    0  158    0  125    0  156  163  
 166    0    0    0    0  158  166    0    0  151    0    0    0  132    0  
 140  125    0    0  157    0  145    0    0    0    0    0  150    0    0  
   0  159  133    0    0  162    0    0    0    0    0  159    0  171    0  
   0    0  167    0    0    0    0  174    0    0  155    0    0  160  133  
   0  149  164    0  140    0  134    0  176    0    0    0    0    0    0  
 151  171    0    0    0    0    0    0    0  187    0    0  156  161    0  
 195    0    0    0  146    0    0    0    0  153    0    0  164  156    0  
   0  186    0  200    0    0  171  176    0  180    0    0    0    0    0  
   0  192    0    0  195    0    0    0    0  161  170  196    0    0    0  
 177    0    0  180    0    0    0    0    0    0    0    0  177  207  197  
   0  165    0  169    0  183  169    0    0    0    0    0    0    0  190  
   0    0    0  184  199    0    0  184  165    0  192    0    0    0    0  
   0  182    0  189    0  207    0  199    0    0  195    0    0    0    0  
 205    0    0    0    0  165    0  210  223    0  183    0    0    0    0  
   0    0  225    0    0    0    0  204    0  170  194    0    0    0  194  
   0  213  232  177    0    0    0    0  222    0    0    0  204    0    0  
   0    0    0    0  185    0  187    0  191    0    0    0  225    0  181  
   0    0    0  179    0  176    0    0    0    0    0  230  202    0  187  
   0    0    0    0  243    0    0    0  241    0    0  213  249  193    0  
 234    0    0    0    0  234    0    0    0  243    0    0    0  220  201  
   0    0    0    0  192    0    0  193    0    0  233  244    0  239    0  
   0  242    0    0    0    0    0  235  247    0  233    0  227    0    0  
   0    0  240    0  220    0    0    0    0    0    0  186  218    0  239  
   0  239  241    0  256    0    0    0    0    0    0    0    0  249  225  
   0    0  206    0    0    0    0    0  201  236    0    0  215    0  209  
 262  218    0    0    0  250    0  227  223    0    0    0    0    0    0  
   0  203    0    0  235    0    0  257  191  221    0    0    0    0    0  
   0    0    0    0    0  203    0  213  245    0    0    0  230    0  240  
   0  209    0    0  221  222    0    0  237    0    0    0  223    0    0  
   0    0    0    0    0    0    0  222    0    0  202  225  218    0  236  
   0    0  259    0    0    0  280    0  232    0    0    0    0  273  280  
 220    0    0    0    0  288  280    0    0    0    0    0    0  286  280  
   0  213  285    0    0  277    0    0    0    0  218    0    0  216    0  
 232    0  260    0    0    0  238    0    0    0  253  254    0    0    0  
   0  269    0  215    0  250    0    0  283    0    0    0  281    0    0  
   0    0    0    0    0  230    0    0  214    0  245  287  262    0    0  
 301    0    0  231    0    0    0  243    0    0    0    0    0  257  217  
   0    0    0    0    0    0    0    0    0  227  220  223    0  270  294  
 271    0    0    0  249    0    0  259    0    0  255    0    0    0  273  
 269    0    0  255    0    0    0    0    0  288  284    0    0    0  259  
   0  287  277    0    0    0    0    0    0    0    0  274  298  234    0  
 306  261    0  252  243    0    0    0    0  274    0    0    0    0    0  
   0    0    0    0    0    0  284    0  292    0  267  271  303    0    0  
 274    0  323    0  238    0    0    0    0  279    0    0  252    0    0  
 248  323  240    0    0  279    0    0    0    0    0    0    0  284    0  
   0  240  243  318    0    0    0    0    0    0    0    0  280    0  329  
   0    0    0    0    0  242  330  283  251  268    0    0    0    0    0  
   0    0    0    0  284  306    0  276  308    0    0    0  319    0    0  
   0  289  335    0    0    0    0    0    0    0  331    0  275    0  309  
   0  282    0    0  329    0  287  313    0    0    0    0    0  324    0  
   0    0    0    0  274  336  296    0  320    0    0    0    0  326    0  
 336  264    0    0    0  304    0    0  276    0  275    0    0    0    0  
 274    0  328    0    0    0    0    0  334  330    0    0  335    0    0  
   0    0  315  327  285    0    0    0    0    0  298    0    0  320    0  
   0  267    0    0  292    0    0    0    0    0    0  295  273    0  286  
   0    0  301    0    0    0  355    0    0    0  344  294    0  311    0  
   0    0    0    0  345    0  269    0    0  340    0  351    0    0  275  
 290    0    0    0    0    0  312    0    0  298  354    0    0    0  343  
   0    0    0    0    0    0  336  297    0  353    0  376    0  295    0  
   0  310    0    0    0    0    0    0    0    0  317  334  276    0  309  
   0  375  360    0    0  280    0  298    0    0    0  293    0    0    0  
   0    0  334    0    0    0    0  364    0    0    0  387    0  354  373  
 313  369    0    0    0    0    0  360    0  311    0    0    0    0  339  
   0    0  378    0    0  337  348    0    0    0    0  366    0    0  374  
   0  343    0  300    0    0    0    0    0    0    0  390  341  349    0  
 318    0  394    0    0    0    0  353  301    0  303    0    0    0    0  
   0    0    0  313    0  312  353    0    0    0    0    0  367    0  400  
   0    0    0  399    0  340    0    0    0  332  315    0  312    0    0  
   0  306  411    0    0    0    0  360  410    0    0    0    0  361    0  
   0    0  400  401  344    0    0  385  394    0    0    0    0    0    0  
   0    0  309    0    0    0    0  392    0    0  309    0    0  412  335  
 372    0    0    0  352  349    0    0    0    0    0  338    0    0  393  
   0  372    0  341    0    0  350    0    0  336    0  329    0    0    0  
   0  345  432    0    0    0    0    0    0    0    0    0  410  387  411  
 343    0    0    0    0  425    0    0  331    0    0    0  331  422    0  
   0    0    0  319  401    0    0  323    0    0    0    0  383  413    0  
   0    0    0  331    0    0    0  446    0  358    0    0  324    0  412  
   0  366    0    0    0  356    0    0    0    0    0  372  423    0  446  
 345    0  396    0    0  348    0  344    0    0    0    0    0  371    0  
 332  376  433    0    0    0    0    0    0    0    0  407    0  381    0  
   0  414  370    0  369  357  389    0    0    0    0    0    0    0    0  
   0  335    0  386    0    0    0    0  349    0    0    0  433  401    0  
   0    0    0  371    0    0  406    0    0  376    0    0    0  405  408  
 339  358  377    0    0    0  421    0    0    0    0  417    0    0    0  
 434    0  442    0    0    0  448    0    0  397  368    0    0    0    0  
   0  444    0    0    0  403    0    0    0  388  406    0    0  463    0  
 420    0    0    0  464  372    0    0  376    0    0  364    0    0    0  
   0    0    0  388    0  418  431  466    0    0    0    0    0    0  475  
 384    0    0    0    0  412  456    0  484  444    0    0    0    0    0  
   0  422    0    0    0    0  357    0  471    0    0  373    0  472    0  
   0  366    0    0  471  359    0    0    0  398    0    0    0    0  448  
   0    0  368    0    0  474    0    0    0    0  425  378    0    0  479  
 469    0    0    0    0  501    0    0    0    0  370  392  447    0    0  
 401    0    0    0    0  451    0    0    0  484    0  372  383    0    0  
   0    0    0  488  500  396    0    0    0    0  480    0    0    0  507  
 468    0    0    0    0    0  493    0    0  462  475    0    0    0  502  
 395    0  371    0  411    0    0    0  380    0    0  499    0    0    0  
   0    0  501    0    0    0  517  497    0    0    0  490    0    0  496  
   0  385    0    0    0  485    0    0    0  434  398  480    0    0    0  
   0    0    0    0  509  506    0    0    0  380    0  526    0  386    0  
   0  520    0    0    0  423    0  389    0  505    0  440    0    0    0  
   0    0  420    0    0    0    0  467    0  419    0    0  465    0  505  
   0  512    0  520  414  534    0    0    0    0    0    0    0    0  408  
 496  405    0  421    0    0    0    0  423    0    0  491    0    0    0  
   0  397  440    0    0    0    0  417    0  493    0    0    0  462    0  
   0    0  513  511    0    0  474    0    0  488  459    0    0    0    0  
   0    0  488    0  438    0    0    0    0    0  525    0  505  551    0  ] 
 ] 
