K : 125
I : 10
C : 25
INSTANCE : 4
PREFERENCES : [    3    0    0    2    0    0    5    0    1    4  
   0    0    1    4    0    2    5    0    0    3  
   0    3    2    0    0    5    1    0    4    0  
   0    0    2    0    1    4    0    5    3    0  
   4    3    5    0    0    2    0    1    0    0  
   0    0    1    3    0    0    4    5    2    0  
   0    2    0    0    0    1    4    0    3    5  
   0    0    5    0    0    1    0    3    2    4  
   5    0    2    1    0    3    4    0    0    0  
   0    0    5    0    2    0    1    3    4    0  
   0    0    1    2    0    4    0    0    5    3  
   3    0    2    0    5    0    0    1    4    0  
   4    0    0    1    0    5    0    0    3    2  
   0    0    3    1    0    4    5    0    0    2  
   0    0    2    0    4    5    1    0    0    3  
   5    0    0    0    0    1    0    3    4    2  
   0    5    4    2    3    0    0    0    0    1  
   1    0    3    0    0    0    2    4    5    0  
   0    4    3    0    2    5    0    0    1    0  
   0    0    2    1    0    4    0    3    0    5  
   5    0    0    0    0    1    0    2    3    4  
   4    0    0    0    5    2    3    1    0    0  
   4    5    3    1    0    0    0    0    2    0  
   0    5    0    3    0    0    1    0    2    4  
   0    0    0    2    3    4    5    1    0    0  
   0    3    5    1    0    0    2    0    4    0  
   0    2    1    5    0    0    0    4    3    0  
   5    0    4    1    2    0    0    3    0    0  
   4    0    0    1    5    0    2    0    0    3  
   5    0    3    4    0    0    0    2    0    1  
   0    0    2    5    0    4    3    0    1    0  
   3    0    0    0    2    4    0    1    5    0  
   0    2    0    0    4    0    1    5    3    0  
   0    3    0    1    4    0    0    5    2    0  
   0    3    4    0    0    0    0    2    1    5  
   0    2    0    0    4    0    1    5    0    3  
   2    0    4    0    5    1    0    0    3    0  
   3    0    0    0    2    0    1    0    5    4  
   5    3    0    1    4    0    2    0    0    0  
   4    0    0    0    1    5    3    2    0    0  
   1    5    0    0    4    2    0    0    3    0  
   0    0    0    5    4    0    2    0    1    3  
   3    0    2    0    0    5    1    0    0    4  
   0    3    4    0    0    5    2    1    0    0  
   4    3    0    0    0    1    5    2    0    0  
   5    0    0    0    1    2    4    0    3    0  
   4    5    3    0    2    0    0    0    0    1  
   0    3    0    2    0    0    4    5    0    1  
   4    5    0    1    3    2    0    0    0    0  
   0    1    2    0    0    0    5    3    0    4  
   5    1    2    0    4    3    0    0    0    0  
   1    0    3    0    0    0    5    2    4    0  
   2    3    1    0    0    5    0    0    0    4  
   3    5    4    0    0    0    1    0    2    0  
   5    0    4    0    2    0    0    1    0    3  
   1    0    0    3    0    0    4    0    5    2  
   4    5    0    3    0    1    0    0    0    2  
   3    0    4    0    1    0    5    2    0    0  
   0    0    3    0    5    2    0    4    0    1  
   1    0    3    0    0    2    0    4    5    0  
   3    0    0    0    5    0    0    4    1    2  
   0    0    1    2    0    0    3    5    0    4  
   5    0    0    4    1    0    0    3    0    2  
   0    5    0    4    2    0    0    1    3    0  
   0    3    0    0    1    0    4    2    5    0  
   0    0    0    4    0    1    0    3    5    2  
   0    2    0    4    3    1    5    0    0    0  
   0    4    0    5    0    0    2    3    0    1  
   0    4    0    1    5    0    0    0    2    3  
   1    0    5    0    3    0    0    4    2    0  
   0    2    0    0    4    1    3    0    5    0  
   0    3    0    0    5    0    1    0    2    4  
   5    1    2    0    0    3    0    0    0    4  
   1    0    0    0    3    5    2    0    0    4  
   2    5    1    0    0    4    0    3    0    0  
   0    1    3    5    0    4    2    0    0    0  
   0    0    5    0    0    0    2    3    4    1  
   0    4    0    0    1    0    5    2    3    0  
   0    4    0    0    1    2    3    5    0    0  
   5    0    0    0    3    0    2    0    4    1  
   0    0    5    3    4    0    0    0    2    1  
   3    1    2    0    4    0    0    5    0    0  
   5    3    0    2    0    1    0    0    4    0  
   5    0    0    3    0    1    4    2    0    0  
   0    0    0    2    1    0    5    3    4    0  
   5    3    4    0    0    2    0    0    0    1  
   4    0    5    0    2    0    1    0    3    0  
   0    0    1    3    5    0    4    2    0    0  
   0    0    4    2    0    0    0    3    5    1  
   4    0    0    2    5    0    1    0    3    0  
   3    5    4    1    0    0    2    0    0    0  
   0    2    0    0    3    1    5    4    0    0  
   5    3    0    4    1    0    0    2    0    0  
   5    3    0    0    0    1    0    0    4    2  
   0    1    0    5    0    0    3    4    0    2  
   0    3    1    0    2    5    0    0    0    4  
   4    1    0    0    2    0    5    0    0    3  
   4    0    3    0    2    5    0    1    0    0  
   2    3    5    4    0    0    0    0    1    0  
   1    5    3    4    0    2    0    0    0    0  
   0    0    3    0    4    0    5    1    2    0  
   0    0    3    0    1    0    2    0    4    5  
   4    0    1    0    3    2    0    0    0    5  
   4    0    0    5    0    2    0    1    0    3  
   2    5    1    0    3    0    0    0    4    0  
   2    0    3    4    5    0    1    0    0    0  
   0    0    0    1    5    0    3    4    0    2  
   0    3    0    0    5    4    0    2    0    1  
   4    0    1    5    3    0    0    2    0    0  
   0    0    2    4    0    1    0    3    0    5  
   1    0    0    0    4    3    0    0    2    5  
   4    0    2    0    5    0    0    3    1    0  
   0    0    0    3    0    1    4    5    2    0  
   3    2    0    1    0    0    0    5    4    0  
   0    1    0    0    0    2    4    3    0    5  
   1    0    0    3    0    4    0    0    2    5  
   3    5    0    0    0    0    4    2    0    1  
   0    5    0    4    2    3    1    0    0    0  
   0    0    4    1    2    0    5    3    0    0  
   0    0    5    3    0    4    0    0    1    2  
   0    2    3    0    0    0    4    5    1    0  
   5    0    4    0    3    1    0    0    2    0  
   0    3    5    0    0    4    0    0    2    1  
   0    0    0    0    5    1    4    3    0    2  
   0    0    2    0    0    5    1    3    4    0  ] 
RESERVATION PRICES : [    6    0    0    5    0    0    5    0    5    5  
   0    0   13   13    0   12   13    0    0   11  
   0   17   14    0    0   14   15    0   17    0  
   0    0   17    0   20   18    0   18   15    0  
  22   23   28    0    0   27    0   21    0    0  
   0    0   31   32    0    0   24   27   31    0  
   0   34    0    0    0   33   30    0   36   33  
   0    0   36    0    0   31    0   30   36   39  
  44    0   33   36    0   43   43    0    0    0  
   0    0   51    0   40    0   40   38   45    0  
   0    0   43   54    0   49    0    0   54   41  
  59    0   60    0   45    0    0   49   50    0  
  55    0    0   60    0   57    0    0   53   54  
   0    0   55   47    0   61   51    0    0   59  
   0    0   52    0   63   53   66    0    0   50  
  50    0    0    0    0   53    0   55   58   65  
   0   57   65   67   57    0    0    0    0   69  
  67    0   78    0    0    0   59   68   73    0  
   0   77   80    0   71   60    0    0   78    0  
   0    0   60   77    0   61    0   59    0   59  
  81    0    0    0    0   70    0   82   60   79  
  80    0    0    0   88   70   72   84    0    0  
  88   92   68   93    0    0    0    0   71    0  
   0   74    0   90    0    0   89    0   81   82  
   0    0    0   83   81   80   86   95    0    0  
   0   90   79   90    0    0   87    0   99    0  
   0   92  106   87    0    0    0  106  107    0  
  79    0   91  105   94    0    0   88    0    0  
  82    0    0  104   95    0   91    0    0  107  
 117    0  101  112    0    0    0   94    0   91  
   0    0  119  108    0   89   96    0  114    0  
 112    0    0    0  119   98    0  103  113    0  
   0  118    0    0  101    0  103  114  116    0  
   0  110    0  111   98    0    0  126  101    0  
   0  132  130    0    0    0    0  103  104  128  
   0  110    0    0  107    0  125  117    0  136  
 133    0  122    0  134  135    0    0  137    0  
 131    0    0    0  128    0  140    0  138  134  
 144  113    0  138  120    0  152    0    0    0  
 139    0    0    0  121  141  154  136    0    0  
 142  156    0    0  119  119    0    0  144    0  
   0    0    0  158  148    0  135    0  154  132  
 124    0  141    0    0  136  140    0    0  150  
   0  146  134    0    0  139  123  161    0    0  
 126  147    0    0    0  154  149  160    0    0  
 138    0    0    0  178  176  157    0  153    0  
 160  140  150    0  159    0    0    0    0  159  
   0  161    0  184    0    0  137  177    0  162  
 188  154    0  171  183  163    0    0    0    0  
   0  173  171    0    0    0  146  189    0  152  
 193  155  174    0  178  150    0    0    0    0  
 165    0  166    0    0    0  191  195  171    0  
 172  156  190    0    0  204    0    0    0  173  
 174  193  162    0    0    0  163    0  173    0  
 173    0  187    0  160    0    0  200    0  207  
 172    0    0  197    0    0  196    0  157  156  
 202  198    0  180    0  177    0    0    0  174  
 215    0  162    0  209    0  208  195    0    0  
   0    0  176    0  194  173    0  196    0  183  
 207    0  188    0    0  220    0  196  197    0  
 174    0    0    0  208    0    0  187  228  172  
   0    0  207  220    0    0  203  214    0  177  
 198    0    0  194  199    0    0  228    0  197  
   0  190    0  243  243    0    0  234  179    0  
   0  179    0    0  229    0  203  181  190    0  
   0    0    0  239    0  214    0  192  193  234  
   0  219    0  251  232  188  205    0    0    0  
   0  241    0  221    0    0  222  212    0  195  
   0  192    0  183  236    0    0    0  233  188  
 202    0  216    0  214    0    0  218  238    0  
   0  204    0    0  253  219  259    0  222    0  
   0  210    0    0  214    0  264    0  203  199  
 254  239  221    0    0  269    0    0    0  264  
 218    0    0    0  261  232  258    0    0  271  
 215  267  259    0    0  233    0  211    0    0  
   0  217  209  252    0  271  207    0    0    0  
   0    0  242    0    0    0  230  248  246  276  
   0  286    0    0  256    0  239  269  214    0  
   0  244    0    0  230  221  272  279    0    0  
 275    0    0    0  248    0  230    0  277  233  
   0    0  250  291  296    0    0    0  221  274  
 247  248  300    0  264    0    0  280    0    0  
 235  245    0  263    0  307    0    0  255    0  
 255    0    0  291    0  264  284  289    0    0  
   0    0    0  274  276    0  238  273  289    0  
 255  279  293    0    0  297    0    0    0  272  
 245    0  248    0  239    0  327    0  301    0  
   0    0  280  318  259    0  327  320    0    0  
   0    0  321  287    0    0    0  255  267  299  
 335    0    0  297  270    0  285    0  339    0  
 258  331  272  333    0    0  307    0    0    0  
   0  287    0    0  282  261  336  270    0    0  
 331  281    0  271  305    0    0  320    0    0  
 301  263    0    0    0  283    0    0  293  302  
   0  256    0  283    0    0  343  297    0  340  
   0  277  274    0  317  306    0    0    0  331  
 329  317    0    0  316    0  349    0    0  259  
 357    0  271    0  304  267    0  307    0    0  
 312  346  307  310    0    0    0    0  339    0  
 358  365  269  342    0  271    0    0    0    0  
   0    0  351    0  369    0  282  314  268    0  
   0    0  371    0  372    0  307    0  269  293  
 298    0  335    0  322  314    0    0    0  305  
 349    0    0  326    0  321    0  328    0  321  
 335  336  322    0  318    0    0    0  307    0  
 370    0  351  385  391    0  317    0    0    0  
   0    0    0  290  344    0  284  295    0  364  
   0  364    0    0  374  346    0  304    0  385  
 330    0  308  345  388    0    0  397    0    0  
   0    0  318  359    0  343    0  327    0  358  
 330    0    0    0  379  410    0    0  342  401  
 314    0  352    0  341    0    0  346  307    0  
   0    0    0  378    0  342  347  398  409    0  
 326  382    0  402    0    0    0  415  378    0  
   0  385    0    0    0  418  362  320    0  341  
 431    0    0  390    0  406    0    0  419  410  
 418  414    0    0    0    0  422  430    0  348  
   0  402    0  326  366  443  408    0    0    0  
   0    0  399  398  366    0  405  416    0    0  
   0    0  410  347    0  345    0    0  326  422  
   0  359  421    0    0    0  432  358  425    0  
 383    0  454    0  383  389    0    0  398    0  
   0  341  401    0    0  360    0    0  353  337  
   0    0    0    0  427  391  354  430    0  364  
   0    0  431    0    0  389  432  345  424    0  ] 
 ] 
