K : 75
I : 5
C : 12
INSTANCE : 4
PREFERENCES : [    0    0    1    2    3  
   0    1    3    0    2  
   2    0    1    0    3  
   2    0    1    3    0  
   2    3    0    1    0  
   2    1    0    3    0  
   0    0    3    1    2  
   0    1    3    0    2  
   0    1    3    0    2  
   3    0    1    0    2  
   2    1    3    0    0  
   1    0    3    2    0  
   0    1    2    3    0  
   0    0    1    3    2  
   3    0    1    2    0  
   3    1    0    0    2  
   0    2    3    0    1  
   1    0    3    0    2  
   0    0    3    1    2  
   2    0    1    3    0  
   2    0    0    1    3  
   2    3    0    0    1  
   2    1    3    0    0  
   0    0    1    3    2  
   0    2    0    1    3  
   3    2    1    0    0  
   0    0    3    1    2  
   0    1    3    0    2  
   0    3    1    2    0  
   0    3    1    0    2  
   2    3    0    0    1  
   0    2    1    0    3  
   0    1    0    2    3  
   1    0    0    2    3  
   0    3    0    2    1  
   0    2    1    3    0  
   2    0    0    1    3  
   1    0    3    0    2  
   3    0    2    1    0  
   0    0    3    1    2  
   1    2    0    3    0  
   1    0    3    2    0  
   2    0    0    1    3  
   0    3    2    0    1  
   0    2    3    0    1  
   0    3    1    0    2  
   3    0    2    1    0  
   2    0    1    0    3  
   0    2    0    1    3  
   0    0    1    2    3  
   1    3    2    0    0  
   1    0    0    3    2  
   2    0    1    3    0  
   0    2    1    3    0  
   0    1    0    3    2  
   0    2    3    0    1  
   2    1    0    0    3  
   0    1    2    3    0  
   0    3    0    2    1  
   0    2    0    1    3  
   2    1    3    0    0  
   3    2    0    1    0  
   1    0    0    2    3  
   1    0    2    3    0  
   0    2    3    0    1  
   1    0    2    0    3  
   0    2    0    1    3  
   2    1    0    3    0  
   0    0    2    1    3  
   3    0    2    1    0  
   0    0    1    3    2  
   3    0    0    1    2  
   0    1    0    2    3  
   2    0    0    1    3  
   0    3    0    2    1  ] 
RESERVATION PRICES : [    0    0    6    5    5  
   0   11   11    0   11  
  14    0   17    0   16  
  13    0   14   17    0  
  16   20    0   19    0  
  18   15    0   15    0  
   0    0   27   27   25  
   0   30   32    0   30  
   0   31   34    0   37  
  37    0   28    0   32  
  37   33   38    0    0  
  36    0   35   35    0  
   0   32   33   43    0  
   0    0   45   46   45  
  41    0   55   44    0  
  43   56    0    0   57  
   0   62   57    0   49  
  53    0   53    0   58  
   0    0   57   57   53  
  55    0   75   60    0  
  59    0    0   70   60  
  72   56    0    0   67  
  78   82   82    0    0  
   0    0   81   70   70  
   0   87    0   67   75  
  70   68   81    0    0  
   0    0   75   69   76  
   0   92   73    0   97  
   0   78   87  106    0  
   0   90  101    0   86  
  96   83    0    0   96  
   0  115   87    0  119  
   0  112    0   97  110  
  94    0    0   98  118  
   0   99    0   99  126  
   0  110  100   98    0  
 107    0    0  125  104  
 135    0  130    0  102  
 129    0  120  113    0  
   0    0  127  122  130  
 139  111    0  128    0  
 116    0  119  155    0  
 135    0    0  120  125  
   0  153  139    0  139  
   0  150  155    0  163  
   0  126  145    0  131  
 137    0  140  167    0  
 160    0  161    0  175  
   0  154    0  166  152  
   0    0  175  167  164  
 178  167  173    0    0  
 191    0    0  163  187  
 153    0  202  187    0  
   0  151  176  192    0  
   0  190    0  174  177  
   0  186  167    0  173  
 177  181    0    0  200  
   0  217  214  169    0  
   0  220    0  191  179  
   0  203    0  223  183  
 195  178  170    0    0  
 213  215    0  217    0  
 223    0    0  180  193  
 222    0  235  209    0  
   0  246  241    0  231  
 212    0  198    0  220  
   0  201    0  222  231  
 237  195    0  208    0  
   0    0  251  202  256  
 236    0  195  218    0  
   0    0  271  251  260  
 206    0    0  267  231  
   0  211    0  240  240  
 200    0    0  241  216  
   0  244    0  242  205  ] 
 ] 
