K : 75
I : 5
C : 3
INSTANCE : 4
PREFERENCES : [    0    2    1    3    0  
   2    0    0    1    3  
   0    3    1    0    2  
   0    0    2    3    1  
   2    0    1    0    3  
   0    0    2    1    3  
   1    0    2    3    0  
   0    3    1    0    2  
   2    1    0    0    3  
   0    1    3    0    2  
   2    3    1    0    0  
   1    3    0    2    0  
   3    1    0    0    2  
   3    2    1    0    0  
   0    2    3    0    1  
   2    0    1    0    3  
   0    3    0    2    1  
   2    0    1    0    3  
   1    0    3    2    0  
   0    1    3    0    2  
   2    1    0    3    0  
   0    2    1    3    0  
   3    0    0    1    2  
   0    0    3    1    2  
   0    1    3    0    2  
   2    1    0    3    0  
   0    2    1    0    3  
   0    1    3    0    2  
   0    3    2    0    1  
   3    1    0    2    0  
   2    0    1    0    3  
   3    0    1    0    2  
   2    1    0    3    0  
   0    0    2    3    1  
   2    0    0    3    1  
   2    0    1    3    0  
   3    1    0    0    2  
   0    2    0    3    1  
   0    1    2    3    0  
   0    0    3    2    1  
   1    0    3    2    0  
   2    0    1    3    0  
   2    1    3    0    0  
   3    1    2    0    0  
   2    0    3    0    1  
   0    2    0    1    3  
   1    2    3    0    0  
   0    0    2    1    3  
   0    3    2    0    1  
   2    1    0    3    0  
   0    2    0    3    1  
   2    3    1    0    0  
   0    3    0    2    1  
   0    0    1    3    2  
   2    1    0    0    3  
   1    2    0    3    0  
   1    3    2    0    0  
   0    2    3    0    1  
   2    1    3    0    0  
   1    2    0    0    3  
   0    0    2    3    1  
   0    1    2    3    0  
   0    0    3    1    2  
   3    2    1    0    0  
   0    2    3    0    1  
   3    0    2    1    0  
   3    0    0    1    2  
   0    1    3    0    2  
   1    3    0    2    0  
   2    1    0    0    3  
   0    0    2    3    1  
   1    2    0    0    3  
   3    2    0    0    1  
   0    3    1    0    2  
   0    3    2    1    0  ] 
RESERVATION PRICES : [    0    6    5    6    0  
  12    0    0    9   11  
   0   18   16    0   18  
   0    0   22   21   18  
  21    0   23    0   26  
   0    0   30   30   31  
  27    0   28   30    0  
   0   40   33    0   37  
  39   33    0    0   34  
   0   41   41    0   40  
  46   52   46    0    0  
  45   46    0   50    0  
  45   49    0    0   54  
  45   49   53    0    0  
   0   49   57    0   48  
  51    0   60    0   67  
   0   58    0   51   66  
  56    0   60    0   66  
  66    0   68   70    0  
   0   72   74    0   70  
  67   69    0   69    0  
   0   76   72   74    0  
  72    0    0   81   80  
   0    0   87   66   82  
   0   91   89    0   84  
  72   96    0   84    0  
   0   85   93    0   90  
   0   74   86    0   98  
   0  100   75    0   90  
 100  101    0   90    0  
 108    0  100    0   98  
 107    0  102    0   93  
  99   95    0  121    0  
   0    0  102  109  102  
 113    0    0  109  100  
 136    0  118  105    0  
 102  108    0    0  120  
   0  115    0  118  113  
   0  120  129  131    0  
   0    0  136  122  135  
 129    0  114  141    0  
 132    0  133  134    0  
 148  150  113    0    0  
 117  128  153    0    0  
 163    0  122    0  125  
   0  140    0  128  144  
 134  159  148    0    0  
   0    0  178  150  134  
   0  178  131    0  136  
 134  164    0  143    0  
   0  145    0  150  147  
 167  141  157    0    0  
   0  197    0  151  167  
   0    0  170  179  166  
 196  204    0    0  205  
 162  210    0  171    0  
 206  158  192    0    0  
   0  189  162    0  219  
 177  198  197    0    0  
 227  177    0    0  178  
   0    0  183  174  223  
   0  214  213  200    0  
   0    0  228  224  230  
 233  245  205    0    0  
   0  201  213    0  205  
 214    0  191  229    0  
 231    0    0  211  195  
   0  228  219    0  217  
 253  228    0  241    0  
 267  212    0    0  226  
   0    0  272  246  232  
 266  231    0    0  208  
 212  264    0    0  251  
   0  204  232    0  225  
   0  267  227  260    0  ] 
 ] 
