K : 50
I : 5
C : 5
INSTANCE : 2
PREFERENCES : [    0    0    2    3    1  
   2    3    0    0    1  
   0    2    1    3    0  
   0    3    1    2    0  
   2    0    0    3    1  
   2    1    3    0    0  
   1    0    0    3    2  
   0    3    0    2    1  
   3    0    2    1    0  
   1    0    0    2    3  
   1    0    0    3    2  
   3    0    0    1    2  
   2    0    3    0    1  
   0    2    1    0    3  
   3    0    0    1    2  
   0    3    2    0    1  
   2    0    3    1    0  
   3    2    1    0    0  
   2    3    0    0    1  
   3    0    0    2    1  
   1    0    3    0    2  
   3    2    1    0    0  
   3    2    0    0    1  
   0    0    1    2    3  
   0    1    2    0    3  
   2    3    0    1    0  
   2    0    0    3    1  
   0    3    0    2    1  
   0    1    3    2    0  
   0    3    2    1    0  
   3    0    2    1    0  
   0    1    0    3    2  
   1    0    0    2    3  
   1    0    0    3    2  
   1    2    0    3    0  
   0    0    3    2    1  
   2    3    0    0    1  
   1    2    0    3    0  
   0    1    3    2    0  
   1    3    0    0    2  
   1    2    0    3    0  
   0    0    1    2    3  
   0    1    3    2    0  
   0    2    1    0    3  
   0    1    2    0    3  
   3    0    1    2    0  
   1    0    0    2    3  
   3    0    2    0    1  
   0    2    0    1    3  
   0    3    0    1    2  ] 
RESERVATION PRICES : [    0    0    7    6    6  
  13   12    0    0   12  
   0   17   14   14    0  
   0   21   22   21    0  
  22    0    0   20   24  
  24   25   22    0    0  
  28    0    0   21   24  
   0   27    0   23   30  
  36    0   37   29    0  
  39    0    0   39   33  
  40    0    0   39   40  
  32    0    0   36   41  
  38    0   51    0   42  
   0   46   47    0   40  
  53    0    0   49   56  
   0   59   56    0   44  
  58    0   56   48    0  
  48   54   49    0    0  
  56   58    0    0   47  
  50    0    0   58   49  
  57    0   65    0   58  
  74   63   75    0    0  
  63   71    0    0   68  
   0    0   76   70   66  
   0   66   67    0   83  
  85   88    0   77    0  
  84    0    0   75   79  
   0  100    0   92   74  
   0  106   86   78    0  
   0   96   93   97    0  
  94    0  115  114    0  
   0   93    0  106  111  
 107    0    0   89   98  
  96    0    0  118  111  
 121  129    0  113    0  
   0    0  106  121  133  
 129  121    0    0  116  
 108  116    0  134    0  
   0  125  129  114    0  
 147  142    0    0  130  
 144  153    0  130    0  
   0    0  125  131  123  
   0  154  152  160    0  
   0  138  161    0  125  
   0  161  148    0  128  
 138    0  169  155    0  
 159    0    0  138  177  
 156    0  173    0  135  
   0  174    0  155  175  
   0  170    0  150  174  ] 
 ] 
