K : 50
I : 15
C : 8
INSTANCE : 4
PREFERENCES : [    0    0    0    0    0    3    0    4    0    1    5    0    0    0    2  
   2    0    0    0    0    0    1    4    0    0    0    3    0    0    5  
   0    2    0    3    0    0    0    0    0    5    0    1    4    0    0  
   0    0    0    0    5    4    0    0    0    0    2    3    0    0    1  
   1    2    0    0    3    0    0    0    4    0    0    0    0    0    5  
   0    1    4    3    0    0    0    0    2    0    0    0    0    5    0  
   0    0    0    1    0    0    0    4    0    0    0    0    5    2    3  
   3    0    0    0    0    5    1    0    2    0    0    0    0    0    4  
   3    0    0    5    2    0    0    0    0    4    0    0    0    0    1  
   0    0    1    2    0    0    0    3    0    0    4    0    0    0    5  
   0    0    3    2    5    0    0    0    0    4    0    0    0    0    1  
   2    0    5    0    0    3    4    0    1    0    0    0    0    0    0  
   5    0    0    0    0    0    0    1    0    3    4    2    0    0    0  
   0    0    0    1    0    2    0    0    4    0    0    3    5    0    0  
   0    2    0    0    3    0    5    0    0    4    0    0    0    0    1  
   0    0    0    1    2    0    5    0    3    0    4    0    0    0    0  
   0    0    0    1    0    0    0    2    0    0    0    5    3    0    4  
   0    2    0    0    4    5    0    0    0    1    0    0    0    3    0  
   0    0    0    2    0    0    0    0    5    0    0    4    3    0    1  
   0    0    0    0    5    1    0    2    0    0    3    0    0    4    0  
   0    0    0    3    0    0    0    0    0    4    1    0    5    2    0  
   0    0    0    0    0    0    2    0    4    0    1    5    0    3    0  
   3    0    2    0    1    5    0    0    4    0    0    0    0    0    0  
   5    0    2    1    0    0    3    0    0    0    0    0    4    0    0  
   3    0    1    2    5    4    0    0    0    0    0    0    0    0    0  
   0    0    2    0    0    3    0    0    4    0    5    0    0    0    1  
   2    0    0    0    4    0    0    3    0    5    0    0    0    1    0  
   0    2    0    0    0    0    0    0    0    0    1    0    4    3    5  
   3    0    0    1    0    0    2    0    0    0    4    0    0    5    0  
   0    0    0    0    0    4    0    0    5    0    3    1    0    2    0  
   3    0    0    0    5    0    0    2    0    0    0    1    0    0    4  
   4    0    5    0    0    0    1    0    0    0    0    0    0    3    2  
   0    0    0    4    0    0    0    2    0    0    5    0    3    1    0  
   0    2    1    0    5    0    0    3    0    0    0    0    0    4    0  
   4    0    0    0    0    3    0    2    0    1    5    0    0    0    0  
   0    0    1    0    3    0    0    2    0    0    5    0    4    0    0  
   0    0    0    4    1    3    0    2    0    0    5    0    0    0    0  
   0    5    2    0    1    0    0    0    0    0    3    4    0    0    0  
   0    4    0    0    3    0    0    2    1    0    0    0    0    5    0  
   3    4    0    5    1    0    0    0    0    0    0    2    0    0    0  
   1    4    0    2    0    0    0    0    0    0    3    0    0    0    5  
   0    4    0    0    5    0    0    0    0    3    0    2    0    0    1  
   5    1    0    0    4    3    0    0    0    0    2    0    0    0    0  
   0    0    4    3    0    0    5    2    0    0    0    1    0    0    0  
   0    0    4    5    0    0    0    3    0    0    0    0    0    2    1  
   0    0    2    4    0    3    5    1    0    0    0    0    0    0    0  
   5    3    1    0    0    0    2    4    0    0    0    0    0    0    0  
   0    0    0    1    0    0    0    0    4    3    0    0    2    5    0  
   3    5    4    0    0    0    1    0    2    0    0    0    0    0    0  
   1    0    0    5    0    0    0    0    0    4    0    2    3    0    0  ] 
RESERVATION PRICES : [    0    0    0    0    0    9    0   10    0   10    9    0    0    0    9  
  11    0    0    0    0    0   11   11    0    0    0    9    0    0   10  
   0   14    0   17    0    0    0    0    0   13    0   13   14    0    0  
   0    0    0    0   16   18    0    0    0    0   21   18    0    0   19  
  25   21    0    0   22    0    0    0   22    0    0    0    0    0   26  
   0   31   24   26    0    0    0    0   25    0    0    0    0   30    0  
   0    0    0   25    0    0    0   25    0    0    0    0   29   24   25  
  33    0    0    0    0   29   34    0   30    0    0    0    0    0   28  
  35    0    0   33   39    0    0    0    0   40    0    0    0    0   40  
   0    0   41   34    0    0    0   41    0    0   42    0    0    0   37  
   0    0   39   32   40    0    0    0    0   36    0    0    0    0   32  
  43    0   49    0    0   43   49    0   51    0    0    0    0    0    0  
  41    0    0    0    0    0    0   55    0   55   47   40    0    0    0  
   0    0    0   51    0   58    0    0   57    0    0   52   58    0    0  
   0   55    0    0   57    0   64    0    0   60    0    0    0    0   63  
   0    0    0   51   59    0   51    0   68    0   60    0    0    0    0  
   0    0    0   71    0    0    0   71    0    0    0   66   52    0   62  
   0   68    0    0   71   54    0    0    0   58    0    0    0   62    0  
   0    0    0   60    0    0    0    0   73    0    0   74   75    0   69  
   0    0    0    0   61   62    0   70    0    0   76    0    0   73    0  
   0    0    0   74    0    0    0    0    0   68   76    0   79   63    0  
   0    0    0    0    0    0   84    0   81    0   67   73    0   70    0  
  93    0   79    0   82   88    0    0   85    0    0    0    0    0    0  
  76    0   91   80    0    0   70    0    0    0    0    0   69    0    0  
  67    0   80   90   71   76    0    0    0    0    0    0    0    0    0  
   0    0   71    0    0   73    0    0   94    0   94    0    0    0   96  
  82    0    0    0   94    0    0   98    0   72    0    0    0   76    0  
   0   93    0    0    0    0    0    0    0    0   71    0   81   79   85  
  93    0    0   80    0    0  101    0    0    0   73    0    0   86    0  
   0    0    0    0    0   98    0    0   89    0   79   87    0   78    0  
  81    0    0    0   92    0    0   99    0    0    0   84    0    0   94  
  85    0   96    0    0    0   96    0    0    0    0    0    0   83  104  
   0    0    0  112    0    0    0  108    0    0  102    0  110   89    0  
   0   94  101    0  116    0    0  105    0    0    0    0    0  105    0  
 124    0    0    0    0  108    0  110    0  124   99    0    0    0    0  
   0    0  110    0  126    0    0  123    0    0  109    0  110    0    0  
   0    0    0  134  106  104    0  131    0    0  122    0    0    0    0  
   0  115  135    0  104    0    0    0    0    0  124  127    0    0    0  
   0  119    0    0  116    0    0  129  113    0    0    0    0  143    0  
 129  142    0  118  131    0    0    0    0    0    0  118    0    0    0  
 141  114    0  115    0    0    0    0    0    0  156    0    0    0  135  
   0  128    0    0  119    0    0    0    0  143    0  142    0    0  145  
 159  124    0    0  130  123    0    0    0    0  124    0    0    0    0  
   0    0  165  163    0    0  166  154    0    0    0  122    0    0    0  
   0    0  156  149    0    0    0  144    0    0    0    0    0  164  138  
   0    0  151  151    0  146  166  171    0    0    0    0    0    0    0  
 149  168  152    0    0    0  141  142    0    0    0    0    0    0    0  
   0    0    0  142    0    0    0    0  158  139    0    0  131  172    0  
 187  166  178    0    0    0  178    0  177    0    0    0    0    0    0  
 167    0    0  180    0    0    0    0    0  167    0  150  168    0    0  ] 
 ] 
