K : 125
I : 10
C : 20
INSTANCE : 5
PREFERENCES : [    0    4    1    0    0    5    0    0    3    2  
   3    0    4    0    1    0    2    0    5    0  
   3    5    0    0    1    0    0    2    4    0  
   1    3    0    0    0    2    0    0    5    4  
   5    0    1    0    2    0    4    0    0    3  
   0    3    4    1    0    0    0    2    5    0  
   1    2    4    5    0    0    3    0    0    0  
   0    0    1    0    3    4    0    5    2    0  
   4    0    0    0    1    5    0    3    0    2  
   5    2    1    0    0    0    0    0    4    3  
   3    1    0    2    0    0    0    5    4    0  
   2    0    4    1    5    0    0    0    3    0  
   0    1    0    5    0    0    4    0    2    3  
   0    1    5    4    0    3    2    0    0    0  
   0    0    4    0    2    0    0    3    1    5  
   4    0    0    0    0    0    1    2    3    5  
   0    0    0    4    0    1    5    3    0    2  
   3    4    2    0    0    5    0    1    0    0  
   0    3    0    4    5    0    1    0    2    0  
   3    0    1    2    0    0    0    5    4    0  
   0    4    0    1    0    3    5    0    2    0  
   0    0    2    0    5    0    4    0    1    3  
   1    5    0    0    0    3    0    4    0    2  
   0    5    0    0    0    3    2    4    0    1  
   4    0    1    2    5    0    0    3    0    0  
   5    0    0    1    2    0    4    0    0    3  
   0    5    0    4    3    0    1    2    0    0  
   4    0    2    0    5    1    3    0    0    0  
   1    4    0    0    0    2    0    5    0    3  
   3    2    4    0    0    0    1    5    0    0  
   0    0    0    5    3    2    0    1    4    0  
   3    0    0    0    0    0    1    4    5    2  
   0    1    4    0    0    0    0    5    3    2  
   1    0    0    0    4    5    2    0    3    0  
   0    0    2    1    4    5    3    0    0    0  
   0    5    0    1    4    0    0    2    0    3  
   3    5    0    2    0    0    0    1    0    4  
   0    0    0    1    3    5    2    0    0    4  
   3    0    0    1    0    0    4    2    0    5  
   1    0    0    4    0    0    3    5    0    2  
   2    4    5    0    1    0    0    0    3    0  
   3    0    2    0    0    0    0    1    4    5  
   5    3    0    0    0    2    0    1    4    0  
   0    0    5    2    3    1    0    0    4    0  
   1    0    0    0    0    2    0    3    5    4  
   1    2    5    0    0    0    0    0    3    4  
   0    0    0    1    2    4    3    5    0    0  
   0    0    1    0    4    2    5    3    0    0  
   0    0    0    0    3    4    2    0    5    1  
   0    2    3    0    0    1    0    4    5    0  
   0    4    2    0    0    5    1    3    0    0  
   0    3    1    0    0    2    4    0    5    0  
   3    0    0    0    0    0    5    2    4    1  
   0    1    5    0    3    2    4    0    0    0  
   0    0    0    2    0    1    0    3    4    5  
   1    0    5    0    0    2    3    0    4    0  
   2    3    0    1    5    4    0    0    0    0  
   0    2    3    5    1    0    0    0    4    0  
   0    0    4    3    2    0    0    1    5    0  
   0    4    2    3    0    0    1    5    0    0  
   3    1    0    2    5    0    0    4    0    0  
   3    0    0    4    0    0    1    2    5    0  
   2    1    0    0    0    3    0    4    5    0  
   5    3    0    0    4    2    1    0    0    0  
   2    4    0    0    0    0    1    5    0    3  
   0    2    1    0    3    4    0    5    0    0  
   1    0    2    0    0    5    4    3    0    0  
   2    0    0    3    5    0    0    1    4    0  
   2    5    0    0    0    3    0    1    4    0  
   0    3    1    2    0    5    4    0    0    0  
   0    0    4    3    1    0    2    0    5    0  
   3    4    0    0    2    5    0    1    0    0  
   1    3    0    0    2    0    0    4    5    0  
   2    5    3    0    4    0    0    1    0    0  
   4    0    0    3    0    0    1    5    0    2  
   0    5    2    0    3    1    4    0    0    0  
   2    3    0    1    0    4    0    0    0    5  
   0    1    3    0    5    2    0    0    0    4  
   1    0    4    0    3    0    2    0    0    5  
   3    1    4    0    0    0    5    0    0    2  
   0    4    5    2    0    3    0    0    1    0  
   4    3    0    1    0    0    5    0    2    0  
   0    2    0    5    0    3    4    0    0    1  
   0    3    1    0    5    0    4    2    0    0  
   0    0    0    3    1    0    0    5    4    2  
   5    4    1    0    3    0    2    0    0    0  
   5    0    0    2    0    3    0    4    0    1  
   0    1    2    4    0    3    0    5    0    0  
   0    4    2    0    3    0    1    5    0    0  
   2    4    0    1    0    0    3    0    5    0  
   3    0    0    5    4    0    0    0    1    2  
   0    0    0    5    3    4    1    2    0    0  
   0    0    0    4    0    0    2    1    5    3  
   0    5    3    0    2    1    0    4    0    0  
   5    0    0    0    0    1    3    0    2    4  
   1    5    0    2    0    4    3    0    0    0  
   0    2    4    0    1    0    3    0    0    5  
   1    0    0    0    0    5    4    0    2    3  
   0    4    2    0    0    0    3    5    1    0  
   5    4    0    1    0    0    2    0    3    0  
   0    3    0    0    0    2    1    4    5    0  
   0    0    3    0    0    4    5    0    1    2  
   2    5    4    3    0    1    0    0    0    0  
   2    0    1    5    4    0    0    0    0    3  
   0    0    0    2    3    4    1    0    0    5  
   0    4    0    0    3    0    0    5    1    2  
   0    5    3    4    0    0    2    0    1    0  
   4    5    2    0    1    0    3    0    0    0  
   2    3    4    1    0    0    0    0    5    0  
   0    0    0    0    1    0    3    5    4    2  
   2    0    1    5    0    0    0    4    0    3  
   0    0    0    1    0    5    4    2    0    3  
   1    2    0    0    0    0    4    3    0    5  
   5    0    3    0    0    0    2    1    0    4  
   2    5    3    0    0    1    0    4    0    0  
   3    0    0    0    0    5    2    0    1    4  
   0    4    5    2    0    1    0    0    3    0  
   4    0    0    1    0    3    2    5    0    0  
   1    5    3    0    4    0    2    0    0    0  
   5    0    0    0    4    0    2    0    1    3  
   0    0    0    1    5    4    2    0    0    3  
   0    0    3    1    0    5    2    4    0    0  
   3    0    2    5    4    1    0    0    0    0  
   0    5    2    0    0    4    0    0    1    3  
   0    0    4    0    3    0    2    5    0    1  ] 
RESERVATION PRICES : [    0    8    9    0    0   10    0    0   10    9  
  11    0    9    0   10    0   11    0    9    0  
  11    9    0    0   10    0    0   10    9    0  
  15   14    0    0    0   18    0    0   19   15  
  21    0   18    0   19    0   20    0    0   20  
   0   22   23   19    0    0    0   21   22    0  
  24   24   21   21    0    0   21    0    0    0  
   0    0   27    0   25   26    0   24   32    0  
  38    0    0    0   30   34    0   34    0   35  
  41   37   35    0    0    0    0    0   36   37  
  32   33    0   41    0    0    0   41   39    0  
  32    0   42   34   40    0    0    0   41    0  
   0   42    0   41    0    0   35    0   33   32  
   0   48   40   42    0   46   39    0    0    0  
   0    0   41    0   52    0    0   44   50   52  
  50    0    0    0    0    0   54   43   52   59  
   0    0    0   50    0   47   60   57    0   57  
  67   54   50    0    0   53    0   63    0    0  
   0   69    0   60   53    0   71    0   54    0  
  66    0   61   61    0    0    0   60   56    0  
   0   77    0   62    0   71   56    0   77    0  
   0    0   56    0   59    0   69    0   71   59  
  69   73    0    0    0   82    0   59    0   76  
   0   69    0    0    0   78   64   87    0   76  
  92    0   86   73   81    0    0   74    0    0  
  73    0    0   73   90    0   80    0    0   74  
   0   93    0   75   79    0   99   96    0    0  
  90    0   78    0   88   93  100    0    0    0  
  85  100    0    0    0  111    0   83    0  104  
 103  115  103    0    0    0  107   96    0    0  
   0    0    0   92  102  118    0   99  108    0  
 106    0    0    0    0    0  110  123   91   95  
   0  122  123    0    0    0    0  112  110  107  
 107    0    0    0  105  104  107    0  118    0  
   0    0  127  137  105  109  111    0    0    0  
   0  138    0  108  134    0    0  118    0  131  
 138  100    0  124    0    0    0  103    0  106  
   0    0    0  136  139  140  123    0    0  141  
 106    0    0  106    0    0  127  133    0  132  
 151    0    0  122    0    0  130  118    0  115  
 132  117  123    0  130    0    0    0  141    0  
 123    0  123    0    0    0    0  158  128  151  
 139  157    0    0    0  128    0  153  127    0  
   0    0  162  143  163  151    0    0  155    0  
 126    0    0    0    0  168    0  138  132  143  
 142  156  153    0    0    0    0    0  166  163  
   0    0    0  161  144  150  167  148    0    0  
   0    0  151    0  150  148  169  159    0    0  
   0    0    0    0  145  145  177    0  159  158  
   0  144  134    0    0  141    0  167  179    0  
   0  140  147    0    0  190  190  161    0    0  
   0  184  157    0    0  155  189    0  175    0  
 158    0    0    0    0    0  173  162  166  188  
   0  144  159    0  157  190  152    0    0    0  
   0    0    0  144    0  166    0  188  183  155  
 179    0  193    0    0  196  201    0  179    0  
 169  185    0  156  162  157    0    0    0    0  
   0  160  186  213  183    0    0    0  178    0  
   0    0  192  210  166    0    0  154  195    0  
   0  210  156  161    0    0  206  166    0    0  
 176  199    0  187  176    0    0  200    0    0  
 224    0    0  198    0    0  202  185  187    0  
 200  222    0    0    0  214    0  189  199    0  
 211  206    0    0  170  189  188    0    0    0  
 174  199    0    0    0    0  179  199    0  205  
   0  208  172    0  211  231    0  235    0    0  
 208    0  203    0    0  225  207  186    0    0  
 177    0    0  203  215    0    0  237  211    0  
 205  227    0    0    0  181    0  225  205    0  
   0  234  237  196    0  208  245    0    0    0  
   0    0  207  213  193    0  245    0  238    0  
 238  207    0    0  232  201    0  228    0    0  
 241  249    0    0  227    0    0  215  243    0  
 221  194  232    0  242    0    0  234    0    0  
 216    0    0  219    0    0  257  267    0  220  
   0  233  208    0  254  241  213    0    0    0  
 204  211    0  277    0  248    0    0    0  248  
   0  224  275    0  248  209    0    0    0  236  
 217    0  230    0  274    0  236    0    0  283  
 234  260  276    0    0    0  263    0    0  233  
   0  259  295  286    0  276    0    0  245    0  
 220  253    0  266    0    0  270    0  286    0  
   0  277    0  233    0  304  292    0    0  240  
   0  282  295    0  254    0  307  231    0    0  
   0    0    0  262  248    0    0  288  311  256  
 302  292  288    0  304    0  271    0    0    0  
 264    0    0  253    0  273    0  235    0  315  
   0  265  321  329    0  239    0  301    0    0  
   0  248  245    0  314    0  267  259    0    0  
 310  262    0  305    0    0  299    0  269    0  
 278    0    0  264  281    0    0    0  261  272  
   0    0    0  288  270  338  257  269    0    0  
   0    0    0  276    0    0  342  327  282  280  
   0  284  307    0  352  291    0  353    0    0  
 359    0    0    0    0  293  262    0  280  350  
 263  297    0  309    0  352  295    0    0    0  
   0  271  333    0  265    0  304    0    0  321  
 269    0    0    0    0  316  281    0  289  324  
   0  361  346    0    0    0  370  270  340    0  
 374  342    0  332    0    0  300    0  373    0  
   0  334    0    0    0  289  305  349  307    0  
   0    0  351    0    0  330  303    0  324  333  
 331  275  315  354    0  362    0    0    0    0  
 289    0  301  291  364    0    0    0    0  321  
   0    0    0  353  299  362  344    0    0  324  
   0  322    0    0  290    0    0  324  328  386  
   0  367  396  295    0    0  352    0  367    0  
 340  375  324    0  363    0  292    0    0    0  
 367  356  304  376    0    0    0    0  364    0  
   0    0    0    0  337    0  351  372  387  302  
 364    0  415  388    0    0    0  324    0  341  
   0    0    0  422    0  338  402  351    0  314  
 343  384    0    0    0    0  307  333    0  342  
 421    0  425    0    0    0  314  350    0  379  
 424  363  388    0    0  335    0  352    0    0  
 426    0    0    0    0  362  421    0  333  340  
   0  343  435  326    0  425    0    0  402    0  
 372    0    0  411    0  362  416  405    0    0  
 388  334  354    0  368    0  425    0    0    0  
 367    0    0    0  333    0  387    0  356  360  
   0    0    0  360  356  360  355    0    0  434  
   0    0  362  403    0  342  349  405    0    0  
 400    0  441  398  411  443    0    0    0    0  
   0  428  365    0    0  347    0    0  417  357  
   0    0  410    0  454    0  453  346    0  418  ] 
 ] 
