K : 150
I : 15
C : 6
INSTANCE : 5
PREFERENCES : [    1    0    3    0    2    0    0    0    5    0    0    0    0    4    0  
   0    0    0    0    5    4    1    0    3    2    0    0    0    0    0  
   0    0    0    0    0    0    2    0    4    0    0    5    1    0    3  
   0    0    0    3    4    0    0    5    0    0    0    2    0    0    1  
   0    2    0    0    0    0    0    0    0    4    1    3    5    0    0  
   0    0    3    1    0    0    0    0    2    0    5    0    0    0    4  
   4    0    0    0    0    0    0    0    2    0    3    1    0    0    5  
   5    2    0    0    0    4    0    0    0    0    1    0    0    0    3  
   0    4    1    0    0    0    0    0    0    0    2    0    0    3    5  
   0    2    0    0    5    1    0    0    0    0    0    0    0    4    3  
   0    0    4    1    0    0    3    0    2    5    0    0    0    0    0  
   0    0    2    0    0    0    0    0    4    0    3    5    0    1    0  
   5    1    3    0    0    0    2    0    0    0    4    0    0    0    0  
   0    0    0    1    0    0    0    3    0    4    0    2    0    0    5  
   2    0    5    0    1    0    0    0    0    0    0    0    3    4    0  
   0    0    4    0    0    0    5    0    0    0    0    2    1    3    0  
   2    0    0    0    0    0    0    4    5    3    1    0    0    0    0  
   0    0    0    0    0    5    0    4    0    0    0    0    3    2    1  
   2    0    1    3    0    5    0    0    0    0    0    0    4    0    0  
   4    0    0    0    0    0    2    0    0    1    0    5    0    3    0  
   2    3    0    0    1    0    4    0    0    0    5    0    0    0    0  
   0    0    0    0    1    2    0    0    0    5    3    0    0    0    4  
   0    4    0    0    0    5    2    0    0    0    0    0    1    3    0  
   0    0    0    0    2    0    0    0    0    3    0    5    0    1    4  
   3    0    0    0    2    0    5    0    0    0    0    0    0    4    1  
   0    0    0    0    4    0    5    3    1    0    0    2    0    0    0  
   0    5    0    0    1    0    0    2    4    0    0    0    0    3    0  
   1    0    0    2    0    0    0    5    0    0    4    0    3    0    0  
   0    0    0    0    0    0    0    4    5    0    0    1    3    2    0  
   0    2    0    1    0    3    0    0    0    0    0    0    4    5    0  
   0    0    0    0    0    0    0    0    0    3    5    1    4    0    2  
   4    0    0    0    0    0    0    2    0    1    3    0    5    0    0  
   2    0    3    0    0    0    1    0    0    5    4    0    0    0    0  
   3    0    0    2    0    4    0    1    0    0    0    0    5    0    0  
   0    4    0    0    0    2    0    0    3    0    5    1    0    0    0  
   0    0    0    0    0    0    0    5    1    0    3    0    2    4    0  
   1    0    0    2    0    3    0    0    0    4    0    0    0    5    0  
   0    0    0    0    0    3    0    4    0    5    0    0    2    1    0  
   0    0    0    0    0    0    4    1    5    0    2    0    0    3    0  
   3    0    5    0    0    0    0    0    0    1    0    0    2    0    4  
   5    0    0    0    3    2    0    0    1    0    0    0    4    0    0  
   0    0    0    5    2    0    0    0    1    0    0    4    0    3    0  
   0    0    0    0    4    0    0    0    0    1    0    3    5    0    2  
   0    3    0    0    2    1    0    0    4    0    0    0    0    5    0  
   2    0    0    0    0    3    0    0    0    0    4    0    0    1    5  
   4    0    0    0    3    0    0    0    2    0    0    0    5    1    0  
   0    0    0    1    0    4    0    0    5    0    0    0    3    0    2  
   0    0    0    0    5    1    0    0    2    0    0    0    3    4    0  
   0    0    0    0    0    0    0    0    1    0    5    4    0    3    2  
   0    0    0    5    0    1    0    0    0    0    2    0    4    3    0  
   4    5    0    0    3    0    0    2    0    0    0    0    0    0    1  
   4    2    0    3    0    0    0    0    0    5    1    0    0    0    0  
   0    0    2    0    0    4    0    5    0    0    0    3    1    0    0  
   3    0    0    4    0    0    0    1    0    0    0    0    2    5    0  
   0    0    4    5    0    1    0    2    0    0    0    3    0    0    0  
   3    1    0    0    0    0    0    0    0    4    2    0    0    0    5  
   0    4    2    0    0    0    0    1    0    0    5    0    0    3    0  
   0    0    0    0    1    2    3    0    0    0    5    0    0    4    0  
   0    1    4    0    0    0    0    2    0    0    0    5    3    0    0  
   3    0    0    5    0    0    0    1    0    0    4    2    0    0    0  
   5    0    0    3    0    4    0    0    0    1    0    0    0    0    2  
   0    0    1    2    0    0    0    0    0    0    0    4    3    5    0  
   0    0    0    0    3    0    0    2    0    1    0    4    0    5    0  
   0    0    0    1    0    0    0    0    0    0    5    4    3    0    2  
   2    3    0    0    0    0    0    0    0    0    0    1    0    5    4  
   4    0    5    0    3    0    0    0    0    2    0    1    0    0    0  
   1    0    0    0    0    0    4    5    2    0    0    0    0    3    0  
   0    1    3    0    2    0    0    5    0    0    0    0    0    0    4  
   2    0    0    5    0    1    4    0    0    0    3    0    0    0    0  
   0    1    0    2    0    0    0    4    0    3    0    0    0    5    0  
   0    0    0    0    2    0    0    1    3    0    0    0    0    4    5  
   0    0    0    0    5    0    0    0    0    3    4    2    0    1    0  
   0    0    2    0    0    0    0    5    1    0    3    4    0    0    0  
   1    0    0    5    0    4    3    0    0    0    2    0    0    0    0  
   0    0    0    0    3    0    0    2    0    0    0    0    1    5    4  
   1    0    0    2    0    5    0    0    0    3    0    0    4    0    0  
   5    0    0    0    4    1    0    0    0    0    3    2    0    0    0  
   0    0    3    0    5    0    1    2    0    0    0    0    4    0    0  
   0    0    0    3    0    0    5    1    2    0    0    0    0    0    4  
   0    5    0    0    0    3    1    4    2    0    0    0    0    0    0  
   0    2    0    1    0    4    0    0    0    0    0    0    3    5    0  
   4    1    0    0    0    0    5    0    0    0    2    0    3    0    0  
   5    0    0    0    0    3    0    1    0    0    0    4    2    0    0  
   0    0    5    0    3    2    0    0    0    1    0    4    0    0    0  
   0    0    0    3    5    0    0    0    0    0    2    0    1    4    0  
   0    4    0    0    0    0    0    0    2    0    3    1    0    0    5  
   0    0    0    0    3    0    4    1    0    2    0    5    0    0    0  
   0    1    0    4    0    2    3    5    0    0    0    0    0    0    0  
   0    4    3    0    0    1    0    0    2    0    0    0    0    0    5  
   0    0    0    0    2    3    5    0    4    0    1    0    0    0    0  
   2    0    0    0    0    5    4    0    0    0    3    0    0    1    0  
   0    4    0    0    3    0    1    0    0    0    5    2    0    0    0  
   0    4    5    0    3    1    0    2    0    0    0    0    0    0    0  
   5    0    1    0    0    4    0    0    2    0    0    0    3    0    0  
   1    0    0    0    0    0    0    0    5    4    2    0    3    0    0  
   5    1    0    0    0    0    3    2    0    0    0    0    4    0    0  
   2    4    0    0    0    1    3    0    0    0    0    0    0    5    0  
   0    0    0    1    3    4    0    0    0    0    0    0    0    2    5  
   0    2    1    0    5    3    0    0    0    0    0    0    0    0    4  
   0    0    2    0    3    1    0    0    0    0    0    4    0    0    5  
   2    0    0    0    1    0    0    0    0    4    3    0    0    5    0  
   0    1    0    0    0    2    4    0    0    3    0    0    0    5    0  
   0    0    2    0    3    0    0    0    1    0    0    5    0    4    0  
   0    2    0    4    0    0    1    0    0    0    5    0    3    0    0  
   0    1    0    0    3    0    0    0    0    0    0    4    0    2    5  
   0    3    0    0    0    0    0    5    4    2    1    0    0    0    0  
   0    0    0    0    1    3    0    0    0    4    0    0    5    2    0  
   5    0    0    0    0    0    1    0    0    4    0    0    2    3    0  
   0    1    5    4    0    0    0    0    0    0    2    0    0    0    3  
   3    0    0    0    0    1    0    5    0    2    0    4    0    0    0  
   1    0    0    3    0    4    0    0    0    0    0    0    0    2    5  
   0    0    0    0    3    5    4    2    0    0    0    0    1    0    0  
   0    0    0    0    3    0    0    0    0    5    2    4    0    0    1  
   4    0    1    0    2    0    0    0    0    0    0    0    3    0    5  
   0    0    3    0    0    5    2    0    0    0    0    4    0    0    1  
   0    0    0    0    0    3    0    0    0    2    5    0    4    0    1  
   2    5    0    0    0    3    4    0    0    0    1    0    0    0    0  
   5    2    0    0    3    0    0    0    0    0    4    1    0    0    0  
   0    2    0    0    0    1    5    4    0    0    0    0    0    0    3  
   0    0    3    0    5    0    0    0    0    0    1    0    4    2    0  
   0    0    0    0    0    4    0    1    3    0    2    0    0    0    5  
   0    4    0    0    0    2    0    5    0    0    0    1    0    3    0  
   0    0    0    0    0    0    3    4    0    2    0    1    0    0    5  
   0    0    0    5    3    0    0    0    0    0    0    1    4    0    2  
   0    0    0    2    3    0    0    0    1    0    0    0    0    4    5  
   0    1    0    5    4    0    3    0    0    0    2    0    0    0    0  
   0    0    0    0    5    2    0    0    0    3    0    0    4    1    0  
   0    0    0    0    0    0    4    5    1    0    0    3    0    0    2  
   4    0    0    3    0    0    0    0    0    2    5    0    0    0    1  
   5    0    0    1    0    2    0    4    3    0    0    0    0    0    0  
   0    4    0    1    0    0    3    0    0    0    0    2    0    0    5  
   1    0    5    0    0    0    0    0    0    3    0    0    4    2    0  
   0    0    0    0    3    5    4    0    0    0    0    2    1    0    0  
   0    0    0    5    4    0    1    0    3    0    0    0    0    0    2  
   4    5    0    3    0    0    0    1    0    2    0    0    0    0    0  
   5    3    0    0    0    0    1    0    4    0    0    0    2    0    0  
   5    0    0    2    4    0    3    0    0    0    1    0    0    0    0  
   0    0    0    0    0    0    0    0    5    2    4    0    1    3    0  
   0    4    5    0    0    0    0    0    1    2    0    0    3    0    0  
   0    0    0    5    2    0    0    3    0    0    1    4    0    0    0  
   0    5    4    0    0    0    0    3    0    2    0    0    0    1    0  
   3    0    0    0    0    5    2    0    1    0    0    4    0    0    0  
   0    4    0    0    0    0    5    2    0    0    0    1    0    3    0  
   0    0    0    0    0    0    5    0    0    0    3    2    4    0    1  
   0    1    0    0    0    5    0    0    4    2    0    0    0    3    0  
   0    1    0    0    0    4    0    2    0    5    0    0    0    3    0  
   4    0    2    0    0    0    0    5    0    0    0    3    0    0    1  
   0    0    0    0    2    0    0    0    3    0    0    4    5    1    0  
   0    0    1    0    0    5    4    0    0    3    0    0    2    0    0  
   0    1    5    0    0    0    0    0    0    3    2    4    0    0    0  ] 
RESERVATION PRICES : [    9    0    7    0    8    0    0    0    8    0    0    0    0    7    0  
   0    0    0    0    8    9    7    0    7    9    0    0    0    0    0  
   0    0    0    0    0    0   10    0   11    0    0   12   10    0   12  
   0    0    0   15   15    0    0   14    0    0    0   18    0    0   19  
   0   20    0    0    0    0    0    0    0   21   17   20   22    0    0  
   0    0   23   23    0    0    0    0   21    0   25    0    0    0   22  
  25    0    0    0    0    0    0    0   20    0   19   20    0    0   22  
  29   26    0    0    0   26    0    0    0    0   31    0    0    0   26  
   0   31   25    0    0    0    0    0    0    0   27    0    0   27   29  
   0   31    0    0   28   30    0    0    0    0    0    0    0   34   30  
   0    0   30   34    0    0   34    0   33   28    0    0    0    0    0  
   0    0   38    0    0    0    0    0   38    0   29   37    0   30    0  
  34   40   37    0    0    0   34    0    0    0   46    0    0    0    0  
   0    0    0   42    0    0    0   36    0   37    0   34    0    0   37  
  39    0   45    0   46    0    0    0    0    0    0    0   41   43    0  
   0    0   43    0    0    0   50    0    0    0    0   41   45   46    0  
  44    0    0    0    0    0    0   46   60   49   50    0    0    0    0  
   0    0    0    0    0   46    0   45    0    0    0    0   58   44   51  
  52    0   59   57    0   47    0    0    0    0    0    0   49    0    0  
  69    0    0    0    0    0   60    0    0   54    0   53    0   68    0  
  66   66    0    0   62    0   60    0    0    0   65    0    0    0    0  
   0    0    0    0   76   55    0    0    0   76   60    0    0    0   70  
   0   72    0    0    0   74   73    0    0    0    0    0   61   74    0  
   0    0    0    0   84    0    0    0    0   75    0   82    0   73   70  
  91    0    0    0   89    0   69    0    0    0    0    0    0   81   84  
   0    0    0    0   78    0   86   73   84    0    0   96    0    0    0  
   0  102    0    0   79    0    0  100   92    0    0    0    0   97    0  
  90    0    0   91    0    0    0   84    0    0   78    0   96    0    0  
   0    0    0    0    0    0    0   88   85    0    0   82  103   90    0  
   0  108    0  103    0   80    0    0    0    0    0    0   91   96    0  
   0    0    0    0    0    0    0    0    0   91  112  108   91    0   93  
 112    0    0    0    0    0    0  114    0   96  115    0   91    0    0  
  93    0   90    0    0    0  117    0    0   94  121    0    0    0    0  
 104    0    0  120    0   94    0  101    0    0    0    0  112    0    0  
   0  115    0    0    0  101    0    0   92    0  115  111    0    0    0  
   0    0    0    0    0    0    0  116  116    0  101    0  130  122    0  
 109    0    0  133    0  128    0    0    0  117    0    0    0  124    0  
   0    0    0    0    0  138    0  109    0  129    0    0  118  106    0  
   0    0    0    0    0    0  125  129  109    0  114    0    0  118    0  
 139    0  119    0    0    0    0    0    0  131    0    0  115    0  129  
 136    0    0    0  129  116    0    0  135    0    0    0  150    0    0  
   0    0    0  116  126    0    0    0  131    0    0  155    0  118    0  
   0    0    0    0  118    0    0    0    0  133    0  135  114    0  128  
   0  118    0    0  148  146    0    0  150    0    0    0    0  118    0  
 141    0    0    0    0  156    0    0    0    0  133    0    0  146  130  
 167    0    0    0  154    0    0    0  133    0    0    0  157  142    0  
   0    0    0  141    0  125    0    0  160    0    0    0  155    0  158  
   0    0    0    0  141  155    0    0  134    0    0    0  158  175    0  
   0    0    0    0    0    0    0    0  181    0  180  169    0  154  145  
   0    0    0  180    0  177    0    0    0    0  148    0  169  166    0  
 134  163    0    0  155    0    0  163    0    0    0    0    0    0  133  
 133  185    0  148    0    0    0    0    0  136  140    0    0    0    0  
   0    0  186    0    0  152    0  183    0    0    0  157  177    0    0  
 143    0    0  154    0    0    0  171    0    0    0    0  139  162    0  
   0    0  158  156    0  172    0  170    0    0    0  172    0    0    0  
 144  199    0    0    0    0    0    0    0  187  161    0    0    0  185  
   0  178  152    0    0    0    0  158    0    0  188    0    0  165    0  
   0    0    0    0  149  197  188    0    0    0  201    0    0  191    0  
   0  173  169    0    0    0    0  188    0    0    0  165  185    0    0  
 173    0    0  155    0    0    0  192    0    0  193  152    0    0    0  
 175    0    0  172    0  165    0    0    0  197    0    0    0    0  163  
   0    0  169  164    0    0    0    0    0    0    0  207  222  192    0  
   0    0    0    0  203    0    0  182    0  188    0  218    0  194    0  
   0    0    0  206    0    0    0    0    0    0  224  199  205    0  209  
 186  225    0    0    0    0    0    0    0    0    0  180    0  219  221  
 214    0  193    0  214    0    0    0    0  224    0  209    0    0    0  
 174    0    0    0    0    0  199  212  222    0    0    0    0  208    0  
   0  195  236    0  194    0    0  190    0    0    0    0    0    0  236  
 222    0    0  186    0  203  217    0    0    0  247    0    0    0    0  
   0  205    0  238    0    0    0  209    0  233    0    0    0  218    0  
   0    0    0    0  252    0    0  205  184    0    0    0    0  188  223  
   0    0    0    0  246    0    0    0    0  245  230  241    0  251    0  
   0    0  237    0    0    0    0  250  233    0  212  235    0    0    0  
 231    0    0  224    0  227  255    0    0    0  206    0    0    0    0  
   0    0    0    0  193    0    0  221    0    0    0    0  198  196  241  
 230    0    0  194    0  194    0    0    0  259    0    0  198    0    0  
 269    0    0    0  205  222    0    0    0    0  263  229    0    0    0  
   0    0  224    0  228    0  268  223    0    0    0    0  206    0    0  
   0    0    0  230    0    0  242  220  224    0    0    0    0    0  209  
   0  276    0    0    0  212  232  239  260    0    0    0    0    0    0  
   0  225    0  260    0  259    0    0    0    0    0    0  265  224    0  
 222  286    0    0    0    0  264    0    0    0  240    0  214    0    0  
 263    0    0    0    0  278    0  229    0    0    0  222  257    0    0  
   0    0  219    0  228  303    0    0    0  245    0  280    0    0    0  
   0    0    0  241  280    0    0    0    0    0  301    0  230  267    0  
   0  228    0    0    0    0    0    0  265    0  229  244    0    0  228  
   0    0    0    0  299    0  243  271    0  251    0  229    0    0    0  
   0  311    0  298    0  273  287  281    0    0    0    0    0    0    0  
   0  234  288    0    0  318    0    0  280    0    0    0    0    0  275  
   0    0    0    0  233  247  288    0  270    0  244    0    0    0    0  
 314    0    0    0    0  244  238    0    0    0  257    0    0  259    0  
   0  260    0    0  281    0  261    0    0    0  265  311    0    0    0  
   0  302  280    0  252  240    0  251    0    0    0    0    0    0    0  
 324    0  256    0    0  297    0    0  292    0    0    0  302    0    0  
 287    0    0    0    0    0    0    0  284  294  299    0  268    0    0  
 284  265    0    0    0    0  312  256    0    0    0    0  312    0    0  
 252  317    0    0    0  351  274    0    0    0    0    0    0  332    0  
   0    0    0  341  286  275    0    0    0    0    0    0    0  327  340  
   0  360  285    0  354  325    0    0    0    0    0    0    0    0  279  
   0    0  329    0  320  329    0    0    0    0    0  297    0    0  272  
 322    0    0    0  293    0    0    0    0  360  309    0    0  272    0  
   0  339    0    0    0  267  268    0    0  270    0    0    0  302    0  
   0    0  295    0  330    0    0    0  271    0    0  337    0  313    0  
   0  307    0  339    0    0  349    0    0    0  293    0  287    0    0  
   0  354    0    0  349    0    0    0    0    0    0  385    0  301  348  
   0  357    0    0    0    0    0  344  333  293  286    0    0    0    0  
   0    0    0    0  357  309    0    0    0  353    0    0  315  379    0  
 375    0    0    0    0    0  315    0    0  307    0    0  352  340    0  
   0  396  326  342    0    0    0    0    0    0  305    0    0    0  387  
 287    0    0    0    0  341    0  380    0  384    0  320    0    0    0  
 337    0    0  393    0  347    0    0    0    0    0    0    0  295  360  
   0    0    0    0  351  388  336  391    0    0    0    0  392    0    0  
   0    0    0    0  384    0    0    0    0  294  369  305    0    0  329  
 389    0  380    0  396    0    0    0    0    0    0    0  301    0  358  
   0    0  362    0    0  407  365    0    0    0    0  310    0    0  384  
   0    0    0    0    0  347    0    0    0  342  340    0  376    0  319  
 418  327    0    0    0  412  318    0    0    0  346    0    0    0    0  
 367  330    0    0  402    0    0    0    0    0  338  414    0    0    0  
   0  413    0    0    0  323  414  321    0    0    0    0    0    0  424  
   0    0  352    0  411    0    0    0    0    0  392    0  367  368    0  
   0    0    0    0    0  345    0  409  423    0  327    0    0    0  382  
   0  322    0    0    0  358    0  373    0    0    0  422    0  434    0  
   0    0    0    0    0    0  398  439    0  440    0  455    0    0  334  
   0    0    0  450  419    0    0    0    0    0    0  341  417    0  421  
   0    0    0  357  462    0    0    0  376    0    0    0    0  357  352  
   0  435    0  432  406    0  434    0    0    0  431    0    0    0    0  
   0    0    0    0  448  448    0    0    0  353    0    0  368  470    0  
   0    0    0    0    0    0  378  436  467    0    0  450    0    0  450  
 482    0    0  470    0    0    0    0    0  481  383    0    0    0  369  
 350    0    0  474    0  383    0  355  434    0    0    0    0    0    0  
   0  436    0  375    0    0  408    0    0    0    0  430    0    0  428  
 394    0  373    0    0    0    0    0    0  362    0    0  393  397    0  
   0    0    0    0  392  407  399    0    0    0    0  482  413    0    0  
   0    0    0  362  438    0  393    0  447    0    0    0    0    0  391  
 452  377    0  408    0    0    0  365    0  413    0    0    0    0    0  
 455  459    0    0    0    0  427    0  462    0    0    0  369    0    0  
 456    0    0  431  482    0  433    0    0    0  424    0    0    0    0  
   0    0    0    0    0    0    0    0  457  472  481    0  441  507    0  
   0  478  503    0    0    0    0    0  485  484    0    0  416    0    0  
   0    0    0  426  465    0    0  517    0    0  497  486    0    0    0  
   0  514  483    0    0    0    0  409    0  519    0    0    0  429    0  
 536    0    0    0    0  472  530    0  463    0    0  515    0    0    0  
   0  457    0    0    0    0  452  484    0    0    0  493    0  459    0  
   0    0    0    0    0    0  527    0    0    0  432  527  510    0  440  
   0  392    0    0    0  411    0    0  423  416    0    0    0  538    0  
   0  465    0    0    0  437    0  548    0  398    0    0    0  466    0  
 456    0  404    0    0    0    0  467    0    0    0  492    0    0  531  
   0    0    0    0  467    0    0    0  449    0    0  512  523  467    0  
   0    0  430    0    0  497  504    0    0  551    0    0  508    0    0  
   0  545  433    0    0    0    0    0    0  484  478  458    0    0    0  ] 
 ] 
