K : 50
I : 5
C : 2
INSTANCE : 1
PREFERENCES : [    0    1    0    2    3  
   3    0    1    2    0  
   0    0    2    3    1  
   1    0    2    0    3  
   2    1    0    3    0  
   3    1    0    2    0  
   2    3    0    0    1  
   1    2    3    0    0  
   0    3    1    0    2  
   0    1    0    3    2  
   3    2    0    1    0  
   0    0    2    3    1  
   2    0    3    1    0  
   1    2    0    3    0  
   0    3    1    0    2  
   1    0    3    2    0  
   1    3    0    0    2  
   0    3    1    2    0  
   2    3    0    1    0  
   1    0    3    2    0  
   0    3    2    1    0  
   1    0    0    2    3  
   2    0    1    0    3  
   3    2    0    1    0  
   1    2    0    3    0  
   1    3    0    2    0  
   0    0    1    2    3  
   0    0    2    1    3  
   3    0    2    0    1  
   0    3    0    2    1  
   0    2    3    1    0  
   3    0    1    0    2  
   0    1    2    0    3  
   2    1    0    0    3  
   1    2    0    3    0  
   3    0    1    0    2  
   3    0    1    0    2  
   2    1    0    3    0  
   0    2    0    3    1  
   3    0    2    0    1  
   2    0    0    3    1  
   0    3    0    2    1  
   0    1    2    3    0  
   0    3    1    2    0  
   3    1    0    2    0  
   3    0    2    0    1  
   3    0    1    2    0  
   0    0    3    2    1  
   2    0    1    0    3  
   2    1    3    0    0  ] 
RESERVATION PRICES : [    0   10    0   10   10  
  12    0   12   12    0  
   0    0   14   15   15  
  18    0   16    0   15  
  21   22    0   20    0  
  28   28    0   23    0  
  25   28    0    0   24  
  29   26   28    0    0  
   0   32   34    0   26  
   0   39    0   35   38  
  44   39    0   37    0  
   0    0   51   49   42  
  53    0   53   42    0  
  42   54    0   43    0  
   0   54   53    0   62  
  58    0   49   59    0  
  60   58    0    0   61  
   0   70   59   65    0  
  56   61    0   69    0  
  72    0   82   68    0  
   0   81   82   77    0  
  78    0    0   67   63  
  70    0   69    0   69  
  70   76    0   78    0  
  72   93    0   71    0  
  85   79    0   94    0  
   0    0   82   86   98  
   0    0   92   78   87  
  86    0   97    0   76  
   0  101    0  103   89  
   0   97   92   94    0  
 112    0   84    0   95  
   0   88   88    0   86  
 113  115    0    0  117  
 102   90    0  121    0  
 108    0   98    0  123  
 121    0  126    0  113  
 104  123    0   96    0  
   0  124    0  107  115  
 111    0  141    0  143  
 134    0    0  118  120  
   0  141    0  149  153  
   0  122  121  136    0  
   0  161  143  120    0  
 155  130    0  155    0  
 133    0  135    0  132  
 165    0  173  127    0  
   0    0  154  180  136  
 145    0  180    0  171  
 171  163  185    0    0  ] 
 ] 
