K : 150
I : 5
C : 6
INSTANCE : 2
PREFERENCES : [    1    3    2    0    0  
   0    1    2    0    3  
   1    0    3    0    2  
   1    0    3    2    0  
   2    1    0    0    3  
   3    0    1    2    0  
   0    2    3    0    1  
   0    3    0    1    2  
   2    0    1    0    3  
   0    0    2    3    1  
   1    3    0    2    0  
   0    3    1    0    2  
   0    0    2    1    3  
   2    1    0    0    3  
   3    1    0    0    2  
   0    2    1    0    3  
   1    0    2    0    3  
   0    1    2    3    0  
   1    0    3    0    2  
   2    0    3    1    0  
   3    0    1    2    0  
   2    0    0    3    1  
   0    0    2    1    3  
   0    2    3    1    0  
   3    1    2    0    0  
   3    0    1    2    0  
   0    1    3    0    2  
   0    3    1    0    2  
   0    1    2    3    0  
   0    2    0    3    1  
   0    1    3    0    2  
   0    3    2    0    1  
   1    0    3    2    0  
   1    3    2    0    0  
   0    2    3    1    0  
   3    1    0    0    2  
   0    0    3    2    1  
   1    0    0    3    2  
   2    3    0    1    0  
   0    0    2    1    3  
   0    3    0    1    2  
   3    2    0    0    1  
   0    2    3    1    0  
   0    3    1    2    0  
   0    3    0    1    2  
   3    0    2    1    0  
   3    0    2    0    1  
   0    3    2    0    1  
   3    1    2    0    0  
   0    2    3    1    0  
   0    2    1    3    0  
   0    2    3    0    1  
   0    3    2    1    0  
   2    1    0    3    0  
   2    0    0    3    1  
   0    3    1    0    2  
   1    0    2    0    3  
   1    3    2    0    0  
   0    0    2    3    1  
   1    3    0    0    2  
   3    0    0    1    2  
   1    3    0    0    2  
   3    0    1    0    2  
   0    2    1    0    3  
   1    2    0    0    3  
   2    3    0    0    1  
   3    2    1    0    0  
   3    0    1    0    2  
   3    0    2    0    1  
   0    2    0    1    3  
   0    3    2    1    0  
   0    1    0    2    3  
   3    1    0    2    0  
   0    3    2    0    1  
   0    2    3    0    1  
   1    0    3    0    2  
   1    0    2    0    3  
   0    0    2    3    1  
   2    0    3    0    1  
   1    0    3    0    2  
   0    0    2    3    1  
   2    0    1    0    3  
   2    0    3    1    0  
   2    1    0    0    3  
   3    1    2    0    0  
   0    0    3    1    2  
   0    1    2    0    3  
   2    3    0    1    0  
   3    0    1    0    2  
   0    1    2    0    3  
   2    0    0    1    3  
   3    0    2    0    1  
   2    0    0    3    1  
   0    2    3    0    1  
   0    1    3    2    0  
   2    0    1    0    3  
   1    0    0    3    2  
   0    1    2    3    0  
   3    0    2    0    1  
   1    2    0    3    0  
   2    1    3    0    0  
   3    0    0    1    2  
   2    0    1    3    0  
   0    3    2    1    0  
   0    2    1    3    0  
   0    0    2    1    3  
   2    1    3    0    0  
   3    2    1    0    0  
   2    3    0    0    1  
   0    3    0    2    1  
   0    2    3    0    1  
   0    0    1    2    3  
   1    3    0    2    0  
   0    2    0    3    1  
   1    0    2    0    3  
   3    1    0    2    0  
   0    0    1    2    3  
   1    2    0    0    3  
   1    0    0    3    2  
   1    2    0    3    0  
   0    0    2    1    3  
   3    0    1    2    0  
   3    0    0    1    2  
   1    0    2    0    3  
   1    2    0    3    0  
   2    3    0    0    1  
   0    0    1    2    3  
   3    0    0    2    1  
   3    0    0    1    2  
   3    0    0    1    2  
   0    3    0    1    2  
   2    1    0    0    3  
   0    0    3    2    1  
   2    0    3    1    0  
   1    2    3    0    0  
   3    0    2    0    1  
   3    0    2    0    1  
   0    1    2    0    3  
   2    3    1    0    0  
   0    2    1    3    0  
   2    0    0    1    3  
   0    0    2    3    1  
   0    1    2    3    0  
   0    0    2    1    3  
   0    2    3    0    1  
   0    2    3    0    1  
   1    3    2    0    0  
   3    0    2    1    0  
   0    0    1    2    3  
   0    2    0    1    3  ] 
RESERVATION PRICES : [    6    6    6    0    0  
   0   10    9    0   11  
  12    0   10    0   11  
  17    0   14   14    0  
  22   20    0    0   23  
  23    0   21   23    0  
   0   24   28    0   29  
   0   35    0   37   34  
  38    0   31    0   34  
   0    0   41   37   45  
  37   44    0   38    0  
   0   48   46    0   45  
   0    0   47   49   47  
  44   50    0    0   53  
  49   50    0    0   61  
   0   63   66    0   64  
  63    0   66    0   61  
   0   61   74   77    0  
  60    0   77    0   66  
  61    0   73   74    0  
  78    0   77   77    0  
  78    0    0   74   78  
   0    0   94   94   86  
   0   95   84   87    0  
 102   93   95    0    0  
  91    0   82   81    0  
   0  103   96    0   91  
   0  101   90    0   93  
   0   92   87   93    0  
   0  104    0  117  107  
   0   97  112    0  113  
   0  104  126    0  118  
 127    0  124  134    0  
  98  116  114    0    0  
   0  111  128  101    0  
 109  139    0    0  132  
   0    0  110  137  139  
 149    0    0  119  136  
 156  124    0  114    0  
   0    0  134  160  133  
   0  150    0  126  121  
 150  163    0    0  127  
   0  129  147  145    0  
   0  142  168  131    0  
   0  169    0  167  128  
 173    0  127  149    0  
 148    0  130    0  128  
   0  164  146    0  147  
 168  164  179    0    0  
   0  157  144  183    0  
   0  186  158  169    0  
   0  183  165    0  173  
   0  197  157  147    0  
 165  193    0  164    0  
 187    0    0  182  183  
   0  194  149    0  190  
 153    0  191    0  208  
 153  173  205    0    0  
   0    0  177  213  208  
 184  200    0    0  208  
 184    0    0  172  211  
 221  219    0    0  210  
 202    0  213    0  223  
   0  218  201    0  235  
 202  191    0    0  240  
 189  198    0    0  191  
 208  237  206    0    0  
 255    0  248    0  230  
 238    0  255    0  208  
   0  243    0  255  210  
   0  251  264  211    0  
   0  247    0  238  261  
 194  206    0  243    0  
   0  248  233    0  202  
   0  254  224    0  217  
 246    0  207    0  253  
 265    0  287    0  215  
   0    0  270  211  230  
 222    0  265    0  278  
 238    0  246    0  276  
   0    0  283  263  271  
 230    0  253    0  280  
 299    0  255  292    0  
 261  255    0    0  259  
 288  231  247    0    0  
   0    0  303  280  315  
   0  270  233    0  258  
 238  304    0  288    0  
 334    0  305    0  268  
   0  257  325    0  256  
 293    0    0  306  265  
 249    0  273    0  283  
 316    0    0  259  268  
   0  290  302    0  292  
   0  321  257  354    0  
 333    0  343    0  356  
 281    0    0  263  354  
   0  345  273  262    0  
 343    0  277    0  273  
 299  341    0  289    0  
 295  368  279    0    0  
 277    0    0  297  344  
 381    0  365  294    0  
   0  305  309  331    0  
   0  370  347  317    0  
   0    0  389  369  392  
 320  363  379    0    0  
 303  396  334    0    0  
 303  386    0    0  380  
   0  335    0  371  403  
   0  399  298    0  318  
   0    0  309  334  360  
 381  384    0  308    0  
   0  314    0  412  364  
 372    0  316    0  360  
 351  358    0  385    0  
   0    0  391  374  328  
 342  360    0    0  343  
 370    0    0  419  350  
 392  356    0  364    0  
   0    0  328  395  387  
 434    0  398  355    0  
 337    0    0  427  388  
 394    0  368    0  365  
 435  447    0  402    0  
 431  354    0    0  405  
   0    0  443  353  400  
 384    0    0  405  349  
 387    0    0  393  467  
 469    0    0  432  476  
   0  471    0  456  353  
 375  437    0    0  405  
   0    0  401  368  450  
 434    0  386  362    0  
 473  496  417    0    0  
 420    0  493    0  428  
 394    0  459    0  373  
   0  384  421    0  436  
 474  517  434    0    0  
   0  401  431  410    0  
 516    0    0  481  458  
   0    0  451  391  423  
   0  480  388  502    0  
   0    0  389  426  472  
   0  465  409    0  417  
   0  522  506    0  456  
 412  434  519    0    0  
 537    0  521  449    0  
   0    0  517  422  462  
   0  564    0  466  476  ] 
 ] 
