K : 125
I : 10
C : 25
INSTANCE : 2
PREFERENCES : [    3    0    2    0    0    5    1    0    4    0  
   5    2    3    4    0    0    0    1    0    0  
   5    0    3    0    1    0    0    4    0    2  
   2    4    5    0    1    0    0    3    0    0  
   1    5    2    0    0    0    4    0    0    3  
   1    0    0    0    4    3    5    2    0    0  
   2    0    4    0    5    0    1    0    0    3  
   0    4    2    0    0    3    1    0    0    5  
   0    2    0    0    3    1    5    4    0    0  
   5    1    0    3    4    0    0    2    0    0  
   0    1    0    3    5    0    4    0    0    2  
   5    2    0    4    0    0    3    0    0    1  
   0    2    1    3    0    5    0    4    0    0  
   4    2    3    5    0    0    0    1    0    0  
   3    0    4    2    0    5    0    1    0    0  
   0    0    4    2    1    0    0    0    5    3  
   0    1    0    0    3    0    0    4    2    5  
   3    0    0    0    1    4    2    5    0    0  
   5    3    0    1    2    0    0    4    0    0  
   0    5    0    0    4    0    3    0    2    1  
   0    0    0    5    0    2    4    0    3    1  
   0    3    0    5    1    2    0    0    4    0  
   0    0    1    4    5    0    0    3    0    2  
   5    1    2    0    0    3    4    0    0    0  
   0    5    0    0    2    3    1    0    4    0  
   3    5    1    0    2    0    0    4    0    0  
   4    0    1    0    3    0    0    5    2    0  
   0    4    0    0    0    0    1    2    5    3  
   0    5    2    4    0    0    0    1    3    0  
   0    0    0    1    4    2    5    3    0    0  
   0    0    2    0    5    0    1    4    0    3  
   4    0    0    0    2    5    1    3    0    0  
   5    0    0    0    0    2    1    0    3    4  
   0    1    0    0    5    2    0    0    4    3  
   0    1    0    5    4    0    3    0    2    0  
   4    0    0    2    0    3    1    5    0    0  
   2    0    5    0    3    1    0    0    0    4  
   3    0    0    5    0    1    0    2    4    0  
   0    1    0    0    4    5    2    0    0    3  
   2    1    0    0    5    3    0    4    0    0  
   5    1    0    3    0    0    2    0    4    0  
   0    0    0    2    0    4    5    3    1    0  
   3    0    4    0    0    0    0    5    2    1  
   0    1    5    0    4    3    0    2    0    0  
   0    0    0    3    0    1    5    4    2    0  
   0    2    4    0    3    0    1    0    0    5  
   1    3    0    5    0    0    4    2    0    0  
   0    5    3    0    2    0    0    0    1    4  
   4    0    1    0    0    3    2    0    5    0  
   3    0    1    2    0    0    5    0    0    4  
   0    5    0    0    0    0    3    2    4    1  
   0    1    5    4    3    0    0    0    2    0  
   0    0    4    1    2    0    0    5    0    3  
   0    4    0    0    2    0    5    1    0    3  
   2    4    3    0    1    0    5    0    0    0  
   2    0    0    1    3    0    0    5    4    0  
   3    0    0    4    0    0    1    5    0    2  
   4    5    0    0    0    0    0    2    3    1  
   2    4    1    5    0    0    0    3    0    0  
   0    5    4    3    0    0    1    0    0    2  
   4    0    0    3    0    0    0    1    2    5  
   3    0    0    4    0    0    2    1    5    0  
   1    2    0    5    0    0    0    4    3    0  
   2    0    5    0    4    3    0    1    0    0  
   0    0    0    1    0    4    0    3    2    5  
   5    0    0    4    2    0    1    0    3    0  
   4    0    5    2    1    0    0    0    3    0  
   4    0    2    0    1    0    0    3    5    0  
   1    3    4    2    0    0    0    0    0    5  
   4    1    0    5    3    0    0    0    0    2  
   0    5    3    4    0    0    1    2    0    0  
   1    0    5    0    0    0    4    0    3    2  
   0    0    1    5    4    2    3    0    0    0  
   5    0    0    4    2    1    0    0    3    0  
   4    0    0    0    0    3    2    0    5    1  
   3    5    0    0    0    0    0    4    2    1  
   0    0    5    0    1    4    0    0    2    3  
   0    0    3    0    0    1    2    0    4    5  
   4    0    1    0    3    2    0    0    5    0  
   0    3    0    1    2    0    0    4    5    0  
   0    1    0    0    0    4    0    2    5    3  
   0    3    0    4    0    5    1    0    0    2  
   5    0    2    0    0    1    0    0    3    4  
   0    2    0    5    4    1    0    0    0    3  
   0    3    0    0    0    2    1    0    5    4  
   0    1    3    0    4    2    0    0    0    5  
   0    2    4    3    0    1    5    0    0    0  
   5    2    0    1    3    0    0    4    0    0  
   2    5    0    0    0    0    3    0    4    1  
   0    0    0    1    0    4    0    2    3    5  
   4    2    5    0    0    0    1    0    3    0  
   5    2    0    0    0    1    4    3    0    0  
   0    1    3    4    5    0    0    0    2    0  
   0    3    0    0    0    5    0    2    1    4  
   2    0    0    5    0    0    1    3    4    0  
   0    0    3    4    1    0    0    0    2    5  
   2    0    4    3    0    0    1    0    0    5  
   0    1    2    0    5    4    3    0    0    0  
   4    1    5    0    0    0    3    0    2    0  
   2    1    0    4    0    5    0    0    0    3  
   1    0    0    4    0    0    5    2    0    3  
   0    1    5    2    0    4    0    3    0    0  
   0    2    0    0    0    0    4    3    1    5  
   2    5    0    0    1    0    3    4    0    0  
   4    2    3    1    0    0    5    0    0    0  
   0    0    3    4    2    5    0    0    1    0  
   0    0    0    3    1    0    4    0    5    2  
   0    0    0    0    5    1    0    3    4    2  
   0    0    1    0    0    4    0    3    5    2  
   0    0    0    0    0    2    3    5    4    1  
   0    0    0    0    5    3    1    2    0    4  
   0    0    3    1    0    5    0    0    2    4  
   1    0    4    5    0    0    0    3    0    2  
   1    4    0    0    0    3    5    2    0    0  
   0    0    3    2    0    0    0    5    1    4  
   3    4    0    0    1    5    0    0    0    2  
   0    3    0    0    2    4    5    0    0    1  
   2    3    0    4    5    0    1    0    0    0  
   2    0    3    4    5    0    0    1    0    0  
   1    0    3    5    4    0    0    0    2    0  
   0    0    3    0    1    0    4    0    2    5  
   0    0    3    0    2    4    1    5    0    0  
   0    0    2    4    0    1    0    0    5    3  
   1    2    4    0    0    0    5    0    3    0  
   1    0    0    0    4    0    2    5    0    3  ] 
RESERVATION PRICES : [    6    0    7    0    0    7    6    0    7    0  
   6    7    7    6    0    0    0    7    0    0  
  13    0   10    0   11    0    0   13    0   13  
  15   16   16    0   15    0    0   18    0    0  
  20   24   21    0    0    0   19    0    0   21  
  24    0    0    0   19   23   20   19    0    0  
  28    0   31    0   24    0   25    0    0   26  
   0   29   32    0    0   27   36    0    0   37  
   0   34    0    0   37   32   35   36    0    0  
  47   47    0   35   35    0    0   44    0    0  
   0   37    0   47   42    0   35    0    0   47  
  38   42    0   40    0    0   35    0    0   40  
   0   52   55   48    0   41    0   46    0    0  
  53   55   45   58    0    0    0   44    0    0  
  53    0   48   60    0   60    0   57    0    0  
   0    0   59   52   52    0    0    0   57   59  
   0   51    0    0   63    0    0   64   57   47  
  50    0    0    0   56   53   53   54    0    0  
  52   59    0   67   65    0    0   64    0    0  
   0   56    0    0   73    0   60    0   73   65  
   0    0    0   76    0   74   75    0   57   79  
   0   72    0   57   57   72    0    0   60    0  
   0    0   82   63   74    0    0   66    0   82  
  75   81   66    0    0   68   88    0    0    0  
   0   71    0    0   77   68   79    0   87    0  
  83   90   87    0   78    0    0   84    0    0  
  91    0   78    0   89    0    0   75   86    0  
   0   83    0    0    0    0   75   85   75   96  
   0   85   83   92    0    0    0   88   81    0  
   0    0    0   92   94  108   82   90    0    0  
   0    0   87    0  101    0   93   94    0  111  
 107    0    0    0  117  117  107   87    0    0  
 122    0    0    0    0  111   95    0  126  111  
   0  120    0    0  129  108    0    0  101  120  
   0  113    0  124  105    0  113    0  102    0  
 111    0    0  127    0  102  117  113    0    0  
 135    0  134    0  118  111    0    0    0  100  
 111    0    0  130    0  110    0  119  113    0  
   0  141    0    0  136  125  144    0    0  143  
 151  121    0    0  127  118    0  128    0    0  
 113  130    0  133    0    0  123    0  143    0  
   0    0    0  123    0  126  149  157  121    0  
 119    0  125    0    0    0    0  149  146  151  
   0  158  136    0  147  165    0  132    0    0  
   0    0    0  127    0  140  165  124  141    0  
   0  126  133    0  133    0  158    0    0  173  
 139  159    0  139    0    0  145  149    0    0  
   0  133  137    0  168    0    0    0  176  149  
 163    0  161    0    0  156  163    0  160    0  
 173    0  155  146    0    0  145    0    0  167  
   0  176    0    0    0    0  191  199  187  194  
   0  153  175  180  164    0    0    0  199    0  
   0    0  171  188  181    0    0  196    0  169  
   0  189    0    0  149    0  167  170    0  194  
 204  164  202    0  196    0  191    0    0    0  
 169    0    0  155  152    0    0  206  181    0  
 214    0    0  207    0    0  202  182    0  181  
 181  212    0    0    0    0    0  161  168  214  
 216  199  177  227    0    0    0  193    0    0  
   0  192  208  171    0    0  220    0    0  197  
 215    0    0  220    0    0    0  224  188  172  
 219    0    0  239    0    0  215  227  175    0  
 236  196    0  215    0    0    0  227  192    0  
 251    0  231    0  221  249    0  202    0    0  
   0    0    0  204    0  188    0  223  240  208  
 214    0    0  256  226    0  245    0  245    0  
 199    0  228  202  246    0    0    0  256    0  
 248    0  219    0  220    0    0  203  235    0  
 235  207  210  224    0    0    0    0    0  231  
 202  236    0  244  242    0    0    0    0  221  
   0  234  260  256    0    0  193  228    0    0  
 197    0  265    0    0    0  268    0  245  256  
   0    0  198  198  254  228  263    0    0    0  
 235    0    0  247  261  206    0    0  198    0  
 274    0    0    0    0  256  240    0  232  205  
 250  235    0    0    0    0    0  209  253  226  
   0    0  209    0  222  283    0    0  241  245  
   0    0  222    0    0  229  213    0  242  274  
 287    0  239    0  225  296    0    0  263    0  
   0  247    0  290  219    0    0  237  216    0  
   0  250    0    0    0  273    0  248  249  221  
   0  242    0  268    0  277  255    0    0  278  
 263    0  244    0    0  270    0    0  256  258  
   0  270    0  246  240  248    0    0    0  274  
   0  229    0    0    0  263  262    0  238  251  
   0  282  315    0  309  308    0    0    0  238  
   0  242  236  322    0  231  270    0    0    0  
 300  256    0  248  288    0    0  274    0    0  
 279  325    0    0    0    0  327    0  319  303  
   0    0    0  317    0  288    0  292  289  256  
 259  309  302    0    0    0  289    0  299    0  
 340  253    0    0    0  303  244  309    0    0  
   0  318  257  326  278    0    0    0  285    0  
   0  291    0    0    0  259    0  341  338  296  
 346    0    0  347    0    0  319  279  347    0  
   0    0  302  324  356    0    0    0  347  344  
 284    0  333  292    0    0  296    0    0  297  
   0  340  346    0  301  312  314    0    0    0  
 298  339  311    0    0    0  324    0  265    0  
 287  368    0  346    0  300    0    0    0  282  
 300    0    0  360    0    0  365  349    0  291  
   0  279  352  351    0  304    0  349    0    0  
   0  303    0    0    0    0  307  321  336  309  
 365  303    0    0  321    0  328  340    0    0  
 385  378  355  356    0    0  353    0    0    0  
   0    0  323  313  343  335    0    0  367    0  
   0    0    0  295  373    0  393    0  365  355  
   0    0    0    0  318  343    0  336  294  389  
   0    0  349    0    0  395    0  403  357  300  
   0    0    0    0    0  369  375  386  358  320  
   0    0    0    0  296  325  381  305    0  310  
   0    0  384  383    0  300    0    0  301  415  
 306    0  414  400    0    0    0  383    0  307  
 416  424    0    0    0  338  341  405    0    0  
   0    0  403  387    0    0    0  395  365  383  
 423  347    0    0  409  425    0    0    0  430  
   0  341    0    0  386  325  317    0    0  369  
 323  342    0  316  381    0  400    0    0    0  
 348    0  444  420  400    0    0  400    0    0  
 361    0  388  329  343    0    0    0  386    0  
   0    0  379    0  429    0  343    0  406  408  
   0    0  380    0  397  346  332  431    0    0  
   0    0  446  450    0  367    0    0  342  460  
 379  425  466    0    0    0  334    0  359    0  
 428    0    0    0  386    0  345  383    0  435  ] 
 ] 
