K : 150
I : 10
C : 15
INSTANCE : 3
PREFERENCES : [    2    1    5    3    4    0    0    0    0    0  
   3    5    0    4    0    0    0    0    2    1  
   1    3    0    0    4    5    0    2    0    0  
   0    0    2    4    0    1    0    0    3    5  
   0    0    3    4    0    2    0    1    0    5  
   3    5    0    0    4    0    0    0    1    2  
   4    0    1    3    2    0    5    0    0    0  
   0    0    4    0    3    0    0    2    5    1  
   0    0    5    0    0    0    3    2    4    1  
   0    2    4    1    0    3    0    0    5    0  
   0    1    0    0    0    0    4    5    2    3  
   3    0    1    5    4    0    2    0    0    0  
   0    4    1    0    0    5    0    0    3    2  
   5    0    0    0    3    0    0    2    4    1  
   4    1    0    0    0    2    5    0    0    3  
   4    0    0    5    0    0    1    2    0    3  
   2    3    0    5    0    1    0    0    4    0  
   0    2    5    0    0    1    0    3    4    0  
   0    1    2    5    0    0    4    0    3    0  
   0    0    1    0    3    0    2    5    0    4  
   0    0    0    4    2    0    5    0    1    3  
   0    0    4    0    1    3    0    5    0    2  
   0    0    0    0    0    3    4    1    2    5  
   0    1    4    0    0    2    0    5    0    3  
   0    0    5    0    2    0    1    4    3    0  
   0    0    5    0    4    2    1    0    3    0  
   2    0    0    3    4    0    5    1    0    0  
   0    0    1    4    3    5    0    0    0    2  
   0    2    0    0    3    5    0    4    1    0  
   1    3    0    4    0    5    0    2    0    0  
   0    0    0    0    3    0    2    5    4    1  
   4    3    0    2    1    0    0    5    0    0  
   0    2    0    3    4    5    0    0    0    1  
   3    0    1    0    2    0    4    0    5    0  
   1    0    3    2    4    0    5    0    0    0  
   0    5    2    4    1    0    0    3    0    0  
   3    0    0    4    0    1    5    0    0    2  
   0    3    5    0    0    2    1    0    4    0  
   0    0    5    4    0    0    3    1    2    0  
   2    0    4    1    0    5    0    3    0    0  
   0    1    5    3    2    0    0    4    0    0  
   3    0    4    0    0    2    1    5    0    0  
   0    0    5    0    3    1    0    2    4    0  
   0    5    0    4    1    2    0    0    3    0  
   0    0    0    1    4    0    0    2    3    5  
   0    3    1    0    0    0    4    0    5    2  
   5    0    0    0    4    2    1    3    0    0  
   0    0    1    4    0    2    0    0    3    5  
   2    0    0    3    4    0    1    0    5    0  
   2    1    0    0    0    0    5    3    0    4  
   4    3    5    2    0    0    0    0    0    1  
   5    0    0    0    0    2    0    4    1    3  
   2    0    0    1    3    0    0    4    5    0  
   5    0    2    0    3    1    0    0    0    4  
   3    5    0    1    0    2    4    0    0    0  
   0    4    3    0    0    5    1    0    2    0  
   2    0    1    0    0    0    0    3    4    5  
   0    1    5    3    4    0    2    0    0    0  
   3    1    0    0    0    2    5    4    0    0  
   5    0    0    3    4    0    2    0    0    1  
   4    3    0    5    2    0    0    0    1    0  
   0    5    0    0    0    2    3    4    1    0  
   2    0    0    0    0    0    4    3    5    1  
   0    0    3    2    0    4    5    0    1    0  
   2    5    4    0    3    0    0    0    0    1  
   5    0    0    2    3    1    4    0    0    0  
   0    2    4    0    1    0    0    3    0    5  
   2    0    5    0    0    3    4    0    0    1  
   4    0    5    2    1    0    3    0    0    0  
   0    2    0    3    0    0    5    4    1    0  
   0    5    2    3    0    0    0    0    4    1  
   0    4    0    0    3    0    0    5    1    2  
   0    3    1    0    0    0    0    4    2    5  
   3    0    0    5    4    0    1    2    0    0  
   4    1    3    5    0    0    0    0    2    0  
   5    0    0    1    2    3    0    4    0    0  
   4    0    1    2    0    0    0    5    0    3  
   3    4    0    0    2    0    0    0    5    1  
   0    4    5    3    0    0    0    0    2    1  
   5    0    0    0    2    4    0    0    1    3  
   0    1    0    0    5    4    2    0    3    0  
   3    0    0    1    0    0    0    2    5    4  
   1    4    0    0    3    0    0    2    0    5  
   3    0    1    0    5    0    2    4    0    0  
   0    0    2    0    5    0    1    4    3    0  
   4    0    0    3    0    2    0    5    1    0  
   0    0    4    0    1    5    0    3    0    2  
   0    4    0    3    0    1    2    0    0    5  
   0    5    4    0    0    3    0    0    1    2  
   0    0    5    3    0    2    0    0    4    1  
   0    2    4    0    1    0    5    0    3    0  
   5    0    4    0    1    0    0    3    0    2  
   2    5    4    0    0    1    3    0    0    0  
   0    4    0    0    1    5    3    2    0    0  
   0    0    0    0    2    4    1    5    3    0  
   0    1    4    2    0    0    3    0    0    5  
   3    0    4    0    5    0    1    0    2    0  
   4    0    0    0    5    2    1    0    0    3  
   2    5    0    1    4    0    0    3    0    0  
   2    3    0    1    0    0    0    4    5    0  
   3    4    0    2    1    5    0    0    0    0  
   4    0    0    2    1    5    0    0    3    0  
   1    0    2    3    0    0    5    0    4    0  
   0    0    1    0    3    0    2    4    5    0  
   1    5    0    0    4    0    3    0    0    2  
   3    2    1    0    0    5    0    4    0    0  
   0    0    0    3    0    4    5    2    0    1  
   0    0    0    1    0    3    2    0    5    4  
   0    0    3    1    5    0    0    2    4    0  
   3    1    2    0    0    0    0    5    0    4  
   2    0    0    4    3    0    0    5    1    0  
   0    2    0    1    5    0    3    0    4    0  
   1    5    0    0    2    0    4    0    3    0  
   5    0    3    0    0    1    0    2    4    0  
   0    5    0    3    4    0    1    0    2    0  
   0    0    0    2    5    1    0    3    0    4  
   5    0    3    4    2    0    0    0    1    0  
   0    2    5    3    0    0    0    0    1    4  
   4    5    0    0    2    0    0    0    3    1  
   1    4    0    3    0    2    0    0    0    5  
   0    1    0    0    5    3    0    2    0    4  
   3    0    0    0    2    4    5    1    0    0  
   5    2    0    0    0    3    4    1    0    0  
   2    0    3    0    5    1    0    0    0    4  
   5    1    2    3    0    0    4    0    0    0  
   3    0    0    0    5    0    4    0    2    1  
   2    0    0    0    3    1    4    0    0    5  
   0    0    0    0    1    3    5    4    0    2  
   2    1    4    3    0    0    0    0    5    0  
   3    1    0    0    0    2    4    0    5    0  
   0    3    5    0    2    0    1    0    4    0  
   0    0    3    1    0    0    5    0    2    4  
   0    2    0    4    5    0    0    3    1    0  
   4    0    0    3    0    1    0    5    0    2  
   3    2    0    0    5    0    0    0    1    4  
   4    0    0    0    3    2    0    5    1    0  
   5    0    3    2    1    0    0    4    0    0  
   0    0    3    1    0    0    4    0    5    2  
   0    4    5    1    3    0    2    0    0    0  
   0    3    0    0    2    0    0    1    5    4  
   5    0    0    0    3    0    4    0    1    2  
   4    0    0    1    0    2    0    5    0    3  
   0    5    0    0    1    2    3    4    0    0  
   0    3    0    5    1    0    2    0    4    0  
   5    1    2    0    0    0    0    0    4    3  
   0    0    0    3    4    0    1    0    2    5  
   5    3    0    0    1    2    4    0    0    0  
   3    0    0    5    0    0    1    4    0    2  
   0    0    0    0    3    1    4    5    2    0  
   2    0    1    0    5    0    0    3    0    4  ] 
RESERVATION PRICES : [    5    5    6    6    6    0    0    0    0    0  
  13   11    0   14    0    0    0    0   13   14  
  15   16    0    0   13   17    0   17    0    0  
   0    0   22   21    0   20    0    0   21   18  
   0    0   21   21    0   23    0   24    0   23  
  21   26    0    0   27    0    0    0   23   27  
  27    0   20   23   21    0   22    0    0    0  
   0    0   30    0   27    0    0   28   24   28  
   0    0   32    0    0    0   29   29   34   28  
   0   28   34   27    0   25    0    0   32    0  
   0   37    0    0    0    0   37   30   32   36  
  33    0   40   36   43    0   37    0    0    0  
   0   52   42    0    0   50    0    0   50   41  
  38    0    0    0   45    0    0   42   43   46  
  40   46    0    0    0   48   41    0    0   49  
  52    0    0   59    0    0   48   51    0   52  
  63   62    0   55    0   59    0    0   63    0  
   0   57   52    0    0   59    0   52   59    0  
   0   67   57   50    0    0   59    0   52    0  
   0    0   61    0   60    0   57   65    0   59  
   0    0    0   56   68    0   71    0   61   62  
   0    0   62    0   73   59    0   66    0   73  
   0    0    0    0    0   83   76   81   63   83  
   0   69   72    0    0   86    0   68    0   79  
   0    0   91    0   71    0   68   73   69    0  
   0    0   92    0   80   67   88    0   71    0  
  82    0    0   95   83    0   85   89    0    0  
   0    0   77   95   90  101    0    0    0   80  
   0  107    0    0   83   97    0  106  107    0  
  91   98    0   92    0   92    0   95    0    0  
   0    0    0    0  116    0  107  102   90   86  
  93  103    0   96   92    0    0   87    0    0  
   0   95    0   93  119  108    0    0    0  118  
 115    0  117    0   92    0  126    0   94    0  
  97    0  103  124  106    0  123    0    0    0  
   0  120  103  126  108    0    0  101    0    0  
 119    0    0  130    0  101  131    0    0  126  
   0  127  112    0    0  133  109    0  105    0  
   0    0  132  118    0    0  138  120  108    0  
 106    0  112  122    0  106    0  115    0    0  
   0  146  124  141  119    0    0  110    0    0  
 145    0  112    0    0  115  140  140    0    0  
   0    0  127    0  126  155    0  114  147    0  
   0  154    0  133  144  156    0    0  159    0  
   0    0    0  157  160    0    0  164  152  138  
   0  126  163    0    0    0  151    0  148  123  
 146    0    0    0  140  123  168  152    0    0  
   0    0  165  141    0  126    0    0  166  159  
 134    0    0  146  167    0  139    0  179    0  
 157  134    0    0    0    0  138  164    0  165  
 152  155  167  137    0    0    0    0    0  150  
 179    0    0    0    0  139    0  168  155  167  
 139    0    0  169  162    0    0  193  164    0  
 161    0  153    0  179  165    0    0    0  179  
 170  173    0  184    0  157  183    0    0    0  
   0  177  190    0    0  181  198    0  190    0  
 207    0  182    0    0    0    0  184  195  150  
   0  181  171  157  192    0  184    0    0    0  
 160  216    0    0    0  161  162  204    0    0  
 214    0    0  161  212    0  220    0    0  218  
 171  197    0  209  204    0    0    0  188    0  
   0  215    0    0    0  171  171  182  226    0  
 188    0    0    0    0    0  172  169  203  215  
   0    0  222  187    0  204  188    0  179    0  
 225  206  222    0  221    0    0    0    0  195  
 218    0    0  241  229  198  237    0    0    0  
   0  211  220    0  179    0    0  245    0  242  
 196    0  223    0    0  184  194    0    0  189  
 206    0  197  254  247    0  202    0    0    0  
   0  258    0  223    0    0  229  201  238    0  
   0  264  233  204    0    0    0    0  213  242  
   0  216    0    0  198    0    0  254  265  200  
   0  272  235    0    0    0    0  273  241  267  
 274    0    0  247  254    0  240  262    0    0  
 246  232  211  235    0    0    0    0  233    0  
 272    0    0  212  223  224    0  267    0    0  
 233    0  287  252    0    0    0  237    0  224  
 247  254    0    0  263    0    0    0  284  278  
   0  275  232  271    0    0    0    0  301  268  
 262    0    0    0  287  276    0    0  228  242  
   0  243    0    0  279  291  279    0  238    0  
 229    0    0  232    0    0    0  241  304  290  
 270  287    0    0  244    0    0  264    0  259  
 256    0  313    0  229    0  317  278    0    0  
   0    0  319    0  317    0  248  259  252    0  
 309    0    0  246    0  305    0  315  295    0  
   0    0  274    0  274  247    0  259    0  308  
   0  255    0  287    0  282  278    0    0  300  
   0  276  333    0    0  307    0    0  299  270  
   0    0  292  252    0  251    0    0  336  262  
   0  293  280    0  313    0  346    0  305    0  
 261    0  326    0  301    0    0  335    0  317  
 285  293  324    0    0  312  350    0    0    0  
   0  274    0    0  292  341  295  324    0    0  
   0    0    0    0  273  334  321  337  296    0  
   0  327  287  356    0    0  314    0    0  334  
 312    0  318    0  266    0  369    0  368    0  
 357    0    0    0  268  298  358    0    0  371  
 303  361    0  341  305    0    0  299    0    0  
 354  280    0  378    0    0    0  380  321    0  
 327  277    0  312  292  290    0    0    0    0  
 355    0    0  328  336  327    0    0  297    0  
 299    0  286  378    0    0  346    0  294    0  
   0    0  293    0  321    0  363  323  394    0  
 379  398    0    0  308    0  380    0    0  376  
 374  295  394    0    0  327    0  403    0    0  
   0    0    0  307    0  393  300  347    0  348  
   0    0    0  349    0  343  370    0  314  327  
   0    0  334  325  405    0    0  397  382    0  
 311  314  318    0    0    0    0  356    0  373  
 369    0    0  363  332    0    0  340  340    0  
   0  381    0  384  358    0  352    0  355    0  
 329  404    0    0  335    0  385    0  315    0  
 392    0  351    0    0  376    0  390  344    0  
   0  426    0  339  424    0  425    0  413    0  
   0    0    0  344  338  384    0  427    0  352  
 416    0  406  317  410    0    0    0  371    0  
   0  434  331  323    0    0    0    0  334  336  
 417  324    0    0  414    0    0    0  363  357  
 383  417    0  324    0  429    0    0    0  392  
   0  367    0    0  340  354    0  392    0  388  
 421    0    0    0  380  345  357  392    0    0  
 383  403    0    0    0  407  408  380    0    0  
 340    0  350    0  332  370    0    0    0  362  
 332  406  373  331    0    0  446    0    0    0  
 422    0    0    0  329    0  397    0  380  331  
 449    0    0    0  396  389  411    0    0  412  
   0    0    0    0  458  459  345  367    0  344  
 435  455  437  459    0    0    0    0  385    0  
 385  378    0    0    0  364  361    0  459    0  
   0  439  348    0  439    0  381    0  405    0  
   0    0  354  456    0    0  352    0  384  483  
   0  446    0  440  458    0    0  482  465    0  
 386    0    0  475    0  481    0  362    0  354  
 421  377    0    0  382    0    0    0  470  429  
 473    0    0    0  436  387    0  467  423    0  
 450    0  494  472  364    0    0  449    0    0  
   0    0  442  505    0    0  374    0  380  509  
   0  420  404  431  412    0  494    0    0    0  
   0  404    0    0  421    0    0  462  389  494  
 471    0    0    0  405    0  385    0  421  433  
 530    0    0  436    0  472    0  482    0  488  
   0  492    0    0  458  404  405  458    0    0  
   0  429    0  429  475    0  540    0  443    0  
 504  528  434    0    0    0    0    0  536  458  
   0    0    0  530  486    0  473    0  482  495  
 438  439    0    0  480  471  490    0    0    0  
 460    0    0  401    0    0  546  554    0  466  
   0    0    0    0  465  524  435  526  553    0  
 527    0  495    0  413    0    0  455    0  442  ] 
 ] 
