K : 150
I : 10
C : 6
INSTANCE : 5
PREFERENCES : [    0    0    4    2    0    1    3    5    0    0  
   0    0    2    0    3    5    0    4    0    1  
   0    0    1    0    2    3    4    5    0    0  
   0    0    2    0    3    4    5    1    0    0  
   3    2    0    0    1    5    4    0    0    0  
   0    0    2    0    5    0    3    4    0    1  
   0    2    4    0    0    3    5    0    1    0  
   0    0    0    1    0    2    4    3    5    0  
   4    2    0    1    3    0    0    5    0    0  
   0    0    0    2    0    5    3    0    4    1  
   0    4    0    2    3    0    0    1    5    0  
   0    0    0    4    0    1    3    5    0    2  
   0    3    0    4    0    0    2    5    1    0  
   1    0    5    0    3    2    0    4    0    0  
   5    0    4    2    3    0    0    0    1    0  
   0    0    3    0    5    4    0    2    1    0  
   2    0    0    0    0    1    5    3    4    0  
   3    0    2    0    0    1    0    5    4    0  
   5    4    0    3    0    0    2    1    0    0  
   0    0    5    1    3    0    0    2    4    0  
   0    0    4    3    2    0    5    0    0    1  
   0    1    2    4    0    5    0    0    0    3  
   0    3    4    0    2    0    5    1    0    0  
   3    5    4    1    0    0    0    0    2    0  
   4    3    1    0    0    5    0    0    0    2  
   4    0    0    0    0    1    2    5    0    3  
   0    5    0    3    0    4    0    1    0    2  
   0    5    0    1    4    3    0    2    0    0  
   2    0    0    0    0    1    0    4    3    5  
   0    3    2    0    1    0    0    4    5    0  
   0    0    4    0    3    0    1    0    2    5  
   0    1    0    0    0    5    4    2    3    0  
   4    5    0    0    1    0    3    0    0    2  
   3    1    0    0    0    0    5    0    2    4  
   0    1    0    3    0    2    0    0    5    4  
   1    0    0    3    0    0    0    4    5    2  
   2    5    4    0    1    0    3    0    0    0  
   1    0    0    5    4    3    0    0    2    0  
   1    2    5    0    0    4    0    3    0    0  
   0    0    2    0    0    4    1    0    5    3  
   5    4    3    0    0    1    0    2    0    0  
   0    4    2    1    0    0    3    0    5    0  
   0    5    0    4    0    2    3    1    0    0  
   2    0    4    1    0    5    0    0    0    3  
   5    0    0    0    1    2    0    4    0    3  
   0    5    2    0    0    0    0    4    3    1  
   0    0    1    0    5    0    2    3    4    0  
   0    1    3    0    0    2    5    0    0    4  
   1    3    0    5    2    0    0    4    0    0  
   3    1    2    0    5    4    0    0    0    0  
   5    4    0    1    0    0    3    0    2    0  
   0    0    2    1    4    0    0    5    0    3  
   5    2    0    0    3    1    0    0    4    0  
   0    0    3    2    5    0    4    0    1    0  
   0    1    0    0    4    5    0    2    0    3  
   3    0    0    1    4    0    0    2    5    0  
   5    0    0    2    0    1    3    0    4    0  
   0    5    4    3    0    2    1    0    0    0  
   0    0    1    5    2    4    0    0    3    0  
   0    1    5    0    4    0    3    0    2    0  
   0    2    0    0    4    0    3    0    5    1  
   4    0    0    0    0    2    3    1    0    5  
   1    5    0    0    4    3    0    0    2    0  
   0    0    0    3    0    5    4    2    1    0  
   0    0    3    1    4    5    0    0    0    2  
   4    0    0    5    2    1    0    0    0    3  
   4    2    0    5    0    0    3    0    0    1  
   0    0    0    3    1    0    0    5    2    4  
   0    3    0    4    1    5    0    0    2    0  
   1    0    0    5    4    3    0    2    0    0  
   2    0    0    4    5    1    0    3    0    0  
   0    0    0    0    4    0    1    5    3    2  
   0    5    1    2    0    0    3    0    4    0  
   0    3    1    4    0    0    0    2    5    0  
   0    1    4    2    0    3    0    0    0    5  
   0    0    0    0    5    2    3    0    1    4  
   0    5    4    0    1    0    0    2    3    0  
   1    3    5    0    0    2    0    0    0    4  
   0    3    0    2    0    5    0    4    1    0  
   4    0    0    0    5    3    1    2    0    0  
   3    0    0    0    1    0    5    4    0    2  
   0    0    1    0    0    0    4    2    5    3  
   2    0    4    0    3    0    0    1    0    5  
   5    0    2    0    0    4    0    3    0    1  
   5    3    0    2    4    0    1    0    0    0  
   4    0    0    1    0    5    2    3    0    0  
   0    0    1    0    3    0    2    4    5    0  
   0    2    1    0    0    0    5    3    4    0  
   0    0    0    5    0    0    1    2    3    4  
   3    0    0    4    1    2    5    0    0    0  
   0    0    0    1    4    5    3    0    2    0  
   0    4    0    0    2    0    1    5    3    0  
   0    0    1    4    0    5    3    2    0    0  
   3    5    1    2    4    0    0    0    0    0  
   0    1    3    0    0    4    0    5    0    2  
   4    0    2    0    0    0    0    3    1    5  
   0    0    3    2    5    0    0    0    4    1  
   4    0    1    2    3    0    0    0    5    0  
   3    4    2    0    5    0    1    0    0    0  
   0    2    1    4    3    0    5    0    0    0  
   0    5    0    0    1    0    2    0    3    4  
   1    0    2    0    0    3    0    4    0    5  
   0    5    3    2    0    0    0    4    0    1  
   3    5    0    0    0    1    2    0    4    0  
   2    0    4    3    0    1    0    0    0    5  
   0    5    2    1    0    3    0    0    0    4  
   0    0    1    0    4    5    0    0    2    3  
   3    1    0    0    0    0    2    4    0    5  
   0    0    4    0    1    2    5    0    3    0  
   5    0    1    4    3    0    0    0    0    2  
   3    2    0    1    5    0    0    0    0    4  
   4    1    0    0    0    5    2    0    0    3  
   3    1    0    0    5    4    0    0    0    2  
   0    3    0    2    0    0    1    4    0    5  
   0    4    0    0    2    1    3    0    5    0  
   0    0    0    4    0    1    3    0    5    2  
   0    3    0    2    0    0    5    4    1    0  
   0    1    3    5    0    0    0    2    4    0  
   0    3    0    0    2    1    0    0    5    4  
   4    0    1    0    0    0    0    5    2    3  
   0    0    5    1    0    0    3    4    0    2  
   0    0    5    4    0    1    0    3    0    2  
   4    2    5    0    0    1    0    3    0    0  
   0    0    3    4    5    0    0    1    0    2  
   0    1    0    5    4    3    0    0    2    0  
   2    3    5    0    0    0    0    0    4    1  
   3    2    5    0    1    0    0    0    0    4  
   4    3    0    5    0    0    1    0    0    2  
   3    1    5    0    0    4    0    0    2    0  
   0    0    4    5    1    3    0    2    0    0  
   0    5    0    2    0    1    0    0    3    4  
   4    1    0    2    0    0    0    3    0    5  
   0    0    4    3    5    0    0    1    2    0  
   0    0    0    1    4    3    5    0    2    0  
   0    3    0    0    2    1    5    0    4    0  
   3    0    0    1    2    0    0    5    4    0  
   5    0    0    1    0    3    0    0    2    4  
   0    0    4    3    0    0    2    5    0    1  
   0    0    5    0    4    0    0    3    2    1  
   0    1    4    0    5    0    2    3    0    0  
   4    5    0    0    3    1    0    0    0    2  
   0    5    0    0    4    1    2    0    0    3  
   0    5    1    0    2    0    0    0    4    3  
   5    0    0    0    3    0    0    1    2    4  
   3    0    0    1    5    0    0    0    4    2  
   0    0    3    0    5    2    0    4    0    1  
   1    0    0    0    5    2    0    0    3    4  
   2    0    1    0    4    0    3    5    0    0  
   2    0    1    0    0    5    3    4    0    0  
   4    2    3    0    0    5    0    0    1    0  ] 
RESERVATION PRICES : [    0    0    7    7    0    6    6    7    0    0  
   0    0   10    0   10   10    0   10    0   10  
   0    0   15    0   13   12   16   12    0    0  
   0    0   19    0   23   20   20   20    0    0  
  23   18    0    0   19   21   23    0    0    0  
   0    0   23    0   24    0   20   21    0   25  
   0   22   19    0    0   25   22    0   19    0  
   0    0    0   22    0   22   26   23   30    0  
  29   32    0   33   31    0    0   27    0    0  
   0    0    0   30    0   31   38    0   34   41  
   0   47    0   44   45    0    0   43   43    0  
   0    0    0   40    0   41   36   41    0   46  
   0   55    0   46    0    0   51   41   53    0  
  51    0   55    0   58   53    0   45    0    0  
  49    0   59   54   56    0    0    0   56    0  
   0    0   50    0   51   60    0   55   48    0  
  46    0    0    0    0   56   59   62   50    0  
  61    0   64    0    0   59    0   52   61    0  
  69   61    0   57    0    0   65   59    0    0  
   0    0   75   74   73    0    0   65   58    0  
   0    0   76   79   81    0   76    0    0   78  
   0   76   76   75    0   82    0    0    0   62  
   0   80   67    0   79    0   74   66    0    0  
  82   64   80   82    0    0    0    0   74    0  
  81   73   82    0    0   76    0    0    0   85  
  84    0    0    0    0   83   69   70    0   94  
   0   91    0  101    0  103    0  103    0   87  
   0   99    0   95   99   85    0   85    0    0  
  93    0    0    0    0  104    0   83   80   97  
   0   87  109    0   94    0    0   84  108    0  
   0    0  110    0  113    0  113    0  101  116  
   0  102    0    0    0   85  114   96   88    0  
 123  109    0    0   99    0  123    0    0   95  
 100  109    0    0    0    0  124    0  128  124  
   0  117    0  132    0  123    0    0  126  121  
 107    0    0  107    0    0    0  133  127  124  
 136  118  135    0  112    0  107    0    0    0  
 108    0    0  129  113  108    0    0  108    0  
 110  122  144    0    0  137    0  108    0    0  
   0    0  127    0    0  142  126    0  130  111  
 151  123  140    0    0  111    0  115    0    0  
   0  144  120  149    0    0  132    0  115    0  
   0  113    0  128    0  123  150  125    0    0  
 143    0  129  145    0  134    0    0    0  158  
 143    0    0    0  140  140    0  124    0  139  
   0  127  123    0    0    0    0  138  166  135  
   0    0  172    0  149    0  151  127  138    0  
   0  155  171    0    0  141  151    0    0  131  
 169  169    0  160  151    0    0  157    0    0  
 183  161  146    0  165  186    0    0    0    0  
 168  143    0  154    0    0  164    0  180    0  
   0    0  140  145  155    0    0  181    0  182  
 200  156    0    0  152  195    0    0  149    0  
   0    0  177  193  159    0  163    0  200    0  
   0  179    0    0  166  168    0  165    0  171  
 159    0    0  210  160    0    0  169  161    0  
 185    0    0  156    0  197  179    0  215    0  
   0  165  165  172    0  212  201    0    0    0  
   0    0  184  221  192  182    0    0  224    0  
   0  193  231    0  233    0  194    0  216    0  
   0  213    0    0  209    0  230    0  195  184  
 198    0    0    0    0  218  171  200    0  181  
 198  211    0    0  211  211    0    0  240    0  
   0    0    0  213    0  179  228  217  231    0  
   0    0  207  210  192  182    0    0    0  238  
 220    0    0  224  203  226    0    0    0  191  
 251  240    0  180    0    0  181    0    0  215  
   0    0    0  249  204    0    0  198  185  253  
   0  204    0  192  204  247    0    0  254    0  
 239    0    0  205  256  194    0  229    0    0  
 204    0    0  209  213  262    0  222    0    0  
   0    0    0    0  204    0  271  237  240  225  
   0  219  237  200    0    0  216    0  210    0  
   0  257  220  259    0    0    0  278  212    0  
   0  241  272  257    0  223    0    0    0  233  
   0    0    0    0  209  245  239    0  250  249  
   0  252  215    0  231    0    0  210  265    0  
 239  210  268    0    0  237    0    0    0  250  
   0  277    0  236    0  273    0  271  295    0  
 267    0    0    0  267  244  279  291    0    0  
 275    0    0    0  265    0  299  277    0  267  
   0    0  242    0    0    0  253  239  250  224  
 260    0  255    0  276    0    0  227    0  292  
 236    0  257    0    0  272    0  260    0  241  
 283  238    0  278  264    0  229    0    0    0  
 241    0    0  270    0  255  237  317    0    0  
   0    0  296    0  326    0  302  256  278    0  
   0  252  299    0    0    0  313  319  274    0  
   0    0    0  315    0    0  319  313  300  297  
 273    0    0  266  248  307  284    0    0    0  
   0    0    0  268  314  247  314    0  287    0  
   0  330    0    0  266    0  297  250  249    0  
   0    0  249  320    0  319  262  336    0    0  
 318  336  311  327  293    0    0    0    0    0  
   0  287  352    0    0  289    0  291    0  301  
 275    0  300    0    0    0    0  259  355  302  
   0    0  343  336  295    0    0    0  294  272  
 344    0  317  301  302    0    0    0  310    0  
 329  354  278    0  332    0  330    0    0    0  
   0  317  291  324  283    0  361    0    0    0  
   0  365    0    0  267    0  322    0  286  274  
 305    0  373    0    0  280    0  278    0  314  
   0  279  340  366    0    0    0  343    0  325  
 305  295    0    0    0  311  370    0  356    0  
 321    0  352  281    0  284    0    0    0  353  
   0  328  295  354    0  365    0    0    0  359  
   0    0  377    0  298  328    0    0  368  300  
 300  392    0    0    0    0  342  328    0  386  
   0    0  403    0  396  348  317    0  406    0  
 385    0  298  404  400    0    0    0    0  396  
 317  300    0  326  380    0    0    0    0  347  
 380  396    0    0    0  335  360    0    0  313  
 386  340    0    0  322  313    0    0    0  332  
   0  350    0  335    0    0  418  338    0  388  
   0  340    0    0  367  421  374    0  408    0  
   0    0    0  436    0  340  365    0  404  400  
   0  399    0  355    0    0  423  395  407    0  
   0  440  421  377    0    0    0  396  330    0  
   0  393    0    0  324  437    0    0  437  401  
 351    0  379    0    0    0    0  377  361  438  
   0    0  433  433    0    0  355  343    0  395  
   0    0  394  373    0  439    0  406    0  347  
 400  337  345    0    0  340    0  419    0    0  
   0    0  435  353  410    0    0  469    0  352  
   0  404    0  391  472  389    0    0  389    0  
 408  394  438    0    0    0    0    0  428  344  
 400  375  391    0  356    0    0    0    0  354  
 408  460    0  382    0    0  478    0    0  446  
 451  390  411    0    0  365    0    0  480    0  
   0    0  391  412  458  402    0  409    0    0  
   0  390    0  408    0  485    0    0  492  469  
 490  392    0  445    0    0    0  485    0  388  
   0    0  411  363  374    0    0  380  369    0  
   0    0    0  365  499  425  409    0  455    0  
   0  403    0    0  464  388  388    0  373    0  
 368    0    0  426  464    0    0  406  469    0  
 506    0    0  475    0  374    0    0  405  415  
   0    0  474  490    0    0  492  381    0  459  
   0    0  519    0  481    0    0  473  429  493  
   0  397  510    0  400    0  451  406    0    0  
 423  379    0    0  380  431    0    0    0  421  
   0  439    0    0  397  511  456    0    0  463  
   0  423  531    0  505    0    0    0  402  449  
 502    0    0    0  505    0    0  510  418  386  
 477    0    0  405  539    0    0    0  538  399  
   0    0  486    0  512  417    0  481    0  509  
 402    0    0    0  520  550    0    0  430  519  
 424    0  493    0  507    0  537  442    0    0  
 554    0  459    0    0  540  518  516    0    0  
 503  469  495    0    0  475    0    0  468    0  ] 
 ] 
