K : 50
I : 10
C : 10
INSTANCE : 1
PREFERENCES : [    1    0    0    3    0    0    5    0    2    4  
   0    2    0    3    0    0    0    4    5    1  
   5    1    0    0    4    0    0    2    3    0  
   5    0    0    0    0    0    3    1    4    2  
   2    0    0    4    0    3    1    5    0    0  
   0    0    0    3    2    0    4    1    0    5  
   3    5    0    0    0    0    0    2    4    1  
   2    3    0    0    4    0    1    5    0    0  
   5    1    0    0    2    0    0    0    3    4  
   1    2    5    0    0    0    3    0    4    0  
   4    0    3    0    2    0    5    1    0    0  
   5    0    0    0    0    4    0    3    2    1  
   0    0    0    3    0    1    2    4    5    0  
   0    4    0    0    0    3    5    1    0    2  
   0    0    1    5    3    0    2    0    0    4  
   3    0    0    5    0    0    4    1    0    2  
   2    0    0    3    1    5    0    0    0    4  
   0    0    3    2    5    0    1    4    0    0  
   5    0    0    2    3    4    0    1    0    0  
   0    2    0    0    1    0    4    0    5    3  
   0    3    0    4    0    5    1    0    0    2  
   1    0    5    0    0    2    4    0    0    3  
   0    3    1    0    2    0    5    4    0    0  
   0    4    0    1    0    0    3    0    5    2  
   5    0    0    2    0    0    0    3    1    4  
   0    5    0    0    0    4    2    0    1    3  
   0    0    0    0    1    5    2    3    0    4  
   2    0    0    4    0    1    5    0    3    0  
   5    2    1    0    0    3    0    0    4    0  
   0    5    0    4    2    3    0    0    1    0  
   5    0    4    1    2    3    0    0    0    0  
   5    1    0    0    3    0    0    0    4    2  
   0    2    3    0    0    0    0    4    1    5  
   4    3    0    0    0    5    1    0    0    2  
   3    0    1    4    0    0    0    0    5    2  
   1    0    0    0    2    0    3    5    4    0  
   0    0    2    0    3    0    5    1    0    4  
   3    4    0    0    0    2    5    0    0    1  
   3    4    1    2    0    0    0    0    5    0  
   3    5    0    4    0    2    0    0    1    0  
   5    0    4    0    2    3    0    0    0    1  
   1    0    0    0    5    0    2    4    3    0  
   0    1    0    5    4    0    2    0    3    0  
   0    0    4    0    3    5    0    1    0    2  
   0    5    0    1    0    2    3    0    4    0  
   2    1    0    5    0    0    0    4    3    0  
   0    0    4    1    5    0    0    3    0    2  
   5    0    3    2    4    0    0    0    1    0  
   0    4    1    0    2    5    3    0    0    0  
   4    0    0    3    1    5    0    0    0    2  ] 
RESERVATION PRICES : [    9    0    0    7    0    0    7    0    8    9  
   0   10    0   11    0    0    0   10   10   11  
  17   14    0    0   17    0    0   15   16    0  
  20    0    0    0    0    0   20   21   20   16  
  18    0    0   20    0   16   17   19    0    0  
   0    0    0   19   22    0   23   21    0   23  
  28   30    0    0    0    0    0   24   29   32  
  32   28    0    0   30    0   31   29    0    0  
  41   39    0    0   35    0    0    0   38   31  
  42   37   33    0    0    0   42    0   35    0  
  36    0   39    0   33    0   42   41    0    0  
  35    0    0    0    0   40    0   34   39   34  
   0    0    0   43    0   38   47   47   44    0  
   0   40    0    0    0   50   43   52    0   45  
   0    0   54   46   49    0   55    0    0   53  
  60    0    0   65    0    0   65   64    0   62  
  59    0    0   57   48   51    0    0    0   50  
   0    0   57   67   56    0   52   61    0    0  
  55    0    0   58   56   66    0   63    0    0  
   0   72    0    0   65    0   67    0   67   71  
   0   68    0   63    0   67   67    0    0   55  
  56    0   59    0    0   68   60    0    0   56  
   0   59   66    0   68    0   77   79    0    0  
   0   87    0   88    0    0   73    0   89   72  
  82    0    0   75    0    0    0   89   80   67  
   0   86    0    0    0   96   92    0   75   85  
   0    0    0    0   90   90   88   73    0   89  
  93    0    0   89    0  104   84    0   90    0  
  97  103  109    0    0   96    0    0   83    0  
   0   79    0  106   81  107    0    0   86    0  
  93    0  100  106  108  102    0    0    0    0  
 112  115    0    0  116    0    0    0   94  112  
   0  105  120    0    0    0    0  124   98  112  
  97  122    0    0    0   93  105    0    0  124  
 108    0   99  114    0    0    0    0  123   97  
 126    0    0    0  138    0  107  132  107    0  
   0    0  132    0  144    0  140  135    0  143  
 124  120    0    0    0  127  136    0    0  120  
 122  147  127  118    0    0    0    0  115    0  
 148  124    0  115    0  131    0    0  138    0  
 134    0  155    0  115  122    0    0    0  112  
 129    0    0    0  156    0  138  121  158    0  
   0  123    0  149  138    0  135    0  134    0  
   0    0  127    0  121  137    0  159    0  139  
   0  169    0  128    0  151  126    0  169    0  
 126  160    0  174    0    0    0  135  144    0  
   0    0  168  135  142    0    0  150    0  131  
 169    0  154  159  135    0    0    0  138    0  
   0  141  179    0  142  175  155    0    0    0  
 148    0    0  162  181  145    0    0    0  174  ] 
 ] 
