K : 75
I : 5
C : 12
INSTANCE : 3
PREFERENCES : [    2    0    1    3    0  
   1    3    0    0    2  
   1    0    0    2    3  
   0    1    2    0    3  
   3    2    0    0    1  
   3    1    2    0    0  
   3    2    0    1    0  
   0    2    1    0    3  
   1    2    0    3    0  
   0    2    3    0    1  
   2    3    1    0    0  
   3    1    2    0    0  
   2    3    0    1    0  
   0    1    0    3    2  
   2    1    3    0    0  
   0    1    0    2    3  
   3    2    0    0    1  
   2    0    0    3    1  
   3    2    0    0    1  
   0    1    2    0    3  
   3    1    2    0    0  
   2    0    3    1    0  
   2    1    0    0    3  
   0    0    3    1    2  
   0    2    0    3    1  
   0    3    1    0    2  
   0    0    3    2    1  
   1    2    0    3    0  
   0    0    3    1    2  
   2    3    1    0    0  
   2    1    0    3    0  
   2    0    3    1    0  
   2    0    3    1    0  
   3    1    0    0    2  
   0    2    3    1    0  
   2    1    0    0    3  
   2    3    0    1    0  
   2    0    3    0    1  
   3    2    1    0    0  
   2    3    0    0    1  
   1    0    0    2    3  
   3    0    2    0    1  
   3    1    0    2    0  
   1    3    0    0    2  
   0    3    0    2    1  
   3    2    1    0    0  
   2    0    1    3    0  
   1    0    2    0    3  
   1    3    0    0    2  
   0    3    2    0    1  
   0    2    1    3    0  
   3    0    2    1    0  
   2    1    0    3    0  
   0    1    2    0    3  
   2    3    0    1    0  
   2    0    3    1    0  
   3    1    0    0    2  
   3    0    0    1    2  
   2    0    1    0    3  
   3    1    2    0    0  
   0    3    1    2    0  
   0    0    1    3    2  
   3    0    2    0    1  
   1    0    2    0    3  
   3    2    0    1    0  
   0    1    3    0    2  
   3    1    0    2    0  
   1    0    0    2    3  
   0    0    2    1    3  
   3    2    0    0    1  
   0    0    3    1    2  
   1    0    3    0    2  
   3    0    2    0    1  
   3    0    2    1    0  
   2    1    3    0    0  ] 
RESERVATION PRICES : [   10    0    9   10    0  
  11   14    0    0   11  
  16    0    0   17   17  
   0   24   24    0   20  
  26   27    0    0   24  
  27   33   31    0    0  
  31   29    0   33    0  
   0   34   31    0   34  
  38   44    0   37    0  
   0   35   40    0   37  
  49   39   39    0    0  
  45   48   50    0    0  
  43   38    0   49    0  
   0   47    0   49   50  
  53   49   46    0    0  
   0   61    0   60   63  
  55   61    0    0   55  
  72    0    0   66   66  
  79   72    0    0   67  
   0   74   66    0   80  
  84   75   64    0    0  
  87    0   87   66    0  
  78   90    0    0   93  
   0    0   87   94   86  
   0   92    0   96  102  
   0   91  100    0   77  
   0    0  110  101  112  
  94   86    0   93    0  
   0    0  107  105   85  
 113  111  107    0    0  
 108  104    0   97    0  
 128    0  120  113    0  
 122    0  129  111    0  
 119  111    0    0  136  
   0  134  118  129    0  
 143  147    0    0  111  
 126  110    0  138    0  
 141    0  115    0  139  
 122  153  131    0    0  
 159  136    0    0  142  
 131    0    0  127  125  
 152    0  165    0  151  
 168  154    0  151    0  
 167  167    0    0  135  
   0  138    0  172  152  
 141  186  179    0    0  
 190    0  186  168    0  
 175    0  153    0  155  
 171  205    0    0  205  
   0  160  173    0  165  
   0  203  184  193    0  
 176    0  153  152    0  
 162  166    0  166    0  
   0  192  168    0  195  
 165  201    0  209    0  
 207    0  218  175    0  
 183  200    0    0  161  
 216    0    0  186  186  
 192    0  228    0  176  
 169  185  176    0    0  
   0  168  195  190    0  
   0    0  198  219  196  
 183    0  230    0  239  
 197    0  188    0  212  
 188  234    0  227    0  
   0  195  235    0  196  
 250  212    0  196    0  
 257    0    0  199  241  
   0    0  242  226  200  
 218  230    0    0  258  
   0    0  251  257  259  
 204    0  231    0  216  
 245    0  202    0  261  
 252    0  244  226    0  
 268  279  234    0    0  ] 
 ] 
