K : 125
I : 5
C : 13
INSTANCE : 3
PREFERENCES : [    0    3    2    0    1  
   2    3    0    0    1  
   2    3    1    0    0  
   0    0    1    2    3  
   2    0    3    1    0  
   2    0    3    0    1  
   0    2    3    1    0  
   3    0    1    2    0  
   0    0    1    2    3  
   2    0    0    3    1  
   1    2    3    0    0  
   3    0    0    2    1  
   0    3    1    0    2  
   0    2    1    0    3  
   0    1    3    2    0  
   2    3    0    0    1  
   1    3    0    0    2  
   0    3    2    0    1  
   0    2    1    0    3  
   0    3    1    2    0  
   3    0    2    0    1  
   2    3    0    0    1  
   2    0    0    1    3  
   3    2    1    0    0  
   1    3    2    0    0  
   3    0    0    1    2  
   1    2    0    3    0  
   2    1    3    0    0  
   0    3    2    0    1  
   0    2    1    0    3  
   0    2    3    0    1  
   1    0    2    3    0  
   2    1    0    0    3  
   1    3    0    2    0  
   0    3    2    0    1  
   0    0    2    3    1  
   3    0    0    1    2  
   1    2    0    3    0  
   1    3    0    0    2  
   0    0    1    3    2  
   0    0    1    2    3  
   0    2    3    0    1  
   3    0    0    1    2  
   2    1    3    0    0  
   0    2    1    3    0  
   2    3    0    1    0  
   0    1    0    3    2  
   3    0    1    2    0  
   1    0    3    2    0  
   2    1    3    0    0  
   1    2    3    0    0  
   1    0    0    3    2  
   0    3    1    0    2  
   2    1    3    0    0  
   3    1    0    0    2  
   1    0    2    0    3  
   2    0    3    1    0  
   0    0    1    3    2  
   1    0    0    2    3  
   3    2    1    0    0  
   2    1    3    0    0  
   1    0    2    3    0  
   0    0    3    1    2  
   1    0    2    0    3  
   0    0    3    2    1  
   0    1    0    3    2  
   0    1    2    3    0  
   1    0    2    3    0  
   0    1    0    3    2  
   0    3    0    1    2  
   0    1    3    2    0  
   2    3    1    0    0  
   0    0    1    2    3  
   0    1    2    0    3  
   2    3    1    0    0  
   2    1    0    3    0  
   0    1    3    0    2  
   0    1    0    2    3  
   2    0    3    0    1  
   0    2    0    1    3  
   3    0    0    1    2  
   2    0    1    3    0  
   3    1    0    2    0  
   0    2    1    3    0  
   2    3    0    1    0  
   3    2    0    1    0  
   0    1    3    0    2  
   2    0    0    1    3  
   1    0    3    0    2  
   2    0    1    0    3  
   2    3    1    0    0  
   2    3    0    0    1  
   0    3    1    2    0  
   0    0    3    2    1  
   0    1    0    3    2  
   2    0    3    0    1  
   1    3    2    0    0  
   2    3    1    0    0  
   0    3    1    2    0  
   1    3    0    0    2  
   0    0    3    2    1  
   1    2    3    0    0  
   3    0    2    1    0  
   3    0    0    1    2  
   0    3    0    1    2  
   0    2    1    3    0  
   2    1    0    0    3  
   0    1    0    3    2  
   2    0    1    3    0  
   3    0    1    0    2  
   1    0    0    3    2  
   1    3    0    2    0  
   0    1    2    0    3  
   0    2    0    1    3  
   2    3    0    1    0  
   2    0    0    1    3  
   3    1    0    2    0  
   2    0    1    3    0  
   0    0    1    3    2  
   3    0    1    0    2  
   2    0    1    3    0  
   3    0    0    2    1  
   3    0    1    2    0  
   2    0    3    0    1  
   2    3    0    0    1  ] 
RESERVATION PRICES : [    0    6    6    0    6  
   9    9    0    0   11  
  17   13   17    0    0  
   0    0   15   14   17  
  17    0   21   20    0  
  26    0   24    0   24  
   0   27   21   21    0  
  30    0   28   25    0  
   0    0   37   29   29  
  34    0    0   40   35  
  35   36   34    0    0  
  42    0    0   34   40  
   0   38   39    0   40  
   0   52   44    0   51  
   0   44   44   50    0  
  52   47    0    0   58  
  69   64    0    0   69  
   0   56   65    0   53  
   0   57   75    0   77  
   0   82   63   61    0  
  72    0   75    0   65  
  94   70    0    0   91  
  78    0    0   89   76  
  93   93   71    0    0  
  77   86   77    0    0  
  97    0    0   96   96  
  88   97    0   95    0  
  94  104   81    0    0  
   0  100   84    0  105  
   0  110  121    0   96  
   0   91  103    0   99  
  97    0  113   95    0  
  99  120    0    0  124  
 101  100    0  129    0  
   0  130  132    0  130  
   0    0  119  130  125  
 134    0    0  141  140  
 124  121    0  146    0  
 152  146    0    0  142  
   0    0  152  123  123  
   0    0  114  143  144  
   0  129  139    0  116  
 122    0    0  126  119  
 164  154  134    0    0  
   0  170  131  165    0  
 128  141    0  137    0  
   0  144    0  170  173  
 142    0  131  175    0  
 167    0  179  134    0  
 183  176  143    0    0  
 193  142  162    0    0  
 156    0    0  153  192  
   0  151  166    0  144  
 206  200  195    0    0  
 192  194    0    0  179  
 176    0  202    0  155  
 204    0  190  153    0  
   0    0  209  165  164  
 194    0    0  208  181  
 208  180  188    0    0  
 202  206  167    0    0  
 222    0  231  191    0  
   0    0  228  234  191  
 192    0  240    0  238  
   0    0  245  244  195  
   0  209    0  229  243  
   0  185  224  183    0  
 231    0  231  196    0  
   0  200    0  257  208  
   0  256    0  244  225  
   0  210  244  234    0  
 218  225  223    0    0  
   0    0  208  274  275  
   0  230  230    0  269  
 275  267  214    0    0  
 249  233    0  219    0  
   0  265  290    0  264  
   0  260    0  226  266  
 282    0  252    0  234  
   0  244    0  253  237  
 311    0    0  268  307  
 238    0  249  242    0  
 251  306    0  303    0  
   0  318  247  255    0  
 237  289    0  308    0  
 277  259    0  286    0  
   0  303  316    0  265  
 310    0    0  265  307  
 344    0  273    0  254  
 333    0  249    0  317  
 277  295  306    0    0  
 267  251    0    0  324  
   0  342  349  335    0  
   0    0  325  337  277  
   0  310    0  280  338  
 265    0  319    0  278  
 278  276  333    0    0  
 292  305  300    0    0  
   0  288  333  323    0  
 300  347    0    0  324  
   0    0  289  361  344  
 382  335  372    0    0  
 284    0  314  381    0  
 368    0    0  287  379  
   0  336    0  363  340  
   0  288  328  370    0  
 345  378    0    0  312  
   0  365    0  317  371  
 384    0  363  385    0  
 391    0  364    0  396  
 382    0    0  364  403  
 351  342    0  370    0  
   0  344  337    0  364  
   0  342    0  308  341  
 417  338    0  364    0  
 374    0    0  352  319  
 333  417    0  374    0  
 362    0  400  386    0  
   0    0  328  401  340  
 339    0  451    0  344  
 405    0  453  444    0  
 368    0    0  334  408  
 344    0  418  364    0  
 406    0  366    0  390  
 380  454    0    0  407  ] 
 ] 
