K : 125
I : 10
C : 13
INSTANCE : 2
PREFERENCES : [    2    0    1    5    0    4    0    3    0    0  
   3    1    5    4    2    0    0    0    0    0  
   3    0    1    0    0    5    0    4    0    2  
   4    0    3    5    2    0    1    0    0    0  
   0    5    2    0    0    0    1    3    0    4  
   3    2    0    4    0    0    1    0    0    5  
   0    2    0    1    3    0    0    5    0    4  
   0    2    4    0    5    0    0    1    0    3  
   0    2    5    3    0    0    0    0    1    4  
   0    0    0    2    4    5    1    0    0    3  
   3    1    0    0    0    4    2    5    0    0  
   3    0    2    0    4    5    0    0    0    1  
   3    1    2    0    0    0    0    0    5    4  
   0    5    3    0    4    0    1    0    2    0  
   0    0    1    5    0    4    0    0    2    3  
   0    0    2    0    0    1    3    0    5    4  
   4    0    0    2    5    1    0    0    0    3  
   2    0    3    0    4    5    0    1    0    0  
   4    0    5    0    2    0    1    0    3    0  
   4    1    0    0    0    5    0    0    2    3  
   0    5    2    4    0    1    0    0    0    3  
   0    2    0    0    5    4    0    1    0    3  
   1    5    0    3    0    0    0    4    2    0  
   0    0    1    3    0    5    0    2    0    4  
   3    0    0    4    0    0    2    1    5    0  
   0    4    2    3    1    0    0    5    0    0  
   0    0    0    4    5    0    0    2    1    3  
   0    5    3    0    0    0    2    1    0    4  
   3    1    0    0    0    5    0    4    2    0  
   0    0    3    4    0    1    2    5    0    0  
   3    0    0    2    4    0    1    0    5    0  
   0    5    4    1    0    0    3    0    2    0  
   0    0    0    1    3    0    4    5    0    2  
   4    1    2    0    0    0    5    3    0    0  
   0    4    0    5    0    3    0    0    1    2  
   3    0    2    5    0    0    4    1    0    0  
   0    4    5    0    0    2    1    0    0    3  
   0    0    0    1    0    0    4    5    2    3  
   0    4    0    1    2    3    0    0    0    5  
   1    4    0    0    0    2    3    0    5    0  
   2    0    3    4    0    0    0    1    0    5  
   0    3    2    4    0    0    5    1    0    0  
   0    2    0    5    0    0    1    4    3    0  
   0    0    0    2    0    3    0    1    5    4  
   3    0    0    5    2    0    0    4    0    1  
   0    0    0    2    4    1    5    0    3    0  
   1    3    2    0    0    5    0    0    4    0  
   0    3    0    2    0    1    4    0    0    5  
   3    4    0    1    0    2    5    0    0    0  
   5    3    0    0    1    4    0    2    0    0  
   0    0    1    4    3    0    0    5    2    0  
   0    5    0    1    4    0    0    0    2    3  
   1    0    0    4    5    2    3    0    0    0  
   0    1    0    0    5    3    4    2    0    0  
   4    1    0    3    0    5    0    0    0    2  
   4    0    3    0    0    5    0    2    0    1  
   3    4    0    5    0    0    2    0    0    1  
   0    5    0    0    3    1    2    0    4    0  
   3    0    2    0    4    1    5    0    0    0  
   0    2    1    4    5    0    3    0    0    0  
   5    0    3    0    0    4    0    0    1    2  
   3    2    0    0    0    5    0    1    4    0  
   0    0    0    4    0    3    1    0    5    2  
   5    4    0    2    0    1    0    3    0    0  
   0    0    5    4    0    1    3    0    0    2  
   0    3    4    5    1    0    0    0    0    2  
   3    0    0    1    5    0    0    4    2    0  
   5    2    3    0    1    4    0    0    0    0  
   3    0    4    0    2    0    0    0    5    1  
   1    0    0    3    2    5    0    0    0    4  
   0    0    2    4    5    0    0    0    1    3  
   2    0    0    5    3    4    1    0    0    0  
   2    0    4    0    0    0    0    3    5    1  
   0    0    2    3    0    1    4    0    5    0  
   4    0    0    5    0    1    2    3    0    0  
   4    0    0    3    5    2    0    0    0    1  
   0    0    0    4    0    3    0    2    1    5  
   4    0    0    2    0    3    5    0    1    0  
   4    3    2    5    0    0    0    1    0    0  
   0    2    5    0    1    4    0    0    3    0  
   1    2    0    0    0    0    0    5    3    4  
   0    3    0    5    1    0    2    0    0    4  
   2    5    3    0    0    1    0    0    4    0  
   1    5    4    0    0    0    3    2    0    0  
   0    0    3    1    4    5    0    2    0    0  
   3    1    0    4    0    2    5    0    0    0  
   0    0    2    5    1    0    0    0    3    4  
   0    5    3    2    0    0    0    4    0    1  
   0    3    0    0    0    0    4    1    5    2  
   1    0    2    0    5    0    3    0    0    4  
   5    4    1    0    0    0    2    3    0    0  
   0    5    0    2    0    3    1    0    0    4  
   0    1    2    4    0    5    0    0    3    0  
   0    0    1    0    0    3    2    0    4    5  
   1    0    3    0    2    0    0    0    5    4  
   1    0    5    0    4    3    2    0    0    0  
   0    2    4    3    0    0    0    1    0    5  
   0    2    0    1    3    0    4    0    0    5  
   1    0    0    0    5    0    3    2    4    0  
   0    2    3    0    0    4    1    0    0    5  
   1    0    5    0    2    3    4    0    0    0  
   0    1    0    3    5    0    4    2    0    0  
   0    0    3    0    5    2    1    0    0    4  
   0    1    5    0    0    4    0    3    0    2  
   0    0    5    4    1    0    0    2    0    3  
   0    4    2    0    0    5    3    0    0    1  
   2    0    0    5    4    3    1    0    0    0  
   0    4    0    0    0    0    5    3    2    1  
   4    0    0    0    2    5    0    3    0    1  
   0    0    0    2    4    5    0    3    1    0  
   3    4    0    5    0    0    0    1    2    0  
   0    4    0    1    2    3    0    0    0    5  
   0    0    1    0    0    3    0    2    5    4  
   4    0    0    2    0    3    1    0    5    0  
   0    0    1    2    5    4    0    0    0    3  
   3    1    0    0    2    0    5    0    4    0  
   3    0    0    5    4    0    0    0    1    2  
   0    1    0    2    0    4    0    3    0    5  
   0    1    2    0    0    0    0    4    5    3  
   4    0    3    1    0    5    0    0    2    0  
   2    1    0    0    4    0    3    0    0    5  
   0    0    4    0    1    0    2    5    0    3  
   0    1    0    4    0    0    3    0    5    2  
   0    2    0    4    1    5    0    0    3    0  
   0    0    0    3    4    5    0    1    0    2  ] 
RESERVATION PRICES : [    7    0    7    6    0    7    0    7    0    0  
  11   10   10   10   10    0    0    0    0    0  
  14    0   17    0    0   18    0   19    0   14  
  17    0   19   17   15    0   16    0    0    0  
   0   23   18    0    0    0   21   19    0   20  
  22   24    0   24    0    0   21    0    0   21  
   0   31    0   29   25    0    0   30    0   29  
   0   37   35    0   37    0    0   35    0   31  
   0   31   35   36    0    0    0    0   27   36  
   0    0    0   36   32   40   39    0    0   32  
  33   36    0    0    0   45   44   36    0    0  
  49    0   40    0   47   51    0    0    0   39  
  53   46   48    0    0    0    0    0   47   49  
   0   54   53    0   52    0   56    0   48    0  
   0    0   58   48    0   61    0    0   48   65  
   0    0   60    0    0   62   49    0   64   61  
  66    0    0   59   68   61    0    0    0   74  
  69    0   55    0   73   54    0   57    0    0  
  76    0   62    0   58    0   74    0   71    0  
  68   64    0    0    0   67    0    0   71   73  
   0   68   83   83    0   81    0    0    0   86  
   0   66    0    0   77   82    0   89    0   68  
  84   74    0   88    0    0    0   92   94    0  
   0    0   74   98    0   75    0   88    0   94  
  84    0    0   80    0    0   95   81   89    0  
   0  100   99   97   81    0    0   97    0    0  
   0    0    0   83   86    0    0  109  106  110  
   0  108  101    0    0    0   81  105    0   85  
 110  116    0    0    0  100    0  100  104    0  
   0    0  103   92    0  107   91  100    0    0  
  97    0    0  122  100    0  103    0   96    0  
   0  117   94   97    0    0  113    0  118    0  
   0    0    0  120  101    0  124  109    0  128  
 120  108  100    0    0    0  102  114    0    0  
   0  138    0  115    0  118    0    0  127  102  
 117    0  103  138    0    0  132  115    0    0  
   0  140  112    0    0  140  138    0    0  117  
   0    0    0  135    0    0  132  134  127  141  
   0  126    0  143  156  142    0    0    0  139  
 154  155    0    0    0  120  123    0  147    0  
 153    0  161  147    0    0    0  135    0  153  
   0  138  150  144    0    0  151  160    0    0  
   0  163    0  150    0    0  124  135  126    0  
   0    0    0  127    0  138    0  132  170  126  
 126    0    0  167  140    0    0  159    0  133  
   0    0    0  176  159  171  162    0  151    0  
 138  148  166    0    0  170    0    0  168    0  
   0  144    0  162    0  142  185    0    0  145  
 143  151    0  155    0  181  171    0    0    0  
 150  161    0    0  177  199    0  184    0    0  
   0    0  184  174  157    0    0  159  163    0  
   0  178    0  159  184    0    0    0  206  203  
 209    0    0  165  183  209  200    0    0    0  
   0  206    0    0  182  182  187  167    0    0  
 156  165    0  199    0  190    0    0    0  184  
 217    0  176    0    0  219    0  162    0  198  
 211  179    0  222    0    0  169    0    0  166  
   0  186    0    0  195  181  200    0  224    0  
 219    0  196    0  232  208  206    0    0    0  
   0  178  174  220  231    0  204    0    0    0  
 224    0  238    0    0  209    0    0  212  225  
 184  185    0    0    0  215    0  209  238    0  
   0    0    0  203    0  249  243    0  217  248  
 224  205    0  192    0  213    0  215    0    0  
   0    0  194  183    0  222  247    0    0  203  
   0  246  202  193  227    0    0    0    0  232  
 259    0    0  234  210    0    0  247  208    0  
 191  229  232    0  235  231    0    0    0    0  
 229    0  194    0  208    0    0    0  232  209  
 192    0    0  244  252  255    0    0    0  213  
   0    0  250  251  204    0    0    0  197  199  
 203    0    0  256  234  245  245    0    0    0  
 264    0  261    0    0    0    0  269  231  223  
   0    0  204  254    0  218  254    0  233    0  
 259    0    0  210    0  231  231  278    0    0  
 243    0    0  249  246  282    0    0    0  279  
   0    0    0  231    0  243    0  234  294  242  
 273    0    0  280    0  296  295    0  266    0  
 285  271  307  229    0    0    0  281    0    0  
   0  266  233    0  296  286    0    0  299    0  
 258  293    0    0    0    0    0  292  264  302  
   0  262    0  287  277    0  231    0    0  304  
 308  255  232    0    0  321    0    0  296    0  
 274  283  292    0    0    0  266  272    0    0  
   0    0  250  260  282  334    0  313    0    0  
 307  267    0  330    0  329  338    0    0    0  
   0    0  267  279  319    0    0    0  303  338  
   0  254  323  325    0    0    0  324    0  342  
   0  276    0    0    0    0  327  269  272  251  
 333    0  323    0  280    0  332    0    0  322  
 327  286  280    0    0    0  307  262    0    0  
   0  284    0  336    0  302  325    0    0  262  
   0  264  288  298    0  302    0    0  357    0  
   0    0  273    0    0  338  338    0  307  281  
 273    0  323    0  360    0    0    0  294  354  
 307    0  363    0  328  313  353    0    0    0  
   0  324  289  369    0    0    0  366    0  338  
   0  292    0  294  285    0  374    0    0  303  
 339    0    0    0  311    0  347  361  346    0  
   0  381  378    0    0  292  295    0    0  284  
 376    0  347    0  302  383  340    0    0    0  
   0  382    0  317  296    0  357  363    0    0  
   0    0  370    0  383  360  306    0    0  294  
   0  399  339    0    0  297    0  344    0  335  
   0    0  369  294  300    0    0  384    0  335  
   0  342  375    0    0  313  379    0    0  340  
 387    0    0  305  314  351  353    0    0    0  
   0  325    0    0    0    0  293  296  364  310  
 373    0    0    0  386  330    0  395    0  326  
   0    0    0  356  389  396    0  334  334    0  
 340  380    0  397    0    0    0  315  335    0  
   0  377    0  316  385  326    0    0    0  313  
   0    0  355    0    0  370    0  352  342  321  
 406    0    0  425    0  402  432    0  430    0  
   0    0  375  366  404  384    0    0    0  357  
 352  399    0    0  375    0  335    0  364    0  
 391    0    0  401  362    0    0    0  434  451  
   0  371    0  358    0  418    0  345    0  415  
   0  447  443    0    0    0    0  432  434  388  
 367    0  421  384    0  428    0    0  359    0  
 378  372    0    0  455    0  425    0    0  445  
   0    0  369    0  459    0  413  420    0  387  
   0  390    0  370    0    0  434    0  364  414  
   0  361    0  354  444  380    0    0  413    0  
   0    0    0  387  421  400    0  385    0  349  ] 
 ] 
