K : 125
I : 10
C : 5
INSTANCE : 2
PREFERENCES : [    0    2    0    5    0    3    1    0    0    4  
   0    0    0    2    5    0    0    4    3    1  
   4    0    1    0    0    3    5    2    0    0  
   1    4    0    3    5    0    0    0    0    2  
   1    3    4    0    5    2    0    0    0    0  
   0    4    2    0    3    1    5    0    0    0  
   0    0    1    0    4    0    3    5    0    2  
   3    0    0    1    2    5    0    0    4    0  
   0    1    5    0    4    3    2    0    0    0  
   2    0    0    5    0    0    3    0    4    1  
   0    1    2    0    3    5    0    0    4    0  
   0    3    0    5    2    0    0    0    4    1  
   0    0    0    0    4    2    0    3    5    1  
   2    0    0    0    1    0    3    5    4    0  
   0    0    2    3    0    5    0    4    1    0  
   1    0    3    2    5    0    0    0    0    4  
   1    5    0    4    0    3    0    0    2    0  
   0    2    0    4    0    1    3    5    0    0  
   0    1    0    3    0    2    0    0    5    4  
   0    3    2    0    4    5    0    0    0    1  
   1    0    0    0    2    4    0    5    3    0  
   4    0    3    0    5    0    0    0    2    1  
   5    0    0    0    2    0    1    0    4    3  
   5    0    0    0    4    1    0    3    2    0  
   3    0    2    5    0    4    0    0    0    1  
   0    0    5    1    4    0    3    2    0    0  
   4    0    0    2    0    0    1    5    3    0  
   0    0    4    2    0    0    0    3    5    1  
   1    5    0    0    0    4    0    3    2    0  
   5    0    3    0    4    2    0    1    0    0  
   0    0    0    1    4    0    3    0    2    5  
   3    0    4    1    2    5    0    0    0    0  
   1    3    0    0    0    5    4    0    0    2  
   4    0    0    0    3    0    1    2    5    0  
   0    1    3    0    5    0    0    4    2    0  
   0    1    0    5    0    4    0    2    0    3  
   0    1    0    2    4    0    0    3    0    5  
   0    5    3    0    4    1    0    2    0    0  
   0    2    0    0    3    4    1    0    5    0  
   0    0    5    0    0    3    4    0    2    1  
   1    0    5    0    0    3    0    4    0    2  
   3    5    2    4    1    0    0    0    0    0  
   0    0    0    0    4    2    0    1    3    5  
   0    2    5    3    0    4    0    0    1    0  
   1    0    4    2    0    0    0    3    5    0  
   2    0    4    0    3    1    5    0    0    0  
   0    0    3    4    0    0    2    1    0    5  
   3    0    1    5    4    0    0    0    0    2  
   0    2    0    4    1    0    5    3    0    0  
   0    0    0    5    4    0    3    0    1    2  
   0    0    0    0    3    5    0    2    1    4  
   2    0    1    4    0    0    3    0    5    0  
   0    3    0    0    0    5    0    4    2    1  
   0    0    1    0    4    3    0    5    0    2  
   0    5    0    0    2    4    3    1    0    0  
   3    0    4    1    0    0    2    0    0    5  
   0    5    4    0    2    0    0    1    0    3  
   2    0    5    0    1    0    3    0    0    4  
   0    2    4    0    0    5    1    0    3    0  
   0    1    0    3    4    0    5    0    2    0  
   4    0    3    0    0    0    2    1    0    5  
   3    0    1    0    0    0    5    2    4    0  
   1    2    0    5    3    0    4    0    0    0  
   2    1    0    0    0    0    0    4    5    3  
   2    0    5    0    0    3    1    0    0    4  
   0    5    0    2    4    0    1    0    0    3  
   0    0    5    3    0    2    0    4    0    1  
   1    2    0    0    4    3    0    0    0    5  
   0    0    3    4    2    1    0    5    0    0  
   1    0    3    0    0    0    4    5    2    0  
   0    0    4    0    3    1    0    0    5    2  
   0    3    1    4    0    0    2    0    5    0  
   2    0    4    3    0    1    0    0    5    0  
   0    4    2    0    0    5    0    3    1    0  
   5    0    0    1    0    3    0    0    2    4  
   0    0    3    4    0    5    0    2    1    0  
   0    0    1    0    3    0    2    0    5    4  
   5    4    3    1    0    0    0    2    0    0  
   4    3    2    5    0    0    0    0    0    1  
   0    5    3    0    4    0    2    1    0    0  
   3    0    0    0    4    0    1    5    0    2  
   5    0    1    2    0    4    0    3    0    0  
   0    3    2    5    4    0    0    1    0    0  
   4    0    3    2    1    0    0    0    5    0  
   0    1    3    0    0    2    0    0    4    5  
   0    4    2    0    5    0    1    0    3    0  
   0    0    3    0    5    4    1    2    0    0  
   0    3    0    2    5    4    0    1    0    0  
   0    5    1    0    2    0    0    0    3    4  
   0    0    2    0    1    0    5    3    0    4  
   0    5    1    0    3    0    0    0    4    2  
   4    1    0    0    3    0    0    5    0    2  
   0    0    0    1    4    5    3    0    0    2  
   0    0    0    0    4    1    5    2    0    3  
   0    4    0    3    5    0    0    1    2    0  
   0    0    1    2    5    0    0    3    4    0  
   4    0    0    0    0    2    0    5    3    1  
   3    1    0    5    0    0    0    2    0    4  
   0    4    3    0    5    0    2    0    1    0  
   5    1    0    3    0    0    0    0    4    2  
   2    5    0    0    0    3    0    4    0    1  
   0    2    0    0    0    3    4    1    5    0  
   5    0    0    2    0    0    4    1    0    3  
   2    0    3    0    4    0    0    0    1    5  
   2    1    0    0    0    3    5    4    0    0  
   0    0    3    0    0    2    5    0    1    4  
   0    2    1    0    0    5    0    3    0    4  
   1    2    5    0    0    0    0    4    0    3  
   0    5    0    0    0    4    2    3    1    0  
   5    0    4    2    0    3    0    0    0    1  
   3    5    2    1    0    4    0    0    0    0  
   0    3    1    0    4    0    0    2    0    5  
   5    0    0    4    0    0    3    1    0    2  
   1    2    3    5    4    0    0    0    0    0  
   4    0    2    0    0    0    3    1    5    0  
   1    0    0    0    0    5    3    4    2    0  
   5    0    0    0    0    4    3    2    0    1  
   1    0    0    0    5    0    4    3    2    0  
   4    0    5    0    1    3    0    0    2    0  
   1    0    5    0    0    2    4    0    3    0  
   0    0    3    0    0    1    0    2    5    4  
   0    4    0    0    1    5    3    2    0    0  
   0    3    2    5    0    0    1    4    0    0  
   0    0    4    1    5    2    0    0    3    0  
   0    0    5    2    4    3    0    0    0    1  ] 
RESERVATION PRICES : [    0    6    0    5    0    6    6    0    0    5  
   0    0    0    9    9    0    0   11   10   11  
  12    0   15    0    0   13   16   15    0    0  
  15   16    0   19   19    0    0    0    0   18  
  24   24   21    0   21   19    0    0    0    0  
   0   24   29    0   24   29   28    0    0    0  
   0    0   32    0   27    0   26   28    0   29  
  30    0    0   36   36   31    0    0   32    0  
   0   38   41    0   43   36   45    0    0    0  
  41    0    0   46    0    0   36    0   48   39  
   0   44   40    0   46   48    0    0   42    0  
   0   54    0   49   47    0    0    0   48   42  
   0    0    0    0   49   39    0   51   51   39  
  55    0    0    0   49    0   51   56   55    0  
   0    0   58   48    0   63    0   54   59    0  
  62    0   69   58   58    0    0    0    0   52  
  67   54    0   67    0   54    0    0   55    0  
   0   75    0   65    0   57   62   69    0    0  
   0   72    0   76    0   60    0    0   63   58  
   0   59   73    0   78   81    0    0    0   68  
  77    0    0    0   69   63    0   68   79    0  
  64    0   65    0   82    0    0    0   66   75  
  81    0    0    0   84    0   68    0   70   79  
  62    0    0    0   72   76    0   70   82    0  
  76    0   86   63    0   79    0    0    0   76  
   0    0   67   70   86    0   68   82    0    0  
  87    0    0   76    0    0   91   78   84    0  
   0    0   95   77    0    0    0   87   97   87  
  99   94    0    0    0   82    0   77   87    0  
  98    0   77    0   96   96    0   98    0    0  
   0    0    0  104  103    0   97    0   86  106  
 105    0   95   93   91  112    0    0    0    0  
 113  119    0    0    0   96  105    0    0  106  
 109    0    0    0  122    0   98  107   94    0  
   0  110  100    0  105    0    0  131  120    0  
   0  101    0  129    0  110    0  101    0  123  
   0  119    0  109  104    0    0  111    0  124  
   0  102  128    0  139  136    0  118    0    0  
   0  134    0    0  102  126  131    0  121    0  
   0    0  109    0    0  143  109    0  145  110  
 123    0  111    0    0  110    0  145    0  135  
 128  112  131  116  112    0    0    0    0    0  
   0    0    0    0  128  120    0  143  117  124  
   0  117  139  132    0  136    0    0  141    0  
 143    0  130  122    0    0    0  158  138    0  
 149    0  132    0  133  144  143    0    0    0  
   0    0  135  164    0    0  154  127    0  152  
 142    0  162  161  137    0    0    0    0  141  
   0  162    0  129  168    0  136  162    0    0  
   0    0    0  140  146    0  169    0  168  135  
   0    0    0    0  146  171    0  179  156  147  
 160    0  144  187    0    0  193    0  172    0  
   0  176    0    0    0  172    0  180  181  186  
   0    0  161    0  178  190    0  193    0  146  
   0  176    0    0  162  170  199  201    0    0  
 172    0  168  161    0    0  202    0    0  148  
   0  199  202    0  194    0    0  172    0  151  
 152    0  165    0  169    0  156    0    0  171  
   0  186  161    0    0  154  173    0  169    0  
   0  174    0  211  168    0  174    0  210    0  
 195    0  159    0    0    0  212  197    0  156  
 205    0  201    0    0    0  223  168  216    0  
 222  170    0  168  179    0  222    0    0    0  
 181  166    0    0    0    0    0  206  208  168  
 203    0  224    0    0  205  200    0    0  238  
   0  211    0  228  232    0  186    0    0  229  
   0    0  183  201    0  206    0  185    0  201  
 191  198    0    0  233  217    0    0    0  183  
   0    0  248  231  210  180    0  188    0    0  
 239    0  189    0    0    0  246  224  228    0  
   0    0  220    0  226  212    0    0  243  195  
   0  266  201  198    0    0  222    0  204    0  
 216    0  243  253    0  216    0    0  201    0  
   0  226  227    0    0  223    0  256  266    0  
 220    0    0  266    0  239    0    0  227  225  
   0    0  228  277    0  223    0  243  245    0  
   0    0  263    0  250    0  277    0  267  258  
 250  292  222  284    0    0    0  280    0    0  
 242  246  224  279    0    0    0    0    0  258  
   0  221  225    0  291    0  262  289    0    0  
 243    0    0    0  254    0  260  267    0  261  
 289    0  269  236    0  275    0  263    0    0  
   0  234  293  308  307    0    0  252    0    0  
 265    0  251  287  277    0    0    0  311    0  
   0  267  281    0    0  273    0    0  253  268  
   0  290  296    0  296    0  238    0  328    0  
   0    0  276    0  292  264  237  262    0    0  
   0  282    0  258  272  308    0  264    0    0  
   0  314  333    0  306    0    0    0  274  256  
   0    0  327    0  321    0  291  282    0  340  
   0  277  308    0  251    0    0    0  274  273  
 263  344    0    0  290    0    0  269    0  335  
   0    0    0  283  300  265  311    0    0  296  
   0    0    0    0  271  317  280  332    0  267  
   0  344    0  280  343    0    0  339  294    0  
   0    0  323  320  319    0    0  345  292    0  
 327    0    0    0    0  309    0  312  314  321  
 285  364    0  295    0    0    0  303    0  328  
   0  322  361    0  368    0  305    0  290    0  
 322  315    0  324    0    0    0    0  289  296  
 367  306    0    0    0  318    0  274    0  318  
   0  293    0    0    0  366  376  340  341    0  
 298    0    0  358    0    0  330  317    0  365  
 342    0  372    0  293    0    0    0  379  335  
 316  321    0    0    0  295  295  388    0    0  
   0    0  314    0    0  381  344    0  329  322  
   0  356  394    0    0  376    0  322    0  369  
 293  314  370    0    0    0    0  329    0  405  
   0  333    0    0    0  396  328  318  375    0  
 333    0  351  364    0  374    0    0    0  410  
 366  317  407  379    0  344    0    0    0    0  
   0  375  352    0  310    0    0  396    0  350  
 413    0    0  384    0    0  307  389    0  385  
 374  415  392  391  402    0    0    0    0    0  
 360    0  414    0    0    0  391  390  342    0  
 336    0    0    0    0  361  395  369  332    0  
 351    0    0    0    0  428  374  351    0  378  
 388    0    0    0  412    0  339  356  401    0  
 347    0  323    0  428  410    0    0  369    0  
 417    0  352    0    0  430  436    0  395    0  
   0    0  439    0    0  387    0  440  444  379  
   0  343    0    0  340  362  449  332    0    0  
   0  388  330  452    0    0  404  376    0    0  
   0    0  445  355  455  433    0    0  405    0  
   0    0  443  465  408  456    0    0    0  451  ] 
 ] 
