K : 150
I : 10
C : 30
INSTANCE : 2
PREFERENCES : [    0    0    5    1    4    3    0    0    0    2  
   4    2    5    0    0    3    0    0    1    0  
   0    0    0    3    0    0    4    2    5    1  
   0    0    4    0    1    2    0    3    0    5  
   0    1    2    5    4    0    0    0    3    0  
   2    0    3    5    0    0    0    0    1    4  
   0    0    3    0    4    1    0    0    2    5  
   1    0    5    0    2    0    4    3    0    0  
   3    5    0    2    1    4    0    0    0    0  
   0    0    4    3    0    1    0    2    5    0  
   0    4    0    0    0    1    5    3    2    0  
   0    0    1    0    3    5    4    0    0    2  
   5    0    1    0    4    0    0    2    3    0  
   2    5    1    0    0    4    0    3    0    0  
   0    1    4    2    0    0    5    0    0    3  
   0    0    0    0    4    0    3    5    2    1  
   1    0    0    0    0    3    0    2    5    4  
   5    2    3    0    0    0    1    4    0    0  
   0    5    0    0    0    1    0    3    4    2  
   0    2    0    0    4    0    1    5    3    0  
   0    1    4    0    0    0    3    0    5    2  
   0    0    0    0    1    2    5    4    0    3  
   0    0    3    5    4    1    2    0    0    0  
   0    0    0    0    0    5    1    2    4    3  
   0    4    5    2    0    1    0    3    0    0  
   1    0    4    0    0    2    3    5    0    0  
   2    5    4    0    3    1    0    0    0    0  
   5    0    0    1    2    0    4    0    3    0  
   3    5    0    0    4    1    2    0    0    0  
   4    0    0    0    5    3    0    2    1    0  
   5    0    1    4    0    0    3    0    2    0  
   0    2    5    3    4    0    0    0    0    1  
   0    1    2    0    5    0    3    0    4    0  
   4    3    0    1    0    2    0    0    0    5  
   0    5    0    0    4    2    0    0    3    1  
   3    1    0    5    0    2    0    0    0    4  
   1    3    0    0    4    2    5    0    0    0  
   0    2    0    1    4    0    5    0    0    3  
   2    0    0    0    0    4    3    0    5    1  
   0    0    4    0    3    0    1    5    0    2  
   0    0    0    2    1    3    5    0    0    4  
   0    0    5    3    1    0    4    2    0    0  
   0    0    4    1    0    2    0    3    5    0  
   5    0    2    0    0    0    1    3    4    0  
   0    0    4    0    2    5    3    0    0    1  
   5    2    0    0    1    0    4    0    0    3  
   0    0    2    0    0    0    5    1    4    3  
   0    1    2    0    4    5    3    0    0    0  
   0    0    0    4    0    3    0    1    2    5  
   5    0    4    0    0    0    3    2    0    1  
   0    0    5    4    0    1    0    3    0    2  
   0    3    4    2    1    0    0    0    0    5  
   0    0    5    0    1    2    4    0    0    3  
   0    0    5    4    1    3    0    0    0    2  
   1    0    4    0    0    0    0    3    2    5  
   0    0    0    2    3    4    0    0    5    1  
   3    0    0    5    0    2    1    4    0    0  
   1    4    0    0    0    2    0    0    5    3  
   0    3    1    0    0    0    4    5    0    2  
   0    0    5    1    0    2    3    4    0    0  
   5    0    0    4    2    0    0    0    1    3  
   4    2    0    0    0    1    5    0    0    3  
   0    0    0    1    4    3    0    0    5    2  
   0    2    0    0    0    4    5    3    1    0  
   0    0    0    3    0    4    2    5    0    1  
   3    0    1    2    0    0    0    5    0    4  
   3    0    0    4    0    2    0    1    0    5  
   3    0    0    0    0    0    2    4    5    1  
   0    2    5    0    1    0    4    3    0    0  
   0    0    3    1    0    5    4    0    2    0  
   0    1    0    0    0    4    2    0    5    3  
   5    0    2    3    4    0    0    0    1    0  
   5    0    0    0    1    2    3    0    0    4  
   0    3    1    0    0    4    0    2    5    0  
   2    0    1    0    0    5    0    0    3    4  
   0    0    2    1    0    0    5    0    3    4  
   1    0    0    5    2    0    0    0    3    4  
   4    2    0    0    5    3    0    0    0    1  
   3    2    0    0    0    5    0    4    0    1  
   0    2    3    0    4    1    0    0    5    0  
   0    3    1    0    0    0    2    4    0    5  
   1    2    0    3    0    0    0    0    4    5  
   3    0    0    1    0    0    5    0    2    4  
   0    5    0    0    4    3    1    0    0    2  
   5    0    0    0    0    0    1    4    3    2  
   1    0    0    5    2    3    0    4    0    0  
   4    1    2    0    0    5    0    0    3    0  
   0    1    0    0    2    0    5    0    3    4  
   4    3    0    5    0    1    0    0    2    0  
   1    5    0    4    2    3    0    0    0    0  
   3    0    4    2    1    0    0    0    0    5  
   0    2    0    4    0    0    0    1    3    5  
   4    0    5    1    0    0    0    3    0    2  
   0    1    3    4    2    5    0    0    0    0  
   3    2    0    0    4    0    0    0    5    1  
   0    4    0    2    1    0    3    0    0    5  
   2    0    4    0    3    0    1    0    0    5  
   3    0    2    5    0    0    0    1    4    0  
   3    2    0    0    0    1    5    0    4    0  
   2    5    0    0    0    1    4    0    0    3  
   1    0    5    4    0    0    3    2    0    0  
   5    1    0    4    2    0    3    0    0    0  
   0    3    5    0    2    0    4    0    1    0  
   0    3    0    4    0    5    0    1    2    0  
   0    1    0    4    0    0    2    3    0    5  
   5    4    3    1    2    0    0    0    0    0  
   0    4    5    3    2    0    1    0    0    0  
   0    0    0    4    1    2    0    3    5    0  
   0    0    0    1    2    0    3    4    5    0  
   0    0    5    0    2    1    0    3    0    4  
   0    1    0    2    3    0    5    0    0    4  
   5    3    0    0    0    0    4    0    2    1  
   3    0    0    1    2    0    0    5    4    0  
   3    0    0    0    5    2    0    0    4    1  
   0    0    1    4    2    0    3    0    0    5  
   0    0    0    2    4    5    1    0    3    0  
   0    0    0    3    1    0    5    0    2    4  
   2    0    0    0    1    5    0    3    0    4  
   3    1    0    0    0    5    0    2    4    0  
   0    4    5    2    0    0    0    0    1    3  
   4    2    0    0    0    0    5    0    1    3  
   0    5    0    0    0    0    2    3    4    1  
   0    0    0    2    3    1    0    4    5    0  
   0    2    4    5    1    0    0    0    0    3  
   0    2    1    0    0    4    3    0    5    0  
   1    5    0    0    0    3    4    0    0    2  
   4    1    2    0    3    0    5    0    0    0  
   0    0    2    4    0    5    0    3    0    1  
   0    2    0    0    5    0    1    4    3    0  
   0    2    0    4    0    0    3    5    1    0  
   1    0    0    0    4    3    2    5    0    0  
   0    4    0    3    0    2    1    0    0    5  
   0    5    1    2    0    4    3    0    0    0  
   3    1    4    0    5    0    0    0    2    0  
   0    0    4    5    2    0    1    0    3    0  
   0    4    0    0    1    0    3    2    5    0  
   2    1    0    0    0    5    0    0    3    4  
   0    0    0    0    3    0    5    1    4    2  
   0    0    5    1    0    2    0    4    3    0  
   3    0    2    0    0    0    1    4    5    0  
   0    0    0    2    0    4    3    1    0    5  
   1    4    0    0    0    0    0    2    3    5  
   3    4    5    1    0    0    2    0    0    0  
   5    2    1    3    0    0    0    0    0    4  
   0    4    0    0    3    2    0    5    0    1  
   0    3    1    0    0    2    4    0    0    5  
   0    4    0    0    0    0    2    5    1    3  
   0    1    3    0    0    2    4    0    5    0  
   0    2    1    0    3    0    0    4    5    0  
   2    0    5    4    0    0    0    3    0    1  ] 
RESERVATION PRICES : [    0    0    5    6    6    6    0    0    0    6  
   9   10   12    0    0   11    0    0    9    0  
   0    0    0   15    0    0   16   16   16   17  
   0    0   18    0   17   17    0   19    0   20  
   0   22   19   19   25    0    0    0   24    0  
  31    0   25   33    0    0    0    0   26   26  
   0    0   34    0   28   27    0    0   32   25  
  31    0   31    0   27    0   26   26    0    0  
  39   40    0   41   42   41    0    0    0    0  
   0    0   33   33    0   33    0   35   43    0  
   0   37    0    0    0   48   40   43   46    0  
   0    0   46    0   50   42   50    0    0   46  
  56    0   52    0   54    0    0   56   49    0  
  54   55   59    0    0   45    0   56    0    0  
   0   56   66   64    0    0   55    0    0   60  
   0    0    0    0   71    0   58   72   62   55  
  57    0    0    0    0   55    0   61   74   71  
  59   71   63    0    0    0   69   59    0    0  
   0   69    0    0    0   74    0   74   79   70  
   0   68    0    0   65    0   71   78   81    0  
   0   76   67    0    0    0   81    0   74   80  
   0    0    0    0   87   78   80   90    0   77  
   0    0   74   88   84   94   88    0    0    0  
   0    0    0    0    0   91   88   72   88   76  
   0   94  106  104    0   92    0   79    0    0  
 106    0   96    0    0  110   98   97    0    0  
  86   89   94    0   91   92    0    0    0    0  
 101    0    0  109  112    0  105    0   87    0  
 118   92    0    0   88  110   90    0    0    0  
  90    0    0    0  108  110    0  100  111    0  
 100    0  115  105    0    0   85    0  111    0  
   0   99   95   98  103    0    0    0    0  112  
   0  128   97    0  123    0  127    0  110    0  
 131  114    0  127    0  129    0    0    0  110  
   0  109    0    0  119  115    0    0  136  105  
 124  134    0  132    0  112    0    0    0  113  
 121  146    0    0  128  119  126    0    0    0  
   0  116    0  139  133    0  138    0    0  126  
 145    0    0    0    0  114  125    0  123  114  
   0    0  121    0  119    0  149  139    0  118  
   0    0    0  139  123  136  142    0    0  117  
   0    0  145  168  153    0  123  141    0    0  
   0    0  157  159    0  141    0  161  161    0  
 159    0  170    0    0    0  151  148  136    0  
   0    0  159    0  160  135  144    0    0  141  
 138  142    0    0  135    0  161    0    0  174  
   0    0  160    0    0    0  157  148  160  172  
   0  179  147    0  174  174  186    0    0    0  
   0    0    0  155    0  178    0  144  190  176  
 177    0  157    0    0    0  172  154    0  181  
   0    0  185  188    0  192    0  154    0  148  
   0  165  209  162  177    0    0    0    0  182  
   0    0  171    0  187  163  180    0    0  166  
   0    0  172  207  186  171    0    0    0  175  
 198    0  175    0    0    0    0  164  210  187  
   0    0    0  192  180  188    0    0  214  198  
 208    0    0  163    0  218  208  173    0    0  
 171  189    0    0    0  215    0    0  178  197  
   0  214  210    0    0    0  192  201    0  200  
   0    0  227  176    0  230  196  174    0    0  
 233    0    0  200  207    0    0    0  207  183  
 244  239    0    0    0  199  222    0    0  181  
   0    0    0  202  238  216    0    0  220  252  
   0  223    0    0    0  223  197  185  191    0  
   0    0    0  229    0  219  200  245    0  193  
 193    0  231  249    0    0    0  239    0  191  
 243    0    0  230    0  237    0  253    0  252  
 245    0    0    0    0    0  238  213  245  202  
   0  241  266    0  245    0  257  273    0    0  
   0    0  238  214    0  252  209    0  217    0  
   0  204    0    0    0  250  215    0  237  244  
 242    0  245  237  269    0    0    0  261    0  
 269    0    0    0  251  210  230    0    0  212  
   0  238  232    0    0  237    0  264  279    0  
 216    0  254    0    0  262    0    0  268  234  
   0    0  274  274    0    0  272    0  292  260  
 267    0    0  261  255    0    0    0  241  243  
 264  279    0    0  216  242    0    0    0  228  
 274  281    0    0    0  264    0  302    0  303  
   0  232  301    0  225  244    0    0  300    0  
   0  292  309    0    0    0  247  238    0  254  
 254  292    0  265    0    0    0    0  290  255  
 287    0    0  233    0    0  252    0  292  310  
   0  314    0    0  303  314  256    0    0  279  
 296    0    0    0    0    0  244  229  230  235  
 260    0    0  326  297  322    0  291    0    0  
 265  303  308    0    0  281    0    0  271    0  
   0  260    0    0  240    0  271    0  287  249  
 269  282    0  332    0  263    0    0  279    0  
 275  269    0  255  319  299    0    0    0    0  
 273    0  276  263  250    0    0    0    0  295  
   0  272    0  335    0    0    0  323  323  270  
 283    0  259  269    0    0    0  282    0  329  
   0  346  264  268  259  338    0    0    0    0  
 348  296    0    0  259    0    0    0  293  315  
   0  282    0  277  329    0  326    0    0  331  
 267    0  280    0  309    0  348    0    0  279  
 280    0  276  341    0    0    0  308  300    0  
 372  364    0    0    0  362  269    0  307    0  
 302  324    0    0    0  281  349    0    0  297  
 371    0  318  357    0    0  344  314    0    0  
 345  339    0  275  333    0  278    0    0    0  
   0  325  342    0  293    0  317    0  346    0  
   0  316    0  292    0  288    0  327  281    0  
   0  387    0  384    0    0  385  291    0  292  
 324  396  378  356  296    0    0    0    0    0  
   0  346  381  393  379    0  399    0    0    0  
   0    0    0  344  317  377    0  296  339    0  
   0    0    0  317  324    0  302  385  313    0  
   0    0  352    0  369  349    0  416    0  361  
   0  359    0  411  356    0  359    0    0  369  
 344  402    0    0    0    0  324    0  310  324  
 313    0    0  376  391    0    0  414  365    0  
 313    0    0    0  415  385    0    0  349  313  
   0    0  403  341  344    0  411    0    0  411  
   0    0    0  415  385  426  325    0  342    0  
   0    0    0  341  391    0  380    0  327  321  
 372    0    0    0  387  348    0  320    0  362  
 390  378    0    0    0  334    0  334  359    0  
   0  387  361  352    0    0    0    0  363  345  
 381  347    0    0    0    0  385    0  429  349  
   0  412    0    0    0    0  334  386  393  407  
   0    0    0  390  435  358    0  451  358    0  
   0  438  382  436  471    0    0    0    0  401  
   0  452  463    0    0  417  459    0  452    0  
 468  414    0    0    0  371  386    0    0  377  
 444  393  385    0  390    0  423    0    0    0  
   0    0  398  447    0  417    0  380    0  416  
   0  390    0    0  470    0  366  360  476    0  
   0  419    0  372    0    0  427  463  422    0  
 444    0    0    0  376  420  500  483    0    0  
   0  478    0  362    0  383  495    0    0  466  
   0  453  487  433    0  439  486    0    0    0  
 365  458  390    0  454    0    0    0  490    0  
   0    0  478  387  440    0  454    0  387    0  
   0  486    0    0  452    0  396  437  505    0  
 447  477    0    0    0  458    0    0  504  375  
   0    0    0    0  479    0  441  462  384  466  
   0    0  373  393    0  462    0  373  439    0  
 406    0  511    0    0    0  472  505  414    0  
   0    0    0  388    0  426  434  456    0  519  
 453  475    0    0    0    0    0  443  516  467  
 405  490  386  479    0    0  478    0    0    0  
 411  412  452  486    0    0    0    0    0  491  
   0  411    0    0  539  466    0  510    0  438  
   0  474  525    0    0  545  540    0    0  546  
   0  518    0    0    0    0  507  446  451  432  
   0  398  490    0    0  539  478    0  545    0  
   0  513  519    0  418    0    0  518  425    0  
 554    0  526  485    0    0    0  536    0  487  ] 
 ] 
