K : 75
I : 15
C : 3
INSTANCE : 5
PREFERENCES : [    0    1    0    0    5    2    3    0    0    0    0    4    0    0    0  
   0    5    0    0    4    0    3    0    1    0    0    2    0    0    0  
   0    0    1    0    2    3    4    0    0    0    0    0    0    5    0  
   0    3    4    2    5    0    0    0    1    0    0    0    0    0    0  
   2    0    0    1    4    0    3    0    0    0    0    0    0    5    0  
   0    0    0    0    0    0    0    5    1    0    4    2    0    0    3  
   0    0    0    0    1    5    0    0    0    3    4    0    2    0    0  
   1    0    0    2    0    0    3    0    0    4    0    0    0    0    5  
   2    3    0    0    5    4    0    0    0    0    1    0    0    0    0  
   0    1    2    0    0    0    3    0    0    5    4    0    0    0    0  
   0    0    0    0    0    2    0    1    0    0    0    5    4    3    0  
   5    1    0    4    2    0    0    0    0    0    3    0    0    0    0  
   0    3    0    0    2    0    0    4    0    5    0    0    0    0    1  
   0    1    0    0    0    4    0    0    0    2    0    5    0    3    0  
   1    0    0    0    0    4    0    3    0    0    0    0    2    0    5  
   5    1    0    0    0    3    0    4    2    0    0    0    0    0    0  
   1    0    4    0    0    0    0    0    3    2    0    5    0    0    0  
   0    0    5    3    0    4    0    2    0    0    0    0    1    0    0  
   0    0    0    0    5    0    0    0    1    0    2    4    0    3    0  
   0    0    2    1    4    0    0    0    0    3    0    0    0    5    0  
   0    2    0    3    5    0    0    4    1    0    0    0    0    0    0  
   0    0    0    5    0    0    0    2    0    0    0    3    1    0    4  
   0    0    0    1    0    0    4    0    0    0    0    3    5    0    2  
   4    0    0    5    1    0    3    0    0    0    2    0    0    0    0  
   0    0    0    0    0    5    0    0    0    2    0    0    3    4    1  
   0    0    0    4    0    2    0    0    0    1    3    5    0    0    0  
   4    0    1    0    0    0    0    5    0    0    0    0    3    2    0  
   1    0    2    5    0    0    4    0    0    0    0    0    0    0    3  
   2    5    0    0    1    0    0    0    0    0    0    3    0    4    0  
   0    0    2    0    0    0    0    0    0    0    4    1    0    5    3  
   1    5    4    0    0    2    0    0    3    0    0    0    0    0    0  
   2    0    0    5    0    0    4    0    0    0    3    0    0    1    0  
   2    3    1    0    0    5    0    0    4    0    0    0    0    0    0  
   0    1    0    3    0    0    5    0    0    0    0    4    0    0    2  
   0    4    0    0    0    5    0    0    2    0    0    3    0    1    0  
   0    0    0    0    0    3    5    0    2    0    4    1    0    0    0  
   5    0    0    0    4    0    3    0    0    1    0    0    0    2    0  
   0    0    0    1    0    0    0    0    5    4    3    0    2    0    0  
   3    0    0    0    0    1    0    0    0    0    2    0    4    5    0  
   2    1    0    5    0    0    0    0    0    0    0    4    0    3    0  
   0    1    0    0    0    0    0    0    0    2    0    4    5    3    0  
   0    0    5    0    0    0    1    2    4    0    0    0    0    0    3  
   0    0    1    2    0    0    0    0    0    4    3    5    0    0    0  
   2    0    4    0    0    0    0    0    0    0    5    3    0    1    0  
   0    5    0    0    4    0    3    1    0    2    0    0    0    0    0  
   0    0    4    2    0    0    0    0    3    0    5    0    0    1    0  
   0    5    0    0    0    3    1    0    0    0    0    2    4    0    0  
   0    4    0    2    0    0    0    0    3    1    0    0    5    0    0  
   0    0    0    0    0    1    3    0    0    0    0    4    2    0    5  
   0    5    0    0    0    1    0    0    0    3    0    2    4    0    0  
   0    0    0    3    1    0    2    0    5    0    0    0    0    4    0  
   5    0    4    0    0    0    0    0    2    0    0    0    1    0    3  
   0    0    3    0    0    4    0    0    1    5    0    0    0    0    2  
   0    3    0    0    5    0    0    0    4    1    0    0    2    0    0  
   0    0    0    0    0    0    4    1    0    5    0    3    0    2    0  
   5    0    1    0    4    0    0    0    2    0    0    3    0    0    0  
   0    0    4    0    0    0    0    5    2    0    0    1    3    0    0  
   0    0    0    0    3    0    0    0    5    0    2    0    0    4    1  
   0    0    0    2    0    0    0    5    4    3    0    0    1    0    0  
   0    4    0    2    0    0    0    1    0    0    0    0    3    0    5  
   0    0    0    1    4    0    0    5    3    0    0    0    0    2    0  
   2    3    4    0    0    0    0    0    0    1    0    0    0    5    0  
   0    0    0    0    0    3    0    4    0    2    5    0    1    0    0  
   0    5    3    0    4    0    0    0    0    2    0    0    1    0    0  
   0    0    0    0    2    5    1    3    0    0    0    4    0    0    0  
   0    0    2    0    4    0    3    0    0    0    0    5    0    0    1  
   0    0    3    0    0    2    0    0    5    1    0    0    0    4    0  
   0    5    1    0    0    2    0    4    3    0    0    0    0    0    0  
   5    3    4    0    0    0    0    0    0    0    0    2    1    0    0  
   0    0    1    2    5    0    0    0    4    0    0    3    0    0    0  
   0    0    0    1    0    0    0    0    2    4    0    3    0    0    5  
   0    3    0    2    0    5    0    0    0    0    1    4    0    0    0  
   1    0    4    0    0    0    3    5    0    2    0    0    0    0    0  
   0    0    5    0    0    0    0    3    0    4    0    0    2    0    1  
   5    0    0    1    4    2    0    0    0    0    0    0    0    0    3  ] 
RESERVATION PRICES : [    0    5    0    0    5    5    5    0    0    0    0    6    0    0    0  
   0    6    0    0    5    0    5    0    5    0    0    6    0    0    0  
   0    0    6    0    6    6    5    0    0    0    0    0    0    5    0  
   0   11   12    9   11    0    0    0   12    0    0    0    0    0    0  
  17    0    0   17   15    0   15    0    0    0    0    0    0   14    0  
   0    0    0    0    0    0    0   16   21    0   17   21    0    0   17  
   0    0    0    0   23   26    0    0    0   28   23    0   25    0    0  
  25    0    0   25    0    0   26    0    0   23    0    0    0    0   27  
  28   32    0    0   28   31    0    0    0    0   27    0    0    0    0  
   0   27   28    0    0    0   25    0    0   26   27    0    0    0    0  
   0    0    0    0    0   36    0   32    0    0    0   34   37   35    0  
  30   39    0   37   30    0    0    0    0    0   32    0    0    0    0  
   0   41    0    0   39    0    0   35    0   43    0    0    0    0   43  
   0   40    0    0    0   46    0    0    0   49    0   48    0   49    0  
  41    0    0    0    0   43    0   47    0    0    0    0   44    0   50  
  55   49    0    0    0   52    0   59   46    0    0    0    0    0    0  
  63    0   47    0    0    0    0    0   57   47    0   53    0    0    0  
   0    0   46   51    0   55    0   48    0    0    0    0   56    0    0  
   0    0    0    0   69    0    0    0   66    0   57   58    0   57    0  
   0    0   62   51   51    0    0    0    0   61    0    0    0   60    0  
   0   57    0   60   62    0    0   67   65    0    0    0    0    0    0  
   0    0    0   74    0    0    0   58    0    0    0   66   71    0   77  
   0    0    0   69    0    0   76    0    0    0    0   73   80    0   63  
  81    0    0   87   71    0   85    0    0    0   63    0    0    0    0  
   0    0    0    0    0   72    0    0    0   77    0    0   78   87   78  
   0    0    0   70    0   72    0    0    0   71   71   87    0    0    0  
  80    0   76    0    0    0    0   71    0    0    0    0   83   95    0  
  95    0   72   94    0    0   81    0    0    0    0    0    0    0   92  
  90   91    0    0   81    0    0    0    0    0    0   82    0   86    0  
   0    0   85    0    0    0    0    0    0    0   94   89    0   89   72  
  96   94   88    0    0  103    0    0   87    0    0    0    0    0    0  
  87    0    0   97    0    0   88    0    0    0   87    0    0   82    0  
  97  105  111    0    0   95    0    0   99    0    0    0    0    0    0  
   0  105    0  107    0    0   97    0    0    0    0   88    0    0  102  
   0  120    0    0    0  111    0    0  110    0    0   89    0  114    0  
   0    0    0    0    0  126  119    0  102    0  119  121    0    0    0  
 103    0    0    0  124    0  104    0    0  107    0    0    0  126    0  
   0    0    0  100    0    0    0    0  133  132  113    0  136    0    0  
 122    0    0    0    0  126    0    0    0    0  133    0  122  135    0  
 109  135    0  127    0    0    0    0    0    0    0  144    0  112    0  
   0  138    0    0    0    0    0    0    0  113    0  143  145  137    0  
   0    0  117    0    0    0  130  115  152    0    0    0    0    0  133  
   0    0  114  115    0    0    0    0    0  132  141  138    0    0    0  
 121    0  132    0    0    0    0    0    0    0  124  116    0  145    0  
   0  150    0    0  160    0  144  147    0  162    0    0    0    0    0  
   0    0  127  127    0    0    0    0  162    0  152    0    0  164    0  
   0  168    0    0    0  130  122    0    0    0    0  124  125    0    0  
   0  141    0  152    0    0    0    0  153  142    0    0  124    0    0  
   0    0    0    0    0  142  139    0    0    0    0  148  159    0  135  
   0  167    0    0    0  159    0    0    0  149    0  146  133    0    0  
   0    0    0  145  174    0  144    0  149    0    0    0    0  147    0  
 176    0  163    0    0    0    0    0  165    0    0    0  145    0  179  
   0    0  150    0    0  167    0    0  192  173    0    0    0    0  165  
   0  160    0    0  189    0    0    0  195  188    0    0  170    0    0  
   0    0    0    0    0    0  165  200    0  171    0  194    0  159    0  
 169    0  193    0  155    0    0    0  198    0    0  153    0    0    0  
   0    0  158    0    0    0    0  177  182    0    0  161  212    0    0  
   0    0    0    0  189    0    0    0  214    0  206    0    0  174  192  
   0    0    0  177    0    0    0  185  188  200    0    0  218    0    0  
   0  210    0  183    0    0    0  167    0    0    0    0  181    0  185  
   0    0    0  210  233    0    0  201  215    0    0    0    0  201    0  
 172  196  218    0    0    0    0    0    0  224    0    0    0  202    0  
   0    0    0    0    0  176    0  240    0  219  227    0  238    0    0  
   0  200  206    0  181    0    0    0    0  178    0    0  178    0    0  
   0    0    0    0  193  208  244  199    0    0    0  197    0    0    0  
   0    0  180    0  201    0  186    0    0    0    0  188    0    0  191  
   0    0  213    0    0  229    0    0  215  195    0    0    0  189    0  
   0  220  184    0    0  214    0  204  211    0    0    0    0    0    0  
 218  225  198    0    0    0    0    0    0    0    0  199  212    0    0  
   0    0  223  200  240    0    0    0  244    0    0  241    0    0    0  
   0    0    0  260    0    0    0    0  234  227    0  243    0    0  243  
   0  246    0  251    0  259    0    0    0    0  246  230    0    0    0  
 261    0  212    0    0    0  228  218    0  234    0    0    0    0    0  
   0    0  268    0    0    0    0  233    0  247    0    0  242    0  257  
 246    0    0  283  266  249    0    0    0    0    0    0    0    0  264  ] 
 ] 
