K : 150
I : 5
C : 24
INSTANCE : 4
PREFERENCES : [    3    0    1    0    2  
   0    0    1    2    3  
   3    0    2    1    0  
   2    0    3    1    0  
   2    3    0    0    1  
   0    2    0    1    3  
   3    0    0    1    2  
   3    0    2    1    0  
   0    1    3    2    0  
   0    3    0    1    2  
   3    1    0    0    2  
   3    2    0    1    0  
   1    0    3    2    0  
   0    0    2    3    1  
   0    2    0    1    3  
   1    2    3    0    0  
   0    0    2    1    3  
   0    0    3    2    1  
   3    0    2    0    1  
   0    1    2    3    0  
   1    2    3    0    0  
   0    0    2    1    3  
   0    1    0    2    3  
   1    0    3    0    2  
   3    2    0    0    1  
   2    0    3    1    0  
   0    0    2    3    1  
   3    0    2    1    0  
   3    1    0    2    0  
   2    0    3    1    0  
   1    0    2    0    3  
   1    0    0    3    2  
   0    0    3    2    1  
   0    0    1    2    3  
   3    0    2    1    0  
   1    2    0    0    3  
   3    2    0    0    1  
   2    3    0    1    0  
   1    0    0    2    3  
   2    1    0    3    0  
   0    3    2    0    1  
   1    3    2    0    0  
   3    0    2    0    1  
   0    3    1    0    2  
   3    1    0    2    0  
   0    2    3    1    0  
   3    0    1    2    0  
   2    0    3    1    0  
   0    2    1    0    3  
   3    0    2    0    1  
   0    0    3    2    1  
   0    0    1    3    2  
   0    0    2    3    1  
   2    0    3    1    0  
   2    3    0    1    0  
   2    3    1    0    0  
   2    0    3    1    0  
   0    2    3    0    1  
   3    1    2    0    0  
   0    1    0    3    2  
   0    0    3    1    2  
   1    0    3    2    0  
   1    3    2    0    0  
   1    0    2    0    3  
   3    2    0    0    1  
   0    0    2    1    3  
   0    3    0    2    1  
   0    2    1    3    0  
   0    0    2    1    3  
   3    0    1    2    0  
   0    2    0    3    1  
   0    2    1    0    3  
   0    2    1    0    3  
   0    3    0    1    2  
   0    2    1    3    0  
   3    0    0    1    2  
   2    0    1    3    0  
   3    0    0    2    1  
   2    3    0    1    0  
   0    3    0    2    1  
   0    0    3    1    2  
   3    2    1    0    0  
   3    0    2    0    1  
   2    3    0    0    1  
   2    0    1    3    0  
   1    0    3    0    2  
   3    0    2    1    0  
   1    0    0    2    3  
   2    0    0    1    3  
   0    1    3    2    0  
   0    1    3    0    2  
   0    1    0    3    2  
   0    3    2    1    0  
   1    3    2    0    0  
   1    0    3    2    0  
   2    1    0    3    0  
   2    1    0    0    3  
   0    1    0    3    2  
   2    0    1    0    3  
   0    1    0    2    3  
   1    0    2    0    3  
   2    1    0    0    3  
   1    0    2    3    0  
   0    2    0    3    1  
   2    0    0    1    3  
   1    3    0    2    0  
   3    0    0    1    2  
   0    1    3    2    0  
   3    2    0    1    0  
   1    2    3    0    0  
   3    1    0    0    2  
   1    0    0    2    3  
   0    1    2    0    3  
   3    2    0    0    1  
   0    0    1    3    2  
   1    0    0    2    3  
   1    0    0    3    2  
   0    1    2    0    3  
   0    2    0    3    1  
   3    1    2    0    0  
   2    0    1    3    0  
   3    2    1    0    0  
   0    2    3    0    1  
   2    3    0    0    1  
   1    0    2    3    0  
   3    0    1    0    2  
   3    0    2    1    0  
   3    0    2    1    0  
   2    0    3    1    0  
   2    3    1    0    0  
   3    2    0    1    0  
   3    2    1    0    0  
   0    2    1    0    3  
   0    3    1    0    2  
   0    0    2    3    1  
   3    0    1    0    2  
   0    3    2    1    0  
   1    2    0    0    3  
   0    3    2    0    1  
   3    0    1    2    0  
   0    2    3    0    1  
   0    2    3    1    0  
   2    1    0    3    0  
   3    1    0    2    0  
   0    3    2    0    1  
   0    0    3    2    1  
   1    0    2    0    3  
   1    0    3    0    2  
   1    0    3    2    0  
   1    2    0    0    3  ] 
RESERVATION PRICES : [    7    0    6    0    6  
   0    0   11    9   10  
  16    0   15   14    0  
  18    0   14   17    0  
  22   23    0    0   21  
   0   23    0   21   23  
  27    0    0   22   25  
  26    0   26   28    0  
   0   26   33   32    0  
   0   34    0   31   38  
  42   36    0    0   41  
  41   34    0   45    0  
  48    0   37   38    0  
   0    0   48   44   40  
   0   43    0   54   47  
  40   41   40    0    0  
   0    0   54   44   45  
   0    0   51   48   45  
  51    0   49    0   47  
   0   46   59   51    0  
  57   55   64    0    0  
   0    0   60   62   50  
   0   56    0   66   50  
  55    0   51    0   61  
  71   70    0    0   55  
  60    0   68   62    0  
   0    0   57   71   60  
  67    0   62   60    0  
  79   68    0   77    0  
  79    0   83   85    0  
  89    0   71    0   93  
  76    0    0   99   77  
   0    0   80   99   78  
   0    0   93  104   98  
  96    0  101  100    0  
  86   97    0    0   96  
 112   93    0    0  111  
 114   94    0  108    0  
  96    0    0  124  116  
 115  133    0  130    0  
   0  116  103    0  115  
 108  120  108    0    0  
 108    0  141    0  133  
   0  129  109    0  129  
 130  149    0  114    0  
   0  121  133  135    0  
 151    0  150  135    0  
 147    0  156  149    0  
   0  149  125    0  147  
 145    0  148    0  153  
   0    0  133  150  170  
   0    0  153  128  152  
   0    0  132  170  159  
 143    0  135  166    0  
 173  140    0  146    0  
 193  166  176    0    0  
 152    0  149  158    0  
   0  151  177    0  168  
 203  155  200    0    0  
   0  156    0  186  154  
   0    0  201  157  204  
 171    0  178  156    0  
 209  176  181    0    0  
 200    0  210    0  160  
 219  227    0    0  189  
   0    0  172  211  233  
   0  208    0  216  182  
   0  193  195  226    0  
   0    0  178  226  193  
 238    0  215  236    0  
   0  193    0  210  192  
   0  245  218    0  255  
   0  225  208    0  204  
   0  205    0  265  261  
   0  256  267  264    0  
 255    0    0  239  210  
 246    0  269  216    0  
 235    0    0  237  276  
 260  222    0  257    0  
   0  224    0  251  269  
   0    0  285  274  217  
 228  299  262    0    0  
 235    0  300    0  236  
 247  285    0    0  237  
 263    0  303  263    0  
 240    0  292    0  308  
 313    0  242  301    0  
 238    0    0  233  280  
 245    0    0  282  331  
   0  295  248  307    0  
   0  252  247    0  246  
   0  245    0  299  288  
   0  268  258  261    0  
 323  347  251    0    0  
 354    0  277  308    0  
 331  312    0  346    0  
 294  339    0    0  272  
   0  307    0  311  326  
 335    0  304    0  351  
   0  291    0  320  307  
 362    0  292    0  354  
 334  329    0    0  277  
 377    0  354  300    0  
   0  384    0  295  282  
 347    0    0  357  348  
 381  388    0  334    0  
 294    0    0  310  367  
   0  292  294  354    0  
 359  366    0  383    0  
 329  356  358    0    0  
 315  372    0    0  325  
 321    0    0  306  361  
   0  321  353    0  354  
 370  347    0    0  359  
   0    0  409  361  405  
 347    0    0  332  420  
 389    0    0  426  364  
   0  347  334    0  347  
   0  368    0  346  421  
 424  389  336    0    0  
 355    0  408  460    0  
 403  442  464    0    0  
   0  468  380    0  408  
 341  446    0    0  350  
 425    0  373  344    0  
 354    0  420    0  400  
 476    0  443  447    0  
 467    0  348  360    0  
 435    0  459  489    0  
 371  421  452    0    0  
 444  453    0  410    0  
 446  389  399    0    0  
   0  403  440    0  387  
   0  481  415    0  386  
   0    0  389  388  390  
 388    0  501    0  364  
   0  434  489  369    0  
 469  443    0    0  407  
   0  495  472    0  501  
 427    0  467  454    0  
   0  487  477    0  521  
   0  481  523  480    0  
 381  518    0  412    0  
 396  476    0  479    0  
   0  415  412    0  529  
   0    0  452  419  434  
 485    0  524    0  485  
 534    0  445    0  501  
 553    0  485  417    0  
 449  548    0    0  467  ] 
 ] 
