K : 125
I : 15
C : 5
INSTANCE : 5
PREFERENCES : [    2    0    0    0    1    0    0    0    0    4    0    3    0    0    5  
   0    3    0    0    0    0    1    2    5    4    0    0    0    0    0  
   0    0    4    3    1    0    0    0    2    0    5    0    0    0    0  
   0    0    1    0    2    0    0    3    0    4    0    0    5    0    0  
   0    0    2    0    0    0    0    0    0    1    0    3    4    0    5  
   5    0    3    0    0    0    1    0    0    2    0    0    4    0    0  
   0    2    0    0    0    1    0    5    3    4    0    0    0    0    0  
   5    0    0    0    1    0    4    0    0    0    0    2    0    3    0  
   0    0    0    0    4    1    3    0    0    0    0    5    0    0    2  
   0    0    0    0    0    0    0    0    4    1    2    3    0    0    5  
   0    0    1    5    0    0    0    2    0    0    0    4    0    3    0  
   1    0    0    3    0    0    2    4    0    0    0    0    5    0    0  
   2    0    0    0    5    4    0    0    0    0    1    0    0    3    0  
   4    0    0    0    0    0    1    0    0    0    0    2    0    5    3  
   0    0    0    0    0    0    1    5    0    3    0    4    0    2    0  
   5    0    0    0    0    3    2    0    1    0    0    0    0    0    4  
   0    0    0    0    0    0    0    3    4    0    2    1    5    0    0  
   0    2    0    0    0    0    0    4    0    0    5    0    0    1    3  
   0    5    0    0    0    4    0    0    0    0    3    0    0    1    2  
   0    0    0    0    5    0    0    0    0    2    4    0    3    0    1  
   1    0    0    0    0    5    0    0    4    0    0    0    2    3    0  
   0    0    5    4    0    3    0    0    0    1    2    0    0    0    0  
   4    0    3    0    0    0    0    0    5    1    0    0    0    0    2  
   1    0    0    3    0    0    2    0    0    0    0    0    0    5    4  
   1    0    0    0    0    3    4    0    2    0    0    0    0    0    5  
   0    3    0    2    1    0    5    0    0    0    0    0    4    0    0  
   5    0    0    0    0    2    4    0    0    1    3    0    0    0    0  
   0    0    3    0    0    5    0    0    1    0    4    0    0    2    0  
   0    1    0    0    5    0    0    3    0    0    2    0    0    0    4  
   0    0    1    5    0    4    2    0    0    0    0    3    0    0    0  
   0    0    5    1    4    0    0    0    0    3    0    0    0    2    0  
   4    0    1    0    5    2    0    0    0    0    0    3    0    0    0  
   0    0    4    3    0    0    0    0    0    1    5    2    0    0    0  
   0    0    3    2    0    0    4    0    0    0    0    5    1    0    0  
   1    0    0    0    0    5    0    3    0    0    0    0    2    0    4  
   4    0    0    0    1    2    3    0    0    0    0    5    0    0    0  
   0    5    3    0    0    0    0    2    0    1    0    0    4    0    0  
   0    0    5    3    0    0    2    0    1    4    0    0    0    0    0  
   0    0    0    0    1    0    5    0    0    3    0    4    2    0    0  
   0    5    0    0    0    3    2    0    0    1    0    0    0    4    0  
   3    5    0    0    0    2    0    0    0    0    0    1    4    0    0  
   0    0    0    3    2    0    0    1    5    0    0    0    0    0    4  
   0    0    3    5    0    4    1    0    0    0    0    0    0    0    2  
   0    0    4    1    0    2    0    0    0    0    0    3    5    0    0  
   0    0    1    5    0    0    0    0    0    3    0    2    0    4    0  
   4    0    0    0    3    0    0    0    5    0    1    2    0    0    0  
   0    0    5    0    0    0    0    4    0    2    3    0    1    0    0  
   0    1    0    0    0    2    0    0    0    3    0    5    0    0    4  
   0    0    5    4    0    0    1    0    0    0    0    2    3    0    0  
   0    0    2    4    0    5    0    1    0    0    0    0    0    0    3  
   0    0    0    0    0    0    4    3    0    1    0    0    2    5    0  
   0    4    1    2    0    3    0    0    0    0    0    0    5    0    0  
   0    4    5    0    0    0    1    0    0    3    0    0    0    2    0  
   5    0    0    4    0    2    0    0    0    1    0    0    0    0    3  
   3    0    2    0    0    0    0    1    0    0    0    4    0    5    0  
   0    0    0    0    0    3    0    4    2    0    0    0    5    0    1  
   0    0    5    0    4    2    0    0    0    0    0    0    0    1    3  
   0    1    0    0    0    4    0    0    0    0    0    0    5    2    3  
   0    0    4    0    0    3    2    0    1    0    0    0    0    5    0  
   0    0    0    2    0    0    1    0    4    0    5    0    3    0    0  
   5    0    0    0    0    2    0    3    0    0    0    1    0    4    0  
   3    2    0    0    5    0    0    0    1    0    0    0    0    0    4  
   0    0    4    2    0    0    3    0    0    1    0    5    0    0    0  
   0    0    2    0    5    1    0    0    0    0    0    0    3    0    4  
   0    3    0    1    0    0    0    0    0    2    5    0    0    0    4  
   0    0    4    0    0    5    2    1    0    0    0    0    3    0    0  
   0    0    0    2    0    5    4    1    0    0    3    0    0    0    0  
   0    0    0    2    0    0    0    3    0    1    0    0    0    5    4  
   2    0    0    0    1    0    0    0    5    0    4    0    0    3    0  
   0    0    1    3    2    0    0    5    0    0    0    0    4    0    0  
   0    0    0    0    3    0    0    1    5    2    0    0    4    0    0  
   1    2    0    0    5    0    0    4    0    0    0    3    0    0    0  
   0    0    2    0    0    0    0    1    0    0    5    0    4    3    0  
   3    0    0    0    0    0    4    0    5    1    0    0    0    2    0  
   4    0    0    2    0    0    0    1    0    3    0    5    0    0    0  
   0    3    0    0    4    2    0    0    1    0    0    5    0    0    0  
   0    5    0    0    0    0    3    0    1    0    0    0    4    2    0  
   0    0    0    2    0    4    1    3    0    0    5    0    0    0    0  
   4    2    0    0    0    0    3    1    0    0    0    0    5    0    0  
   1    0    0    0    0    2    0    5    0    0    0    0    0    3    4  
   5    0    0    0    0    0    4    0    0    0    0    2    3    0    1  
   0    0    0    2    0    1    0    0    0    5    0    3    0    4    0  
   0    0    4    1    0    0    0    0    0    5    3    0    0    0    2  
   0    0    2    0    1    0    0    0    0    0    4    5    3    0    0  
   0    0    0    4    0    3    0    0    1    0    2    0    5    0    0  
   1    2    0    4    0    0    0    0    0    3    5    0    0    0    0  
   0    1    0    3    0    5    0    0    0    0    0    4    2    0    0  
   0    3    1    0    0    0    2    5    0    0    0    0    0    4    0  
   5    0    4    3    0    0    0    1    0    0    0    0    0    0    2  
   0    0    0    4    0    1    0    5    3    0    0    0    0    2    0  
   2    5    0    0    0    0    0    4    0    0    1    0    3    0    0  
   0    0    1    0    3    5    4    0    2    0    0    0    0    0    0  
   2    1    0    0    5    0    0    0    0    3    0    0    0    0    4  
   0    3    0    0    2    1    4    0    5    0    0    0    0    0    0  
   0    0    2    0    0    0    0    0    0    3    0    1    0    4    5  
   0    0    5    4    0    3    0    0    0    0    0    0    0    1    2  
   2    0    0    1    5    3    0    0    0    0    0    0    4    0    0  
   1    4    0    0    0    0    0    5    3    0    0    2    0    0    0  
   0    5    0    0    0    2    3    0    4    0    0    0    0    0    1  
   0    0    2    5    0    0    3    0    0    0    0    1    0    4    0  
   0    0    1    0    0    5    0    2    0    0    3    0    0    0    4  
   5    2    3    0    0    0    0    0    1    4    0    0    0    0    0  
   2    0    0    5    0    3    0    0    1    0    0    0    0    4    0  
   0    0    0    0    0    3    0    0    5    0    1    0    2    4    0  
   0    5    1    0    0    0    0    0    3    0    2    0    0    4    0  
   3    0    1    4    0    0    0    5    0    2    0    0    0    0    0  
   0    0    0    0    0    0    0    1    5    0    4    0    3    2    0  
   1    0    0    0    0    0    0    4    0    0    3    0    2    0    5  
   1    0    0    0    2    3    0    4    0    0    0    0    5    0    0  
   1    0    0    5    0    0    3    0    0    0    4    2    0    0    0  
   4    0    0    5    1    0    0    3    0    0    2    0    0    0    0  
   0    0    2    5    0    0    1    0    0    4    0    0    0    3    0  
   0    0    0    4    0    0    0    2    0    1    3    0    5    0    0  
   0    0    5    4    0    0    0    0    2    0    0    1    3    0    0  
   0    4    0    0    0    0    0    1    0    3    0    2    0    5    0  
   0    0    0    0    2    0    0    0    1    4    0    0    5    0    3  
   0    5    0    0    4    2    0    0    0    1    3    0    0    0    0  
   0    0    4    5    0    0    3    0    0    0    0    0    1    2    0  
   4    3    0    0    0    0    0    2    0    0    0    0    0    5    1  
   5    0    0    2    1    0    0    0    0    0    4    3    0    0    0  
   0    0    0    5    0    0    2    0    4    1    0    0    0    3    0  
   2    0    0    0    0    1    0    0    0    4    0    0    5    0    3  
   2    0    4    0    0    0    3    5    0    0    1    0    0    0    0  
   3    0    5    0    0    0    0    4    0    2    0    0    0    1    0  
   1    0    0    0    0    0    4    0    5    0    0    2    0    0    3  ] 
RESERVATION PRICES : [    8    0    0    0    9    0    0    0    0    8    0    9    0    0    8  
   0   10    0    0    0    0    8    9    8   10    0    0    0    0    0  
   0    0   12   14   12    0    0    0   14    0   12    0    0    0    0  
   0    0   13    0   14    0    0   12    0   12    0    0   13    0    0  
   0    0   19    0    0    0    0    0    0   18    0   17   16    0   17  
  15    0   15    0    0    0   16    0    0   17    0    0   20    0    0  
   0   22    0    0    0   21    0   22   21   25    0    0    0    0    0  
  32    0    0    0   24    0   24    0    0    0    0   26    0   27    0  
   0    0    0    0   35   34   30    0    0    0    0   27    0    0   33  
   0    0    0    0    0    0    0    0   37   30   29   28    0    0   33  
   0    0   34   34    0    0    0   31    0    0    0   37    0   37    0  
  31    0    0   38    0    0   31   37    0    0    0    0   35    0    0  
  39    0    0    0   36   36    0    0    0    0   44    0    0   42    0  
  45    0    0    0    0    0   42    0    0    0    0   40    0   46   46  
   0    0    0    0    0    0   41   42    0   47    0   49    0   45    0  
  42    0    0    0    0   47   46    0   46    0    0    0    0    0   58  
   0    0    0    0    0    0    0   60   48    0   54   56   53    0    0  
   0   51    0    0    0    0    0   59    0    0   59    0    0   60   58  
   0   55    0    0    0   58    0    0    0    0   64    0    0   64   56  
   0    0    0    0   53    0    0    0    0   58   62    0   68    0   63  
  62    0    0    0    0   60    0    0   69    0    0    0   53   69    0  
   0    0   60   78    0   72    0    0    0   58   78    0    0    0    0  
  71    0   77    0    0    0    0    0   80   60    0    0    0    0   81  
  65    0    0   59    0    0   72    0    0    0    0    0    0   68   76  
  72    0    0    0    0   76   73    0   65    0    0    0    0    0   87  
   0   79    0   80   70    0   75    0    0    0    0    0   80    0    0  
  86    0    0    0    0   76   66    0    0   74   85    0    0    0    0  
   0    0   71    0    0   92    0    0   82    0   80    0    0   97    0  
   0   91    0    0   97    0    0   92    0    0   97    0    0    0  101  
   0    0   84   86    0  100   78    0    0    0    0  100    0    0    0  
   0    0  103  109  106    0    0    0    0  108    0    0    0   87    0  
  89    0  103    0   93  108    0    0    0    0    0   95    0    0    0  
   0    0   97  103    0    0    0    0    0  111  103   90    0    0    0  
   0    0  105  113    0    0   96    0    0    0    0  113   88    0    0  
 111    0    0    0    0   98    0  110    0    0    0    0  102    0   89  
 102    0    0    0  108   93  116    0    0    0    0  124    0    0    0  
   0  118   92    0    0    0    0   91    0  119    0    0  103    0    0  
   0    0  100  105    0    0  120    0  120  107    0    0    0    0    0  
   0    0    0    0  110    0  100    0    0  118    0  119  133    0    0  
   0  103    0    0    0  105  105    0    0  131    0    0    0  131    0  
 130  106    0    0    0  113    0    0    0    0    0  112  140    0    0  
   0    0    0  139  113    0    0  136  113    0    0    0    0    0  134  
   0    0  151  116    0  143  148    0    0    0    0    0    0    0  110  
   0    0  156  125    0  150    0    0    0    0    0  125  125    0    0  
   0    0  152  117    0    0    0    0    0  143    0  160    0  157    0  
 152    0    0    0  161    0    0    0  141    0  150  123    0    0    0  
   0    0  149    0    0    0    0  164    0  153  136    0  151    0    0  
   0  155    0    0    0  160    0    0    0  167    0  152    0    0  151  
   0    0  133  175    0    0  141    0    0    0    0  174  174    0    0  
   0    0  148  158    0  148    0  174    0    0    0    0    0    0  162  
   0    0    0    0    0    0  138  166    0  142    0    0  175  159    0  
   0  179  165  161    0  140    0    0    0    0    0    0  164    0    0  
   0  143  196    0    0    0  157    0    0  173    0    0    0  158    0  
 159    0    0  160    0  183    0    0    0  152    0    0    0    0  160  
 162    0  169    0    0    0    0  147    0    0    0  194    0  194    0  
   0    0    0    0    0  164    0  191  186    0    0    0  157    0  168  
   0    0  165    0  193  167    0    0    0    0    0    0    0  199  181  
   0  176    0    0    0  201    0    0    0    0    0    0  196  207  179  
   0    0  175    0    0  199  203    0  187    0    0    0    0  157    0  
   0    0    0  206    0    0  213    0  179    0  165    0  203    0    0  
 193    0    0    0    0  184    0  183    0    0    0  187    0  195    0  
 177  172    0    0  217    0    0    0  188    0    0    0    0    0  183  
   0    0  203  175    0    0  181    0    0  192    0  226    0    0    0  
   0    0  192    0  181  183    0    0    0    0    0    0  209    0  191  
   0  232    0  182    0    0    0    0    0  217  196    0    0    0  200  
   0    0  225    0    0  233  180  196    0    0    0    0  185    0    0  
   0    0    0  191    0  228  178  219    0    0  221    0    0    0    0  
   0    0    0  189    0    0    0  185    0  191    0    0    0  217  221  
 232    0    0    0  213    0    0    0  217    0  184    0    0  201    0  
   0    0  247  251  221    0    0  199    0    0    0    0  193    0    0  
   0    0    0    0  223    0    0  192  209  261    0    0  249    0    0  
 267  210    0    0  230    0    0  245    0    0    0  211    0    0    0  
   0    0  207    0    0    0    0  266    0    0  241    0  232  200    0  
 275    0    0    0    0    0  227    0  245  267    0    0    0  252    0  
 245    0    0  239    0    0    0  233    0  242    0  267    0    0    0  
   0  273    0    0  208  237    0    0  284    0    0  242    0    0    0  
   0  237    0    0    0    0  285    0  285    0    0    0  243  232    0  
   0    0    0  227    0  228  245  291    0    0  214    0    0    0    0  
 276  245    0    0    0    0  215  239    0    0    0    0  244    0    0  
 242    0    0    0    0  221    0  218    0    0    0    0    0  265  265  
 271    0    0    0    0    0  244    0    0    0    0  220  251    0  218  
   0    0    0  224    0  299    0    0    0  286    0  278    0  300    0  
   0    0  270  289    0    0    0    0    0  239  271    0    0    0  236  
   0    0  253    0  252    0    0    0    0    0  259  243  222    0    0  
   0    0    0  317    0  301    0    0  258    0  278    0  260    0    0  
 233  302    0  292    0    0    0    0    0  234  249    0    0    0    0  
   0  282    0  259    0  275    0    0    0    0    0  278  308    0    0  
   0  296  267    0    0    0  300  290    0    0    0    0    0  261    0  
 244    0  317  323    0    0    0  308    0    0    0    0    0    0  289  
   0    0    0  316    0  287    0  278  321    0    0    0    0  268    0  
 246  257    0    0    0    0    0  275    0    0  263    0  275    0    0  
   0    0  339    0  252  333  280    0  284    0    0    0    0    0    0  
 332  304    0    0  290    0    0    0    0  260    0    0    0    0  299  
   0  316    0    0  350  338  257    0  287    0    0    0    0    0    0  
   0    0  292    0    0    0    0    0    0  283    0  328    0  274  279  
   0    0  257  344    0  273    0    0    0    0    0    0    0  306  266  
 288    0    0  312  267  286    0    0    0    0    0    0  322    0    0  
 269  328    0    0    0    0    0  352  282    0    0  312    0    0    0  
   0  315    0    0    0  343  290    0  365    0    0    0    0    0  276  
   0    0  355  273    0    0  281    0    0    0    0  342    0  279    0  
   0    0  280    0    0  375    0  315    0    0  332    0    0    0  295  
 339  291  305    0    0    0    0    0  332  340    0    0    0    0    0  
 331    0    0  309    0  292    0    0  310    0    0    0    0  332    0  
   0    0    0    0    0  325    0    0  355    0  343    0  345  346    0  
   0  291  363    0    0    0    0    0  315    0  292    0    0  305    0  
 305    0  311  314    0    0    0  320    0  394    0    0    0    0    0  
   0    0    0    0    0    0    0  306  395    0  395    0  329  370    0  
 379    0    0    0    0    0    0  361    0    0  371    0  292    0  396  
 342    0    0    0  293  391    0  295    0    0    0    0  382    0    0  
 317    0    0  388    0    0  394    0    0    0  307  303    0    0    0  
 411    0    0  330  380    0    0  400    0    0  375    0    0    0    0  
   0    0  364  350    0    0  346    0    0  303    0    0    0  391    0  
   0    0    0  375    0    0    0  365    0  343  347    0  383    0    0  
   0    0  380  394    0    0    0    0  356    0    0  317  325    0    0  
   0  380    0    0    0    0    0  372    0  325    0  371    0  368    0  
   0    0    0    0  415    0    0    0  373  401    0    0  332    0  339  
   0  382    0    0  329  370    0    0    0  431  324    0    0    0    0  
   0    0  419  425    0    0  353    0    0    0    0    0  427  437    0  
 331  411    0    0    0    0    0  414    0    0    0    0    0  420  375  
 340    0    0  352  390    0    0    0    0    0  400  328    0    0    0  
   0    0    0  350    0    0  409    0  413  369    0    0    0  420    0  
 333    0    0    0    0  398    0    0    0  340    0    0  329    0  413  
 432    0  385    0    0    0  423  374    0    0  339    0    0    0    0  
 360    0  344    0    0    0    0  366    0  366    0    0    0  455    0  
 403    0    0    0    0    0  345    0  451    0    0  355    0    0  408  ] 
 ] 
