K : 75
I : 10
C : 12
INSTANCE : 2
PREFERENCES : [    2    5    3    0    0    0    4    0    1    0  
   4    0    0    0    0    0    1    5    3    2  
   0    2    3    0    1    5    0    4    0    0  
   0    5    3    4    2    0    0    1    0    0  
   5    0    0    3    2    1    0    4    0    0  
   0    4    5    0    3    2    0    1    0    0  
   0    0    2    0    0    4    1    5    3    0  
   0    0    0    0    4    5    0    2    1    3  
   0    3    5    0    0    0    0    1    4    2  
   4    2    5    0    3    1    0    0    0    0  
   0    3    0    0    0    1    4    2    0    5  
   0    4    2    1    3    0    5    0    0    0  
   1    5    3    0    4    0    2    0    0    0  
   0    0    0    0    3    0    4    5    2    1  
   1    0    0    0    4    3    0    0    2    5  
   2    0    1    5    0    3    0    4    0    0  
   0    0    0    5    0    4    0    3    2    1  
   0    0    1    0    2    0    0    4    5    3  
   4    2    0    0    0    3    5    0    1    0  
   5    0    0    2    4    0    1    0    3    0  
   2    5    0    0    0    0    3    1    4    0  
   2    4    0    0    5    3    0    0    1    0  
   1    4    0    3    0    0    5    2    0    0  
   1    0    0    5    0    4    2    0    0    3  
   0    3    0    0    4    0    5    2    0    1  
   4    0    3    2    0    1    0    0    0    5  
   1    0    0    3    0    0    5    2    0    4  
   3    2    0    5    1    0    4    0    0    0  
   0    2    3    0    5    0    4    1    0    0  
   0    1    0    0    0    5    2    0    3    4  
   0    0    0    5    3    0    2    0    4    1  
   4    0    0    0    5    1    2    0    0    3  
   3    0    0    0    5    1    0    4    0    2  
   3    0    0    0    2    5    0    0    4    1  
   0    3    5    1    0    0    2    0    0    4  
   0    0    5    1    3    2    0    4    0    0  
   0    3    5    0    4    2    0    0    1    0  
   0    0    5    2    0    4    0    3    1    0  
   0    0    0    4    3    5    0    1    2    0  
   2    4    1    0    0    0    0    3    0    5  
   4    0    3    0    5    0    0    0    1    2  
   0    0    3    1    0    0    4    5    2    0  
   1    0    2    5    3    0    0    0    4    0  
   5    0    3    0    2    1    0    0    4    0  
   0    5    0    2    0    0    4    3    0    1  
   1    0    2    0    3    0    0    4    5    0  
   2    0    0    0    5    3    0    4    0    1  
   0    0    5    2    1    3    0    4    0    0  
   3    0    5    0    0    0    0    2    4    1  
   0    4    2    0    3    0    0    0    1    5  
   2    0    1    0    0    4    5    0    0    3  
   3    2    0    0    0    4    0    5    0    1  
   3    5    0    2    0    4    0    1    0    0  
   2    0    3    0    4    1    5    0    0    0  
   0    0    5    0    0    4    1    0    2    3  
   0    0    0    3    4    1    5    0    0    2  
   0    1    0    5    3    2    0    0    4    0  
   0    0    3    1    0    2    5    0    4    0  
   0    0    5    4    2    3    0    0    1    0  
   2    0    3    0    5    4    0    0    1    0  
   5    0    4    0    3    0    0    0    1    2  
   5    0    2    0    0    0    0    1    3    4  
   0    2    4    0    1    5    3    0    0    0  
   0    5    2    3    0    0    1    0    0    4  
   0    0    1    2    0    0    4    3    0    5  
   4    3    1    2    0    0    5    0    0    0  
   0    1    0    0    0    2    0    5    4    3  
   1    0    5    2    4    3    0    0    0    0  
   0    5    0    4    1    0    3    2    0    0  
   2    0    0    0    4    0    0    5    1    3  
   0    1    0    4    2    5    0    0    0    3  
   5    0    1    0    2    0    0    3    0    4  
   0    3    0    0    1    4    0    5    0    2  
   5    3    2    0    1    0    4    0    0    0  
   0    1    5    2    0    3    4    0    0    0  ] 
RESERVATION PRICES : [    7    8    9    0    0    0    8    0    7    0  
  12    0    0    0    0    0   14   11   14   12  
   0   13   17    0   16   15    0   15    0    0  
   0   18   20   22   18    0    0   20    0    0  
  25    0    0   23   26   20    0   23    0    0  
   0   25   21    0   20   23    0   24    0    0  
   0    0   25    0    0   19   23   19   20    0  
   0    0    0    0   31   25    0   24   27   25  
   0   28   28    0    0    0    0   34   30   33  
  28   27   29    0   27   30    0    0    0    0  
   0   38    0    0    0   40   40   40    0   34  
   0   36   35   41   42    0   39    0    0    0  
  40   47   38    0   41    0   42    0    0    0  
   0    0    0    0   41    0   53   44   48   44  
  43    0    0    0   43   49    0    0   45   46  
  45    0   47   58    0   47    0   57    0    0  
   0    0    0   50    0   53    0   60   57   45  
   0    0   56    0   52    0    0   60   49   57  
  52   45    0    0    0   53   52    0   49    0  
  70    0    0   69   67    0   62    0   67    0  
  58   70    0    0    0    0   63   67   67    0  
  58   62    0    0   74   66    0    0   61    0  
  65   62    0   84    0    0   66   69    0    0  
  75    0    0   75    0   61   79    0    0   71  
   0   85    0    0   81    0   77   86    0   79  
  68    0   77   73    0   86    0    0    0   81  
  94    0    0   95    0    0   85   78    0   73  
  74   81    0   92   93    0   93    0    0    0  
   0   80  101    0  101    0   94   91    0    0  
   0   80    0    0    0   89   90    0   80   82  
   0    0    0   99  105    0   93    0   94   85  
  86    0    0    0  101  107  112    0    0   92  
 107    0    0    0  119  112    0   91    0  104  
  99    0    0    0  105  111    0    0  119  106  
   0  131  106  106    0    0  127    0    0  107  
   0    0  129   97  126  131    0  126    0    0  
   0  132  105    0  114  104    0    0  127    0  
   0    0  110  104    0  100    0  129  136    0  
   0    0    0  135  133  110    0  129  112    0  
 109  124  142    0    0    0    0  135    0  125  
 114    0  145    0  132    0    0    0  129  125  
   0    0  114  125    0    0  126  115  114    0  
 117    0  137  119  120    0    0    0  143    0  
 131    0  152    0  136  137    0    0  134    0  
   0  137    0  135    0    0  121  138    0  137  
 168    0  152    0  123    0    0  156  137    0  
 163    0    0    0  142  163    0  159    0  144  
   0    0  144  166  133  134    0  153    0    0  
 132    0  139    0    0    0    0  153  178  142  
   0  133  134    0  164    0    0    0  181  160  
 169    0  153    0    0  176  190    0    0  138  
 153  172    0    0    0  195    0  149    0  157  
 154  146    0  199    0  166    0  182    0    0  
 171    0  171    0  167  170  160    0    0    0  
   0    0  205    0    0  177  171    0  177  148  
   0    0    0  153  176  184  199    0    0  176  
   0  171    0  182  176  163    0    0  197    0  
   0    0  160  182    0  173  172    0  179    0  
   0    0  171  178  198  216    0    0  202    0  
 208    0  195    0  182  174    0    0  173    0  
 192    0  195    0  183    0    0    0  176  177  
 229    0  169    0    0    0    0  187  217  211  
   0  234  232    0  235  224  235    0    0    0  
   0  215  183  205    0    0  232    0    0  173  
   0    0  223  195    0    0  243  196    0  243  
 232  201  184  213    0    0  198    0    0    0  
   0  223    0    0    0  197    0  240  196  211  
 205    0  193  250  217  225    0    0    0    0  
   0  252    0  260  250    0  206  220    0    0  
 257    0    0    0  248    0    0  228  195  258  
   0  270    0  229  194  194    0    0    0  263  
 218    0  217    0  236    0    0  255    0  196  
   0  266    0    0  241  250    0  269    0  221  
 230  230  243    0  236    0  267    0    0    0  
   0  263  247  209    0  208  246    0    0    0  ] 
 ] 
