K : 100
I : 15
C : 4
INSTANCE : 1
PREFERENCES : [    4    0    0    5    0    2    0    0    0    0    0    3    1    0    0  
   0    2    0    3    0    0    0    0    1    0    4    0    0    5    0  
   3    0    0    0    1    0    0    0    5    0    0    4    0    2    0  
   0    0    1    0    3    0    0    5    2    0    0    0    0    4    0  
   5    0    0    0    0    0    0    2    4    0    0    0    3    0    1  
   0    0    0    0    0    0    0    3    4    5    1    2    0    0    0  
   0    3    0    5    0    0    0    1    0    0    4    2    0    0    0  
   0    1    0    5    3    0    0    0    0    0    0    2    0    0    4  
   0    0    0    0    2    1    4    0    0    0    0    0    0    5    3  
   0    1    2    5    0    0    0    0    0    0    0    0    4    3    0  
   3    0    0    0    1    0    0    2    0    0    0    0    4    0    5  
   2    0    0    0    0    0    0    0    0    5    3    0    4    0    1  
   0    0    0    0    0    4    5    3    0    1    0    0    0    0    2  
   0    0    0    5    1    2    0    3    0    0    0    0    0    4    0  
   0    0    0    0    4    0    5    3    0    0    0    1    0    2    0  
   0    0    0    0    3    4    1    0    0    0    2    0    0    0    5  
   1    0    0    2    0    0    0    0    0    0    0    4    3    5    0  
   0    0    0    1    5    0    0    4    0    0    0    3    0    0    2  
   5    0    4    1    0    0    0    0    0    0    0    0    3    0    2  
   0    0    0    2    0    0    0    1    0    5    0    4    3    0    0  
   2    0    0    1    5    0    0    3    4    0    0    0    0    0    0  
   0    2    0    0    0    0    5    0    0    0    0    4    3    0    1  
   0    0    0    0    0    3    0    0    0    0    5    2    4    0    1  
   0    1    3    2    0    0    0    0    4    0    0    0    0    5    0  
   0    0    0    4    0    0    0    0    3    0    0    1    0    2    5  
   0    0    0    0    2    0    0    0    3    1    5    0    0    0    4  
   3    5    0    0    0    4    0    0    0    0    1    0    2    0    0  
   3    0    0    0    5    2    0    4    0    0    0    0    1    0    0  
   0    0    0    4    3    0    0    2    0    0    0    1    0    5    0  
   0    0    0    0    5    0    0    3    1    2    0    4    0    0    0  
   2    0    1    4    0    0    0    0    0    0    0    5    0    3    0  
   0    0    0    1    0    0    0    4    3    0    2    0    0    5    0  
   0    0    1    0    0    0    3    2    4    0    0    5    0    0    0  
   0    0    4    2    1    0    0    5    0    0    0    0    0    3    0  
   0    0    0    4    0    0    0    0    0    0    1    5    2    0    3  
   0    0    4    0    0    0    0    0    5    0    3    1    0    2    0  
   0    1    0    3    0    0    2    0    0    5    0    4    0    0    0  
   2    5    0    0    1    0    3    0    0    4    0    0    0    0    0  
   4    0    0    5    0    0    3    0    0    0    1    0    0    2    0  
   0    0    0    0    1    5    0    0    3    0    0    2    0    0    4  
   0    5    0    0    0    0    0    0    3    4    2    1    0    0    0  
   0    0    0    4    0    1    0    0    0    0    0    3    0    2    5  
   0    0    0    3    1    2    0    5    0    0    0    0    4    0    0  
   0    0    2    0    5    0    4    0    0    3    0    1    0    0    0  
   0    3    0    0    0    0    2    0    0    0    1    0    0    5    4  
   2    4    3    0    0    0    0    0    0    1    0    0    0    0    5  
   0    0    4    0    5    0    0    2    1    0    3    0    0    0    0  
   0    0    1    0    0    0    4    5    0    0    2    3    0    0    0  
   0    0    4    2    0    1    0    0    5    0    0    0    3    0    0  
   0    0    0    0    2    0    0    4    0    3    5    0    1    0    0  
   3    0    2    1    0    4    0    0    5    0    0    0    0    0    0  
   0    0    0    5    0    0    2    3    0    0    0    1    0    4    0  
   0    0    0    0    0    2    0    0    0    5    1    4    3    0    0  
   3    0    5    2    0    0    0    0    0    0    4    0    1    0    0  
   0    0    0    2    0    3    0    5    0    0    0    4    1    0    0  
   2    5    0    0    1    0    0    0    0    0    3    0    0    4    0  
   0    0    2    0    0    0    3    0    1    0    5    0    0    0    4  
   0    4    0    2    0    0    0    0    5    0    0    3    1    0    0  
   4    2    0    0    0    0    0    3    0    0    5    0    1    0    0  
   5    0    0    3    2    0    0    1    0    0    0    0    4    0    0  
   0    3    0    0    4    0    1    0    0    2    0    0    0    0    5  
   4    0    0    0    0    0    0    5    0    2    1    3    0    0    0  
   3    0    2    4    0    0    5    0    1    0    0    0    0    0    0  
   0    1    5    0    4    0    0    0    3    0    0    0    0    2    0  
   0    0    2    0    4    3    0    0    5    1    0    0    0    0    0  
   5    0    0    4    3    0    0    0    0    0    0    0    1    2    0  
   0    0    0    1    0    0    0    5    4    3    0    0    0    0    2  
   5    0    0    0    4    0    2    0    0    0    1    0    0    0    3  
   0    0    0    0    2    0    0    0    3    0    4    1    0    5    0  
   0    3    2    0    0    0    0    0    5    0    0    0    1    4    0  
   1    0    0    0    5    0    0    0    0    3    2    4    0    0    0  
   2    4    0    0    0    0    0    0    5    1    0    0    0    0    3  
   0    2    0    0    0    0    0    1    4    0    0    5    0    0    3  
   0    5    0    4    2    3    0    0    0    0    0    0    0    1    0  
   0    0    0    2    0    0    0    4    5    0    0    1    0    3    0  
   3    1    4    0    0    0    0    0    0    2    0    0    5    0    0  
   0    0    0    1    0    3    2    0    0    4    0    5    0    0    0  
   4    0    0    3    0    5    2    0    0    0    0    0    0    0    1  
   5    4    0    0    0    0    1    3    0    0    0    0    2    0    0  
   0    4    0    1    0    0    0    0    5    0    0    0    3    0    2  
   1    0    0    4    3    0    2    0    5    0    0    0    0    0    0  
   0    4    2    0    0    1    0    3    0    0    0    0    5    0    0  
   0    0    5    0    1    2    0    0    3    0    0    0    4    0    0  
   0    0    0    1    0    0    0    4    0    5    0    0    2    3    0  
   0    0    0    4    0    0    2    5    0    0    0    0    0    1    3  
   0    0    0    1    5    0    0    0    0    2    3    0    4    0    0  
   0    0    0    0    2    0    1    0    3    5    4    0    0    0    0  
   0    0    0    5    2    4    0    1    0    0    0    0    3    0    0  
   0    1    3    0    0    0    5    0    0    4    0    2    0    0    0  
   2    1    5    0    4    0    0    0    3    0    0    0    0    0    0  
   0    0    0    2    3    1    5    0    4    0    0    0    0    0    0  
   1    0    0    4    5    0    0    0    3    0    0    2    0    0    0  
   1    0    3    0    5    0    0    4    0    0    0    0    2    0    0  
   0    0    0    0    5    0    3    0    0    4    0    0    2    1    0  
   0    5    3    0    2    0    0    0    1    0    0    0    4    0    0  
   0    0    4    0    0    2    5    0    3    0    0    0    1    0    0  
   2    0    5    0    0    1    0    0    0    4    0    0    0    0    3  
   0    0    1    0    0    3    0    0    0    4    0    0    5    2    0  
   0    0    0    0    0    0    3    0    0    0    5    1    4    0    2  
   0    0    4    3    0    0    0    0    5    1    0    0    0    0    2  ] 
RESERVATION PRICES : [    8    0    0    8    0   10    0    0    0    0    0    8    9    0    0  
   0    9    0    8    0    0    0    0    8    0   10    0    0    9    0  
   8    0    0    0   10    0    0    0    9    0    0    9    0   10    0  
   0    0    9    0    8    0    0    9   10    0    0    0    0    9    0  
  10    0    0    0    0    0    0    9   11    0    0    0   10    0   11  
   0    0    0    0    0    0    0   13   12   12   14   12    0    0    0  
   0   17    0   21    0    0    0   17    0    0   23   18    0    0    0  
   0   18    0   18   22    0    0    0    0    0    0   17    0    0   20  
   0    0    0    0   20   21   22    0    0    0    0    0    0   19   19  
   0   27   29   31    0    0    0    0    0    0    0    0   28   33    0  
  30    0    0    0   30    0    0   38    0    0    0    0   38    0   36  
  37    0    0    0    0    0    0    0    0   35   31    0   28    0   34  
   0    0    0    0    0   35   39   36    0   40    0    0    0    0   42  
   0    0    0   41   41   37    0   39    0    0    0    0    0   39    0  
   0    0    0    0   40    0   47   46    0    0    0   42    0   38    0  
   0    0    0    0   55   41   55    0    0    0   42    0    0    0   52  
  52    0    0   42    0    0    0    0    0    0    0   50   41   54    0  
   0    0    0   57   51    0    0   47    0    0    0   52    0    0   54  
  59    0   62   53    0    0    0    0    0    0    0    0   45    0   45  
   0    0    0   49    0    0    0   53    0   55    0   50   53    0    0  
  54    0    0   59   65    0    0   50   49    0    0    0    0    0    0  
   0   60    0    0    0    0   59    0    0    0    0   69   62    0   54  
   0    0    0    0    0   59    0    0    0    0   66   70   79    0   67  
   0   80   74   79    0    0    0    0   65    0    0    0    0   74    0  
   0    0    0   73    0    0    0    0   72    0    0   81    0   78   74  
   0    0    0    0   66    0    0    0   65   74   66    0    0    0   72  
  70   93    0    0    0   90    0    0    0    0   92    0   88    0    0  
  80    0    0    0   81   96    0   74    0    0    0    0   95    0    0  
   0    0    0   98   74    0    0   76    0    0    0   91    0   90    0  
   0    0    0    0  105    0    0   95   93   97    0   86    0    0    0  
  91    0   89   83    0    0    0    0    0    0    0   89    0   81    0  
   0    0    0   93    0    0    0  100   97    0  110    0    0  105    0  
   0    0   86    0    0    0  101   91  110    0    0   88    0    0    0  
   0    0  104  114   94    0    0  113    0    0    0    0    0   98    0  
   0    0    0  120    0    0    0    0    0    0  110  107  113    0  121  
   0    0  100    0    0    0    0    0  115    0  109  101    0  110    0  
   0   98    0  109    0    0  105    0    0   99    0  120    0    0    0  
 132  118    0    0  112    0  103    0    0  108    0    0    0    0    0  
 114    0    0  120    0    0  126    0    0    0  140    0    0  132    0  
   0    0    0    0  126  150    0    0  115    0    0  123    0    0  140  
   0  128    0    0    0    0    0    0  120  116  138  114    0    0    0  
   0    0    0  142    0  134    0    0    0    0    0  134    0  139  129  
   0    0    0  136  114  128    0  127    0    0    0    0  139    0    0  
   0    0  151    0  157    0  133    0    0  148    0  136    0    0    0  
   0  160    0    0    0    0  148    0    0    0  154    0    0  147  151  
 141  143  155    0    0    0    0    0    0  146    0    0    0    0  154  
   0    0  163    0  164    0    0  172  146    0  152    0    0    0    0  
   0    0  151    0    0    0  174  138    0    0  131  171    0    0    0  
   0    0  171  138    0  163    0    0  173    0    0    0  149    0    0  
   0    0    0    0  152    0    0  168    0  182  168    0  148    0    0  
 172    0  140  173    0  176    0    0  146    0    0    0    0    0    0  
   0    0    0  163    0    0  186  153    0    0    0  188    0  157    0  
   0    0    0    0    0  147    0    0    0  170  168  146  179    0    0  
 172    0  154  155    0    0    0    0    0    0  177    0  145    0    0  
   0    0    0  196    0  174    0  178    0    0    0  165  198    0    0  
 159  179    0    0  177    0    0    0    0    0  187    0    0  196    0  
   0    0  173    0    0    0  169    0  177    0  204    0    0    0  186  
   0  207    0  161    0    0    0    0  153    0    0  182  176    0    0  
 177  201    0    0    0    0    0  167    0    0  192    0  159    0    0  
 188    0    0  209  212    0    0  165    0    0    0    0  173    0    0  
   0  188    0    0  211    0  214    0    0  179    0    0    0    0  176  
 188    0    0    0    0    0    0  163    0  225  209  226    0    0    0  
 166    0  167  173    0    0  171    0  209    0    0    0    0    0    0  
   0  203  182    0  217    0    0    0  199    0    0    0    0  209    0  
   0    0  225    0  170  235    0    0  211  180    0    0    0    0    0  
 241    0    0  189  200    0    0    0    0    0    0    0  205  180    0  
   0    0    0  207    0    0    0  210  224  205    0    0    0    0  215  
 192    0    0    0  199    0  222    0    0    0  244    0    0    0  211  
   0    0    0    0  211    0    0    0  207    0  185  194    0  205    0  
   0  222  245    0    0    0    0    0  228    0    0    0  244  183    0  
 193    0    0    0  232    0    0    0    0  197  222  230    0    0    0  
 247  230    0    0    0    0    0    0  254  254    0    0    0    0  191  
   0  219    0    0    0    0    0  211  234    0    0  205    0    0  226  
   0  211    0  250  225  269    0    0    0    0    0    0    0  241    0  
   0    0    0  260    0    0    0  224  225    0    0  254    0  277    0  
 227  247  273    0    0    0    0    0    0  219    0    0  273    0    0  
   0    0    0  265    0  222  233    0    0  224    0  259    0    0    0  
 260    0    0  291    0  253  233    0    0    0    0    0    0    0  285  
 236  226    0    0    0    0  243  224    0    0    0    0  271    0    0  
   0  215    0  247    0    0    0    0  266    0    0    0  294    0  243  
 254    0    0  294  275    0  236    0  241    0    0    0    0    0    0  
   0  283  255    0    0  239    0  280    0    0    0    0  276    0    0  
   0    0  296    0  246  314    0    0  316    0    0    0  263    0    0  
   0    0    0  299    0    0    0  283    0  247    0    0  266  299    0  
   0    0    0  291    0    0  320  312    0    0    0    0    0  315  268  
   0    0    0  318  260    0    0    0    0  279  265    0  324    0    0  
   0    0    0    0  315    0  236    0  240  237  280    0    0    0    0  
   0    0    0  308  265  243    0  265    0    0    0    0  294    0    0  
   0  306  286    0    0    0  265    0    0  280    0  297    0    0    0  
 249  256  340    0  247    0    0    0  244    0    0    0    0    0    0  
   0    0    0  339  302  306  258    0  314    0    0    0    0    0    0  
 283    0    0  342  295    0    0    0  329    0    0  256    0    0    0  
 349    0  264    0  337    0    0  312    0    0    0    0  282    0    0  
   0    0    0    0  266    0  356    0    0  337    0    0  357  289    0  
   0  298  362    0  263    0    0    0  310    0    0    0  329    0    0  
   0    0  273    0    0  304  322    0  299    0    0    0  347    0    0  
 338    0  297    0    0  278    0    0    0  264    0    0    0    0  338  
   0    0  292    0    0  360    0    0    0  351    0    0  279  306    0  
   0    0    0    0    0    0  300    0    0    0  287  348  289    0  345  
   0    0  368  276    0    0    0    0  343  271    0    0    0    0  352  ] 
 ] 
