K : 125
I : 15
C : 13
INSTANCE : 2
PREFERENCES : [    0    0    0    3    1    0    0    2    5    0    0    4    0    0    0  
   0    5    0    2    0    0    0    0    4    3    1    0    0    0    0  
   0    4    0    3    0    0    0    0    0    2    0    5    0    0    1  
   0    4    0    0    0    2    0    0    0    5    0    1    3    0    0  
   0    5    0    2    0    0    1    0    0    0    0    0    3    0    4  
   0    0    0    2    1    0    0    0    0    5    4    3    0    0    0  
   0    0    2    0    0    0    0    0    5    0    1    3    0    0    4  
   0    2    0    0    0    0    4    0    0    3    5    0    0    0    1  
   0    0    0    1    5    0    0    3    0    0    0    0    0    4    2  
   1    0    0    0    0    0    0    3    5    0    0    0    2    0    4  
   0    1    0    3    0    5    0    0    2    0    0    0    0    0    4  
   0    2    4    3    0    0    0    0    0    0    0    0    1    0    5  
   5    0    3    0    0    4    2    0    0    1    0    0    0    0    0  
   4    0    5    0    0    2    0    0    0    0    0    1    0    3    0  
   0    0    0    1    2    3    5    0    0    0    0    0    0    0    4  
   0    0    3    0    0    2    0    4    1    5    0    0    0    0    0  
   0    0    1    4    2    0    0    0    0    5    0    0    3    0    0  
   0    0    5    2    0    0    0    0    0    4    0    0    3    0    1  
   1    0    0    0    3    0    0    0    0    5    0    2    4    0    0  
   0    0    0    0    0    1    3    0    4    5    0    0    0    0    2  
   0    1    4    0    0    0    0    5    0    3    0    0    2    0    0  
   4    3    0    0    0    2    0    0    0    0    5    0    0    1    0  
   2    0    0    4    0    0    0    0    0    3    5    0    0    0    1  
   0    0    0    3    0    0    5    0    2    0    1    0    0    4    0  
   0    0    0    2    0    1    5    0    0    0    0    4    3    0    0  
   0    0    0    0    1    2    5    0    0    0    0    0    3    0    4  
   1    4    2    0    0    0    0    0    0    0    3    0    0    5    0  
   0    4    0    0    0    1    0    0    5    0    3    0    0    0    2  
   0    0    0    0    0    3    5    1    0    2    0    0    4    0    0  
   0    0    0    4    0    5    0    1    0    0    0    3    2    0    0  
   0    0    0    0    3    1    0    5    0    0    0    0    4    0    2  
   0    4    0    0    0    1    0    0    2    0    3    0    0    0    5  
   2    0    0    0    0    0    4    3    0    0    0    1    5    0    0  
   0    5    0    3    0    0    2    4    1    0    0    0    0    0    0  
   1    0    2    0    0    0    0    0    0    3    0    0    0    5    4  
   0    4    0    0    0    0    0    3    0    1    2    0    0    0    5  
   0    0    3    0    2    0    4    0    1    0    0    0    5    0    0  
   0    0    0    0    0    4    0    5    0    0    2    3    1    0    0  
   0    0    0    0    0    0    3    0    0    5    4    0    1    0    2  
   0    0    4    0    0    2    0    0    5    3    0    0    1    0    0  
   0    0    3    0    4    0    0    0    0    0    5    0    2    1    0  
   2    1    0    0    0    0    0    0    0    0    0    5    0    4    3  
   0    0    0    3    0    0    5    0    4    2    0    0    0    0    1  
   3    0    0    1    0    0    0    0    0    4    0    5    0    0    2  
   0    0    5    0    3    0    1    0    0    0    2    0    0    0    4  
   0    0    0    0    3    0    0    1    0    0    2    0    4    5    0  
   0    0    0    3    0    0    0    0    0    4    0    2    0    1    5  
   0    0    0    4    0    3    0    0    1    0    0    2    5    0    0  
   3    0    0    0    0    0    2    0    0    0    4    0    0    5    1  
   0    1    0    5    3    2    4    0    0    0    0    0    0    0    0  
   1    4    0    0    3    0    5    2    0    0    0    0    0    0    0  
   0    1    0    0    0    0    0    4    3    0    0    0    0    5    2  
   0    3    0    0    0    4    0    0    0    5    0    0    2    1    0  
   1    0    5    0    0    0    0    0    0    3    0    0    4    0    2  
   0    1    2    4    0    0    5    0    0    0    0    3    0    0    0  
   4    0    0    5    2    0    0    1    0    0    0    0    0    0    3  
   5    0    0    0    2    0    0    0    0    0    1    0    0    3    4  
   0    0    0    4    2    0    1    3    0    0    0    0    5    0    0  
   0    2    0    0    0    1    0    0    0    0    0    4    3    0    5  
   0    0    0    0    2    0    1    0    4    5    0    0    0    3    0  
   0    0    0    5    1    2    0    3    0    0    4    0    0    0    0  
   4    0    0    0    0    0    2    0    3    0    0    0    1    0    5  
   0    0    0    0    0    3    2    1    0    0    5    0    0    0    4  
   5    0    0    0    3    1    4    2    0    0    0    0    0    0    0  
   4    0    5    1    0    0    0    0    2    0    0    3    0    0    0  
   0    0    5    0    0    2    0    1    0    0    0    3    0    4    0  
   0    1    0    5    0    2    0    0    0    3    0    4    0    0    0  
   0    0    0    0    0    0    0    5    4    0    0    2    0    1    3  
   0    2    0    5    0    0    0    0    4    3    1    0    0    0    0  
   5    3    4    0    0    0    0    1    2    0    0    0    0    0    0  
   0    0    0    2    0    0    3    1    0    4    0    0    0    5    0  
   0    0    3    0    2    0    0    0    0    0    0    1    5    0    4  
   0    0    0    0    0    0    0    4    0    5    2    3    1    0    0  
   4    0    1    2    0    0    0    0    0    0    0    0    5    3    0  
   4    5    0    0    0    0    0    0    0    1    0    2    3    0    0  
   0    0    4    0    0    0    3    0    5    0    0    0    0    2    1  
   0    0    0    3    4    1    0    2    0    0    0    0    5    0    0  
   5    4    0    1    0    0    0    0    0    0    3    0    0    2    0  
   4    5    3    0    1    2    0    0    0    0    0    0    0    0    0  
   2    4    0    3    0    0    0    0    1    0    5    0    0    0    0  
   0    0    2    3    0    0    1    0    0    0    4    0    5    0    0  
   5    1    0    4    3    0    0    0    2    0    0    0    0    0    0  
   0    0    0    4    0    0    0    0    0    2    0    5    3    0    1  
   0    4    0    0    0    5    2    1    0    0    0    0    0    3    0  
   0    0    3    0    0    0    4    2    0    1    0    0    0    0    5  
   1    2    0    0    0    0    0    0    0    0    3    5    4    0    0  
   0    0    0    4    1    0    0    3    0    5    0    0    0    0    2  
   4    5    0    2    3    0    0    0    0    0    0    0    1    0    0  
   0    3    0    1    0    5    0    2    0    0    0    0    0    4    0  
   0    0    5    0    1    3    4    0    0    2    0    0    0    0    0  
   0    5    0    2    0    3    0    0    0    4    1    0    0    0    0  
   2    0    0    4    0    0    0    5    1    0    0    0    3    0    0  
   0    0    0    5    4    0    2    0    0    0    1    0    3    0    0  
   2    0    0    5    0    4    0    0    0    0    0    0    0    3    1  
   0    0    2    0    0    0    3    0    0    4    0    5    1    0    0  
   0    0    2    0    0    0    5    0    0    0    3    0    1    4    0  
   3    1    2    0    0    5    0    0    4    0    0    0    0    0    0  
   0    0    0    2    4    0    1    0    0    0    3    0    5    0    0  
   3    0    0    0    4    0    0    0    0    2    0    1    0    0    5  
   0    0    0    4    0    0    3    1    0    5    0    0    0    0    2  
   2    3    4    0    0    0    0    1    0    0    0    0    0    5    0  
   0    0    0    1    0    4    5    0    0    2    0    0    0    0    3  
   2    3    0    5    0    0    4    0    0    0    0    1    0    0    0  
   0    0    5    0    0    0    3    1    0    0    2    0    0    4    0  
   0    1    0    4    0    5    0    0    0    2    0    0    3    0    0  
   0    0    3    0    0    0    0    0    1    0    2    0    0    5    4  
   0    0    0    0    0    5    4    3    0    0    0    2    1    0    0  
   0    0    0    0    1    0    2    0    0    0    0    3    5    0    4  
   0    2    0    1    0    5    0    0    0    0    0    4    0    0    3  
   0    4    0    0    1    0    0    2    0    0    3    0    0    0    5  
   5    0    1    0    3    0    0    0    0    0    2    4    0    0    0  
   3    0    0    4    0    0    5    0    0    0    0    1    0    2    0  
   0    4    0    0    5    0    2    0    0    0    0    1    0    3    0  
   0    2    0    4    0    0    0    0    5    0    0    0    0    3    1  
   1    0    0    0    4    3    0    0    0    0    0    5    2    0    0  
   0    0    0    4    1    3    0    0    5    0    0    2    0    0    0  
   0    2    0    0    0    0    0    1    0    5    0    4    3    0    0  
   0    4    0    0    0    0    0    5    0    0    3    1    0    2    0  
   0    2    0    1    0    0    3    0    0    4    0    0    0    0    5  
   3    4    0    0    1    0    0    2    0    0    0    0    0    5    0  
   5    0    4    0    0    0    0    0    0    0    0    3    2    1    0  
   0    5    0    4    0    0    0    0    1    0    0    0    0    3    2  
   0    0    2    3    0    0    0    4    0    5    0    0    0    0    1  
   3    0    1    0    0    0    4    5    0    0    0    2    0    0    0  
   4    1    0    0    5    0    0    3    0    0    0    0    0    0    2  ] 
RESERVATION PRICES : [    0    0    0    8    9    0    0   10    8    0    0    9    0    0    0  
   0    9    0   10    0    0    0    0   10    9   10    0    0    0    0  
   0   16    0   19    0    0    0    0    0   19    0   17    0    0   15  
   0   19    0    0    0   23    0    0    0   22    0   17   21    0    0  
   0   19    0   17    0    0   17    0    0    0    0    0   20    0   23  
   0    0    0   23   19    0    0    0    0   25   23   25    0    0    0  
   0    0   26    0    0    0    0    0   30    0   24   24    0    0   27  
   0   35    0    0    0    0   32    0    0   38   38    0    0    0   31  
   0    0    0   29   34    0    0   33    0    0    0    0    0   28   34  
  38    0    0    0    0    0    0   30   31    0    0    0   32    0   34  
   0   37    0   32    0   40    0    0   34    0    0    0    0    0   42  
   0   43   40   37    0    0    0    0    0    0    0    0   43    0   33  
  36    0   45    0    0   36   49    0    0   36    0    0    0    0    0  
  45    0   40    0    0   44    0    0    0    0    0   43    0   40    0  
   0    0    0   40   49   45   39    0    0    0    0    0    0    0   38  
   0    0   42    0    0   39    0   41   53   49    0    0    0    0    0  
   0    0   57   47   57    0    0    0    0   60    0    0   59    0    0  
   0    0   56   51    0    0    0    0    0   47    0    0   48    0   51  
  66    0    0    0   63    0    0    0    0   63    0   67   65    0    0  
   0    0    0    0    0   69   57    0   53   67    0    0    0    0   68  
   0   65   73    0    0    0    0   65    0   69    0    0   63    0    0  
  81   66    0    0    0   76    0    0    0    0   65    0    0   69    0  
  72    0    0   83    0    0    0    0    0   84   65    0    0    0   82  
   0    0    0   86    0    0   68    0   76    0   75    0    0   70    0  
   0    0    0   81    0   92   76    0    0    0    0   86   76    0    0  
   0    0    0    0   97   95   94    0    0    0    0    0   78    0   85  
  96   81  105    0    0    0    0    0    0    0  100    0    0   97    0  
   0   84    0    0    0   96    0    0   86    0   88    0    0    0  111  
   0    0    0    0    0   92  114   87    0  101    0    0  103    0    0  
   0    0    0   87    0   98    0  112    0    0    0  114  114    0    0  
   0    0    0    0   99   89    0  101    0    0    0    0   94    0  116  
   0   92    0    0    0   99    0    0   96    0  100    0    0    0   97  
  95    0    0    0    0    0  100  109    0    0    0  122  128    0    0  
   0  128    0  117    0    0  119  130  105    0    0    0    0    0    0  
 124    0  134    0    0    0    0    0    0  107    0    0    0  133  113  
   0  116    0    0    0    0    0  117    0  136  126    0    0    0  140  
   0    0  126    0  106    0  142    0  131    0    0    0  113    0    0  
   0    0    0    0    0  127    0  146    0    0  145  111  119    0    0  
   0    0    0    0    0    0  132    0    0  111  126    0  149    0  135  
   0    0  134    0    0  135    0    0  131  120    0    0  159    0    0  
   0    0  132    0  158    0    0    0    0    0  121    0  120  149    0  
 137  164    0    0    0    0    0    0    0    0    0  128    0  166  129  
   0    0    0  128    0    0  168    0  160  159    0    0    0    0  154  
 156    0    0  146    0    0    0    0    0  127    0  125    0    0  136  
   0    0  156    0  142    0  151    0    0    0  164    0    0    0  140  
   0    0    0    0  134    0    0  173    0    0  173    0  163  165    0  
   0    0    0  149    0    0    0    0    0  143    0  184    0  141  159  
   0    0    0  185    0  144    0    0  175    0    0  139  184    0    0  
 179    0    0    0    0    0  148    0    0    0  169    0    0  174  178  
   0  150    0  181  159  167  170    0    0    0    0    0    0    0    0  
 153  191    0    0  187    0  163  163    0    0    0    0    0    0    0  
   0  168    0    0    0    0    0  147  179    0    0    0    0  172  179  
   0  152    0    0    0  202    0    0    0  158    0    0  155  166    0  
 206    0  187    0    0    0    0    0    0  196    0    0  201    0  166  
   0  177  211  176    0    0  200    0    0    0    0  205    0    0    0  
 194    0    0  215  188    0    0  197    0    0    0    0    0    0  214  
 183    0    0    0  195    0    0    0    0    0  159    0    0  203  205  
   0    0    0  227  214    0  171  166    0    0    0    0  181    0    0  
   0  230    0    0    0  176    0    0    0    0    0  186  201    0  231  
   0    0    0    0  227    0  199    0  233  217    0    0    0  208    0  
   0    0    0  234  170  182    0  189    0    0  204    0    0    0    0  
 200    0    0    0    0    0  188    0  208    0    0    0  235    0  186  
   0    0    0    0    0  206  237  217    0    0  187    0    0    0  216  
 197    0    0    0  233  204  226  216    0    0    0    0    0    0    0  
 233    0  256  201    0    0    0    0  195    0    0  229    0    0    0  
   0    0  210    0    0  194    0  185    0    0    0  230    0  229    0  
   0  233    0  229    0  205    0    0    0  255    0  198    0    0    0  
   0    0    0    0    0    0    0  205  230    0    0  260    0  208  222  
   0  250    0  258    0    0    0    0  192  197  251    0    0    0    0  
 217  203  242    0    0    0    0  215  199    0    0    0    0    0    0  
   0    0    0  262    0    0  230  264    0  234    0    0    0  256    0  
   0    0  242    0  238    0    0    0    0    0    0  214  239    0  206  
   0    0    0    0    0    0    0  256    0  239  213  213  250    0    0  
 213    0  267  272    0    0    0    0    0    0    0    0  247  279    0  
 282  271    0    0    0    0    0    0    0  270    0  203  276    0    0  
   0    0  228    0    0    0  257    0  230    0    0    0    0  282  282  
   0    0    0  212  245  211    0  293    0    0    0    0  220    0    0  
 284  259    0  248    0    0    0    0    0    0  241    0    0  217    0  
 292  286  227    0  278  278    0    0    0    0    0    0    0    0    0  
 256  266    0  267    0    0    0    0  289    0  257    0    0    0    0  
   0    0  252  245    0    0  226    0    0    0  283    0  271    0    0  
 258  246    0  263  231    0    0    0  310    0    0    0    0    0    0  
   0    0    0  309    0    0    0    0    0  229    0  226  302    0  262  
   0  306    0    0    0  292  253  315    0    0    0    0    0  267    0  
   0    0  282    0    0    0  268  318    0  261    0    0    0    0  271  
 255  316    0    0    0    0    0    0    0    0  236  275  286    0    0  
   0    0    0  254  273    0    0  326    0  242    0    0    0    0  298  
 262  242    0  263  280    0    0    0    0    0    0    0  284    0    0  
   0  318    0  284    0  282    0  257    0    0    0    0    0  301    0  
   0    0  248    0  299  277  330    0    0  270    0    0    0    0    0  
   0  329    0  272    0  308    0    0    0  271  257    0    0    0    0  
 249    0    0  317    0    0    0  323  304    0    0    0  334    0    0  
   0    0    0  344  349    0  251    0    0    0  326    0  340    0    0  
 336    0    0  322    0  303    0    0    0    0    0    0    0  311  262  
   0    0  353    0    0    0  325    0    0  271    0  310  357    0    0  
   0    0  331    0    0    0  263    0    0    0  345    0  345  277    0  
 363  363  271    0    0  330    0    0  334    0    0    0    0    0    0  
   0    0    0  296  327    0  323    0    0    0  329    0  360    0    0  
 327    0    0    0  375    0    0    0    0  378    0  309    0    0  339  
   0    0    0  274    0    0  308  280    0  355    0    0    0    0  304  
 358  381  296    0    0    0    0  337    0    0    0    0    0  285    0  
   0    0    0  385    0  311  296    0    0  361    0    0    0    0  364  
 353  380    0  388    0    0  389    0    0    0    0  388    0    0    0  
   0    0  296    0    0    0  317  373    0    0  349    0    0  360    0  
   0  401    0  333    0  349    0    0    0  326    0    0  372    0    0  
   0    0  362    0    0    0    0    0  355    0  328    0    0  372  376  
   0    0    0    0    0  376  353  321    0    0    0  348  338    0    0  
   0    0    0    0  370    0  360    0    0    0    0  362  353    0  389  
   0  315    0  308    0  304    0    0    0    0    0  385    0    0  310  
   0  322    0    0  338    0    0  367    0    0  312    0    0    0  330  
 349    0  412    0  332    0    0    0    0    0  360  314    0    0    0  
 332    0    0  321    0    0  370    0    0    0    0  425    0  412    0  
   0  423    0    0  339    0  321    0    0    0    0  335    0  332    0  
   0  360    0  369    0    0    0    0  404    0    0    0    0  351  394  
 434    0    0    0  423  442    0    0    0    0    0  353  421    0    0  
   0    0    0  343  325  368    0    0  431    0    0  427    0    0    0  
   0  322    0    0    0    0    0  357    0  360    0  325  393    0    0  
   0  431    0    0    0    0    0  370    0    0  452  363    0  381    0  
   0  422    0  430    0    0  447    0    0  448    0    0    0    0  411  
 340  415    0    0  385    0    0  394    0    0    0    0    0  422    0  
 369    0  450    0    0    0    0    0    0    0    0  340  361  367    0  
   0  354    0  401    0    0    0    0  439    0    0    0    0  426  415  
   0    0  424  447    0    0    0  412    0  426    0    0    0    0  429  
 453    0  358    0    0    0  461  422    0    0    0  389    0    0    0  
 366  343    0    0  420    0    0  376    0    0    0    0    0    0  454  ] 
 ] 
