K : 125
I : 5
C : 25
INSTANCE : 4
PREFERENCES : [    3    2    0    0    1  
   1    2    3    0    0  
   3    1    0    2    0  
   1    0    3    2    0  
   2    0    3    1    0  
   0    3    0    1    2  
   1    0    3    2    0  
   1    2    0    3    0  
   2    3    0    1    0  
   1    3    2    0    0  
   0    3    1    2    0  
   2    3    0    1    0  
   0    3    2    0    1  
   1    0    2    3    0  
   1    0    2    3    0  
   0    0    1    3    2  
   2    0    1    0    3  
   0    0    1    3    2  
   0    2    1    0    3  
   0    1    3    0    2  
   0    3    1    2    0  
   0    2    3    0    1  
   0    2    1    3    0  
   3    2    0    1    0  
   3    1    2    0    0  
   1    0    0    3    2  
   3    0    0    2    1  
   2    3    0    0    1  
   2    0    0    3    1  
   2    0    3    0    1  
   0    0    2    1    3  
   1    3    0    0    2  
   0    2    1    3    0  
   0    1    2    3    0  
   0    3    2    0    1  
   2    1    0    0    3  
   1    0    3    2    0  
   1    3    0    0    2  
   0    0    1    2    3  
   1    0    3    0    2  
   1    3    2    0    0  
   0    0    1    2    3  
   0    1    3    2    0  
   3    1    0    2    0  
   0    1    0    2    3  
   1    2    3    0    0  
   0    1    0    2    3  
   0    3    2    1    0  
   1    0    0    2    3  
   3    0    2    1    0  
   0    3    1    2    0  
   0    0    2    1    3  
   2    0    1    3    0  
   3    1    2    0    0  
   1    0    3    0    2  
   2    0    1    0    3  
   0    0    2    1    3  
   2    0    1    0    3  
   3    0    2    0    1  
   1    0    0    3    2  
   0    2    1    3    0  
   3    1    0    2    0  
   3    0    1    2    0  
   0    0    1    2    3  
   0    3    1    2    0  
   2    0    3    1    0  
   0    0    2    3    1  
   0    0    3    2    1  
   2    3    0    0    1  
   3    0    2    1    0  
   3    0    1    0    2  
   0    2    0    3    1  
   3    2    0    0    1  
   3    1    0    0    2  
   0    3    2    0    1  
   0    0    3    1    2  
   1    2    3    0    0  
   0    1    3    2    0  
   0    0    3    2    1  
   3    0    0    1    2  
   1    0    3    0    2  
   1    0    2    0    3  
   0    0    1    2    3  
   0    3    1    0    2  
   1    0    0    2    3  
   0    2    1    0    3  
   0    3    1    2    0  
   0    2    0    1    3  
   3    2    0    0    1  
   2    3    1    0    0  
   0    2    0    1    3  
   2    3    0    1    0  
   1    0    0    2    3  
   0    3    1    2    0  
   3    2    0    0    1  
   0    1    3    0    2  
   0    3    0    2    1  
   0    0    1    2    3  
   0    1    0    2    3  
   0    2    0    1    3  
   0    3    0    1    2  
   1    2    0    0    3  
   3    2    0    1    0  
   0    2    3    0    1  
   0    1    2    3    0  
   0    2    3    1    0  
   0    1    0    2    3  
   0    0    3    2    1  
   0    2    1    3    0  
   2    0    1    3    0  
   1    0    2    3    0  
   0    0    3    1    2  
   1    0    0    2    3  
   0    1    2    3    0  
   0    1    2    3    0  
   2    0    1    3    0  
   1    3    0    0    2  
   0    1    0    3    2  
   0    0    1    2    3  
   3    0    0    2    1  
   2    0    3    1    0  
   1    3    2    0    0  
   2    3    1    0    0  
   0    0    1    2    3  
   1    0    0    3    2  ] 
RESERVATION PRICES : [    6    6    0    0    6  
  13   12   14    0    0  
  15   16    0   14    0  
  23    0   21   21    0  
  24    0   22   22    0  
   0   27    0   29   28  
  30    0   33   29    0  
  33   37    0   35    0  
  33   45    0   42    0  
  50   46   52    0    0  
   0   52   48   42    0  
  55   55    0   58    0  
   0   54   48    0   49  
  51    0   67   49    0  
  61    0   62   69    0  
   0    0   55   70   54  
  58    0   67    0   58  
   0    0   74   74   72  
   0   70   77    0   61  
   0   65   65    0   70  
   0   78   83   68    0  
   0   86   81    0   95  
   0   82   80   85    0  
  88   77    0   89    0  
 101  101   99    0    0  
  99    0    0   85  111  
  92    0    0  120   96  
  93  116    0    0  100  
 102    0    0  119  101  
 123    0  107    0  103  
   0    0  103  127  128  
 118  111    0    0  132  
   0  136  106  105    0  
   0  134  137  133    0  
   0  136  109    0  110  
 147  152    0    0  120  
 126    0  154  155    0  
 127  148    0    0  134  
   0    0  154  158  142  
 129    0  133    0  159  
 126  167  151    0    0  
   0    0  167  161  158  
   0  152  170  134    0  
 137  178    0  176    0  
   0  163    0  173  149  
 161  161  161    0    0  
   0  142    0  146  162  
   0  181  135  162    0  
 166    0    0  137  186  
 151    0  156  176    0  
   0  149  153  185    0  
   0    0  181  150  190  
 189    0  160  156    0  
 203  200  147    0    0  
 171    0  185    0  197  
 211    0  184    0  211  
   0    0  160  196  157  
 182    0  165    0  182  
 227    0  187    0  170  
 195    0    0  217  170  
   0  209  182  172    0  
 191  203    0  225    0  
 221    0  195  228    0  
   0    0  193  199  232  
   0  235  208  232    0  
 228    0  227  194    0  
   0    0  228  254  214  
   0    0  189  245  210  
 211  247    0    0  260  
 197    0  204  205    0  
 241    0  218    0  250  
   0  257    0  223  241  
 261  200    0    0  201  
 238  274    0    0  226  
   0  215  268    0  247  
   0    0  245  233  211  
 274  242  208    0    0  
   0  224  215  252    0  
   0    0  290  275  288  
 274    0    0  252  225  
 220    0  240    0  269  
 222    0  220    0  278  
   0    0  227  265  277  
   0  283  289    0  233  
 230    0    0  286  297  
   0  292  240    0  286  
   0  257  285  240    0  
   0  292    0  261  254  
 314  314    0    0  237  
 257  258  316    0    0  
   0  329    0  318  311  
 281  278    0  275    0  
 289    0    0  326  312  
   0  323  305  333    0  
 335  309    0    0  330  
   0  291  255    0  273  
   0  256    0  316  338  
   0    0  307  302  350  
   0  335    0  346  305  
   0  293    0  317  331  
   0  291    0  275  335  
 286  295    0    0  371  
 379  324    0  278    0  
   0  380  356    0  281  
   0  333  309  377    0  
   0  321  336  378    0  
   0  345    0  344  327  
   0    0  374  341  337  
   0  309  310  357    0  
 337    0  347  386    0  
 310    0  312  357    0  
   0    0  403  310  342  
 404    0    0  368  410  
   0  394  367  348    0  
   0  392  367  345    0  
 385    0  381  407    0  
 405  333    0    0  340  
   0  315    0  325  387  
   0    0  384  381  383  
 327    0    0  408  398  
 429    0  360  369    0  
 400  429  342    0    0  
 347  397  423    0    0  
   0    0  430  442  357  
 349    0    0  363  421  ] 
 ] 
