K : 125
I : 10
C : 5
INSTANCE : 4
PREFERENCES : [    2    0    4    3    5    1    0    0    0    0  
   0    0    0    4    0    3    0    5    1    2  
   0    0    2    1    3    5    0    0    0    4  
   0    2    0    0    3    0    5    1    4    0  
   0    5    0    0    3    0    4    0    2    1  
   3    0    4    0    2    0    1    5    0    0  
   0    5    0    3    0    0    4    2    1    0  
   0    2    1    3    0    0    0    5    0    4  
   0    3    0    0    0    1    4    0    2    5  
   4    0    3    0    2    0    0    1    0    5  
   3    2    0    4    1    0    0    0    0    5  
   0    0    2    1    0    0    3    5    0    4  
   2    0    0    0    5    0    0    1    3    4  
   0    1    0    3    4    0    5    0    0    2  
   0    0    1    0    3    0    4    0    2    5  
   2    0    3    0    0    0    1    5    0    4  
   5    0    2    1    4    0    3    0    0    0  
   0    1    0    2    5    4    3    0    0    0  
   3    2    1    0    5    0    0    0    0    4  
   1    0    0    0    4    5    3    0    2    0  
   0    0    4    2    5    3    0    0    1    0  
   0    0    5    1    0    3    4    0    0    2  
   2    5    0    0    0    4    0    3    0    1  
   0    0    5    0    0    0    1    2    4    3  
   3    5    4    0    0    1    0    0    2    0  
   2    0    0    3    0    0    1    0    4    5  
   4    2    0    5    0    3    0    0    1    0  
   1    0    0    2    0    0    5    4    0    3  
   0    2    3    1    0    5    0    0    4    0  
   5    0    0    3    2    4    0    0    0    1  
   5    0    0    0    3    2    4    1    0    0  
   4    0    2    1    3    0    0    0    5    0  
   3    2    5    1    0    4    0    0    0    0  
   0    0    0    0    4    2    3    0    5    1  
   1    3    5    0    0    4    0    0    0    2  
   2    4    0    3    0    0    5    0    0    1  
   3    5    0    0    0    1    2    4    0    0  
   1    3    0    0    0    0    4    5    0    2  
   3    5    2    0    0    1    0    0    4    0  
   0    0    2    0    1    0    5    3    0    4  
   0    4    3    0    1    0    2    0    5    0  
   0    3    4    0    2    1    5    0    0    0  
   0    0    0    0    4    2    0    1    5    3  
   4    1    2    0    0    0    3    0    0    5  
   0    0    0    4    3    5    0    0    2    1  
   0    5    4    2    3    0    0    0    0    1  
   0    0    3    0    0    2    5    4    1    0  
   5    0    0    1    3    0    0    0    2    4  
   0    5    0    1    3    4    0    2    0    0  
   2    1    5    3    0    0    0    0    4    0  
   2    0    0    1    0    5    0    3    4    0  
   5    0    0    4    3    0    0    1    2    0  
   1    3    0    4    0    5    0    0    2    0  
   1    0    0    4    0    2    5    3    0    0  
   0    3    5    0    0    4    1    0    0    2  
   0    4    0    1    2    0    5    0    3    0  
   0    0    0    3    1    0    5    4    0    2  
   2    3    0    5    0    4    0    0    0    1  
   0    0    0    0    0    4    2    3    5    1  
   0    1    0    0    3    5    0    0    4    2  
   0    0    0    5    0    2    1    0    3    4  
   0    3    1    2    4    0    0    0    5    0  
   0    2    4    5    3    0    1    0    0    0  
   0    3    1    0    0    4    0    2    0    5  
   2    0    0    4    5    0    0    3    1    0  
   2    3    0    0    5    0    1    0    4    0  
   0    0    4    0    5    3    0    2    1    0  
   0    0    0    3    5    2    1    4    0    0  
   0    4    5    0    0    1    3    2    0    0  
   3    4    0    0    0    0    5    0    1    2  
   0    0    3    5    0    4    1    0    2    0  
   5    0    0    0    1    3    4    0    0    2  
   3    1    0    2    0    0    5    0    0    4  
   0    3    0    1    0    2    0    4    0    5  
   1    3    0    0    5    0    0    2    0    4  
   5    0    1    2    0    0    3    4    0    0  
   4    5    0    0    2    3    0    0    0    1  
   0    0    0    5    2    0    4    3    1    0  
   1    5    2    4    0    0    3    0    0    0  
   0    4    0    0    0    3    0    2    1    5  
   3    5    0    0    4    0    2    0    0    1  
   0    3    0    0    0    2    5    1    4    0  
   4    0    0    0    0    0    3    1    5    2  
   0    1    0    0    2    0    4    0    5    3  
   4    5    0    0    0    3    2    1    0    0  
   4    0    1    5    3    0    2    0    0    0  
   0    0    3    5    4    1    0    2    0    0  
   2    0    5    0    0    3    0    0    1    4  
   0    5    4    3    1    0    2    0    0    0  
   0    4    3    0    0    0    1    5    0    2  
   0    5    0    0    4    3    2    1    0    0  
   2    0    0    3    4    5    1    0    0    0  
   0    0    2    3    1    0    0    5    0    4  
   0    0    4    3    1    2    5    0    0    0  
   0    0    1    4    0    0    2    0    3    5  
   2    1    0    5    0    0    0    0    4    3  
   0    0    2    4    0    3    5    1    0    0  
   0    0    2    0    3    0    0    4    5    1  
   0    4    0    0    0    0    2    3    1    5  
   0    5    0    0    2    0    1    4    0    3  
   1    2    0    0    5    0    0    0    4    3  
   2    0    0    0    1    0    3    4    5    0  
   0    1    2    0    0    5    3    0    0    4  
   5    0    0    4    0    3    0    1    0    2  
   0    0    2    4    5    3    0    0    0    1  
   5    0    2    4    0    0    0    1    3    0  
   4    0    0    0    3    2    5    0    1    0  
   0    0    0    1    5    4    2    0    3    0  
   0    0    0    5    1    3    0    2    0    4  
   2    0    0    0    0    4    0    3    1    5  
   0    0    0    1    3    5    4    0    0    2  
   0    0    5    0    0    3    4    1    2    0  
   2    3    0    0    1    5    4    0    0    0  
   1    0    0    3    5    2    0    4    0    0  
   0    1    0    5    0    3    4    2    0    0  
   0    0    0    2    0    0    5    3    4    1  
   5    0    3    0    0    2    1    0    4    0  
   0    3    0    1    0    4    0    5    2    0  
   0    1    5    0    0    3    2    0    0    4  
   0    5    2    4    0    3    0    0    1    0  
   4    0    1    0    0    5    0    2    3    0  
   0    4    0    1    0    3    5    2    0    0  
   1    0    3    2    0    5    0    4    0    0  
   2    0    0    3    0    5    0    4    0    1  
   0    0    0    0    5    0    4    2    1    3  ] 
RESERVATION PRICES : [    8    0    9    8    8    7    0    0    0    0  
   0    0    0    7    0    8    0    8    7    9  
   0    0    9    9   10   10    0    0    0   10  
   0   17    0    0   17    0   14   15   13    0  
   0   24    0    0   22    0   21    0   18   24  
  24    0   23    0   25    0   22   22    0    0  
   0   26    0   25    0    0   22   27   28    0  
   0   31   32   31    0    0    0   25    0   24  
   0   33    0    0    0   37   33    0   33   38  
  38    0   40    0   33    0    0   41    0   34  
  34   41    0   40   41    0    0    0    0   40  
   0    0   42   37    0    0   39   35    0   46  
  49    0    0    0   49    0    0   40   49   49  
   0   48    0   36   49    0   44    0    0   43  
   0    0   42    0   53    0   52    0   48   47  
  54    0   45    0    0    0   58   53    0   54  
  51    0   54   58   55    0   48    0    0    0  
   0   54    0   68   66   59   59    0    0    0  
  60   68   62    0   59    0    0    0    0   64  
  70    0    0    0   60   65   66    0   69    0  
   0    0   79   70   79   79    0    0   79    0  
   0    0   67   70    0   72   71    0    0   88  
  65   83    0    0    0   69    0   73    0   67  
   0    0   88    0    0    0   77   73   68   84  
  92   71   79    0    0   87    0    0   96    0  
  74    0    0  103    0    0   75    0   92   87  
  80   86    0   94    0   79    0    0  106    0  
  93    0    0   80    0    0   98  106    0   98  
   0   98   92   91    0   99    0    0  105    0  
 110    0    0  101  107  114    0    0    0   96  
  92    0    0    0  107  107  107  122    0    0  
  89    0   94   97  102    0    0    0  105    0  
 104  117   97  103    0  119    0    0    0    0  
   0    0    0    0  102  115  125    0  109  115  
 118  124  131    0    0  120    0    0    0  123  
 118  115    0  127    0    0   99    0    0  115  
 134  124    0    0    0  121  138  103    0    0  
 123  108    0    0    0    0  134  132    0  121  
 147  122  138    0    0  132    0    0  108    0  
   0    0  142    0  112    0  128  140    0  115  
   0  118  149    0  127    0  137    0  151    0  
   0  133  126    0  133  149  142    0    0    0  
   0    0    0    0  127  157    0  135  128  127  
 133  166  139    0    0    0  161    0    0  145  
   0    0    0  148  140  163    0    0  125  127  
   0  143  136  135  143    0    0    0    0  163  
   0    0  140    0    0  166  155  152  166    0  
 184    0    0  162  147    0    0    0  186  141  
   0  172    0  171  191  155    0  172    0    0  
 173  180  181  177    0    0    0    0  165    0  
 164    0    0  164    0  145    0  162  162    0  
 177    0    0  172  182    0    0  178  198    0  
 191  184    0  204    0  208    0    0  166    0  
 177    0    0  213    0  195  162  190    0    0  
   0  170  201    0    0  163  217    0    0  192  
   0  165    0  194  175    0  209    0  167    0  
   0    0    0  217  202    0  211  205    0  200  
 192  216    0  183    0  193    0    0    0  172  
   0    0    0    0    0  217  229  225  196  189  
   0  233    0    0  230  189    0    0  213  185  
   0    0    0  180    0  177  179    0  180  180  
   0  226  218  246  200    0    0    0  235    0  
   0  244  241  238  216    0  197    0    0    0  
   0  234  213    0    0  219    0  187    0  249  
 258    0    0  231  211    0    0  258  210    0  
 213  210    0    0  252    0  242    0  256    0  
   0    0  223    0  203  251    0  243  213    0  
   0    0    0  202  241  245  249  248    0    0  
   0  238  194    0    0  230  269  205    0    0  
 229  276    0    0    0    0  231    0  254  252  
   0    0  208  219    0  228  263    0  205    0  
 265    0    0    0  246  261  249    0    0  223  
 268  234    0  227    0    0  230    0    0  279  
   0  212    0  244    0  214    0  264    0  247  
 253  221    0    0  223    0    0  245    0  291  
 247    0  288  220    0    0  252  240    0    0  
 236  304    0    0  277  251    0    0    0  274  
   0    0    0  283  294    0  301  225  302    0  
 295  228  299  252    0    0  233    0    0    0  
   0  300    0    0    0  282    0  281  262  264  
 286  268    0    0  299    0  245    0    0  250  
   0  257    0    0    0  296  250  291  280    0  
 262    0    0    0    0    0  307  291  251  249  
   0  273    0    0  260    0  249    0  242  304  
 300  276    0    0    0  279  311  287    0    0  
 316    0  300  303  298    0  326    0    0    0  
   0    0  323  289  292  280    0  280    0    0  
 313    0  276    0    0  286    0    0  304  302  
   0  280  329  255  274    0  315    0    0    0  
   0  309  264    0    0    0  278  263    0  324  
   0  302    0    0  308  336  341  342    0    0  
 289    0    0  347  328  295  256    0    0    0  
   0    0  330  309  325    0    0  355    0  303  
   0    0  266  354  311  256  348    0    0    0  
   0    0  323  276    0    0  294    0  266  289  
 272  366    0  328    0    0    0    0  285  328  
   0    0  267  323    0  278  285  279    0    0  
   0    0  279    0  321    0    0  335  371  333  
   0  282    0    0    0    0  320  360  306  315  
   0  295    0    0  310    0  351  333    0  371  
 293  349    0    0  381    0    0    0  309  312  
 308    0    0    0  345    0  342  326  288    0  
   0  389  293    0    0  305  335    0    0  360  
 319    0    0  346    0  383    0  392    0  305  
   0    0  345  323  359  374    0    0    0  371  
 330    0  333  345    0    0    0  335  293    0  
 333    0    0    0  336  377  383    0  315    0  
   0    0    0  389  346  354  338    0  410    0  
   0    0    0  386  378  338    0  411    0  418  
 399    0    0    0    0  328    0  308  416  400  
   0    0    0  416  420  402  371    0    0  427  
   0    0  339    0    0  361  411  366  351    0  
 429  369    0    0  411  431  322    0    0    0  
 322    0    0  404  426  330    0  327    0    0  
   0  357    0  370    0  336  355  384    0    0  
   0    0    0  432    0    0  375  401  399  380  
 350    0  427    0    0  426  376    0  434    0  
   0  427    0  430    0  367    0  361  377    0  
   0  376  441    0    0  443  421    0    0  395  
   0  387  390  422    0  444    0    0  430    0  
 327    0  385    0    0  434    0  332  380    0  
   0  399    0  387    0  402  453  406    0    0  
 331    0  344  329    0  410    0  345    0    0  
 458    0    0  364    0  394    0  338    0  432  
   0    0    0    0  444    0  421  434  394  467  ] 
 ] 
