K : 100
I : 15
C : 20
INSTANCE : 1
PREFERENCES : [    0    1    0    5    4    0    2    0    0    0    0    3    0    0    0  
   5    0    0    0    0    0    1    0    0    0    3    4    2    0    0  
   0    1    5    0    0    4    0    2    0    0    0    0    0    0    3  
   5    3    0    4    0    0    0    1    0    2    0    0    0    0    0  
   0    5    0    0    0    0    2    4    0    0    0    0    3    1    0  
   0    0    0    5    3    0    0    0    0    1    0    2    4    0    0  
   0    0    3    4    0    0    2    0    0    5    0    0    0    1    0  
   4    0    0    0    2    0    0    0    5    0    1    0    0    0    3  
   0    2    0    0    1    0    4    3    0    0    0    0    5    0    0  
   5    0    0    1    0    0    0    0    3    0    0    2    4    0    0  
   0    0    3    0    0    0    0    2    0    0    0    1    0    4    5  
   2    5    0    0    4    0    0    1    3    0    0    0    0    0    0  
   5    0    2    0    0    0    0    0    4    0    0    0    1    0    3  
   2    0    0    0    0    0    3    4    1    0    0    0    0    0    5  
   2    0    0    0    0    3    5    0    1    0    4    0    0    0    0  
   2    0    0    3    0    0    0    4    0    0    0    1    0    0    5  
   0    3    0    5    0    0    0    2    0    0    1    0    0    0    4  
   0    3    0    1    5    0    0    0    4    0    0    2    0    0    0  
   0    0    0    4    0    2    0    0    0    0    1    3    0    5    0  
   0    0    0    1    0    0    0    3    0    0    5    2    0    4    0  
   0    4    0    3    0    5    0    1    0    0    0    0    0    0    2  
   0    2    0    0    3    0    1    0    0    0    4    0    5    0    0  
   2    3    0    0    0    0    0    4    0    0    5    1    0    0    0  
   0    0    0    0    1    3    4    0    2    0    0    0    0    0    5  
   1    0    3    5    0    0    0    2    0    4    0    0    0    0    0  
   5    0    2    0    0    0    3    0    1    0    4    0    0    0    0  
   4    0    0    0    0    0    2    3    0    0    1    0    5    0    0  
   0    0    5    0    2    4    0    1    0    0    0    0    0    3    0  
   1    4    0    5    0    0    2    0    0    0    0    0    0    3    0  
   0    0    1    2    5    0    0    4    0    0    0    3    0    0    0  
   0    3    5    4    1    0    2    0    0    0    0    0    0    0    0  
   0    0    1    3    0    4    0    0    0    0    5    0    2    0    0  
   0    0    0    0    1    0    0    0    0    0    2    5    3    4    0  
   3    2    0    0    0    0    4    0    0    0    0    1    5    0    0  
   1    0    4    0    5    3    0    0    0    0    2    0    0    0    0  
   4    0    0    2    0    0    0    1    5    0    0    0    3    0    0  
   2    0    5    0    0    0    0    0    0    0    0    1    0    4    3  
   0    0    0    0    0    2    0    0    0    4    3    0    5    0    1  
   0    0    5    4    1    0    0    0    3    0    2    0    0    0    0  
   4    3    0    0    5    1    0    0    0    0    0    0    0    0    2  
   0    4    0    0    1    0    5    0    0    2    0    0    3    0    0  
   3    1    0    5    0    4    2    0    0    0    0    0    0    0    0  
   3    0    1    0    4    0    0    0    0    0    5    2    0    0    0  
   0    0    5    0    4    0    0    0    0    2    1    0    0    0    3  
   0    0    5    0    0    1    0    0    3    0    0    2    0    0    4  
   0    0    0    0    4    0    0    1    2    0    5    0    3    0    0  
   1    0    0    0    0    0    0    5    3    2    0    0    0    0    4  
   0    4    1    5    0    0    0    2    3    0    0    0    0    0    0  
   0    0    0    4    0    0    0    5    0    1    0    2    3    0    0  
   0    0    0    1    0    5    0    0    0    0    4    0    3    2    0  
   0    0    0    0    5    0    0    0    0    3    2    0    4    1    0  
   5    3    0    0    0    0    1    0    0    0    2    0    4    0    0  
   0    3    2    4    0    0    0    0    0    5    1    0    0    0    0  
   1    5    4    0    2    3    0    0    0    0    0    0    0    0    0  
   0    0    0    0    4    2    0    5    0    3    0    1    0    0    0  
   3    5    0    2    0    0    0    4    0    1    0    0    0    0    0  
   0    0    0    5    4    1    0    0    2    0    0    0    0    3    0  
   5    2    0    0    0    0    1    0    0    0    3    0    0    4    0  
   0    0    0    0    2    0    5    0    0    0    0    3    0    1    4  
   0    0    5    0    3    0    0    4    0    1    0    0    0    0    2  
   3    2    0    0    0    0    1    0    0    5    0    0    0    0    4  
   0    0    1    0    3    4    0    0    2    0    0    0    5    0    0  
   3    0    0    0    0    0    0    0    2    0    5    0    4    1    0  
   2    4    3    1    0    0    0    0    0    0    0    0    0    5    0  
   0    0    0    4    0    0    2    5    0    1    0    3    0    0    0  
   5    0    0    0    0    4    0    0    0    1    0    0    3    0    2  
   4    0    0    0    0    1    0    0    0    3    5    0    2    0    0  
   0    0    0    0    3    0    0    4    1    5    2    0    0    0    0  
   3    2    0    0    0    0    0    0    5    1    0    0    4    0    0  
   4    0    1    5    0    3    0    0    0    0    0    0    0    2    0  
   0    2    0    0    0    5    4    3    0    0    1    0    0    0    0  
   0    0    0    0    2    4    0    5    0    0    3    0    0    1    0  
   0    1    0    0    5    0    0    0    3    4    0    0    0    0    2  
   0    0    4    0    0    0    0    5    0    3    1    2    0    0    0  
   0    2    0    0    0    0    0    0    1    0    5    4    0    0    3  
   0    0    3    0    0    4    0    0    0    1    5    0    0    0    2  
   1    0    0    0    0    5    0    0    2    0    0    0    3    4    0  
   0    5    3    0    2    1    0    4    0    0    0    0    0    0    0  
   4    0    0    0    0    0    2    0    0    5    0    1    3    0    0  
   0    0    0    0    5    0    0    1    4    0    0    2    0    0    3  
   3    0    0    0    0    0    4    0    5    0    0    2    0    0    1  
   0    0    2    0    0    0    0    1    0    4    0    0    3    0    5  
   3    1    0    0    0    5    0    0    0    0    0    0    0    2    4  
   0    4    1    0    2    0    0    0    3    0    0    5    0    0    0  
   0    0    0    0    3    0    1    2    0    0    4    5    0    0    0  
   0    5    0    0    3    0    0    4    0    2    0    0    0    0    1  
   0    0    5    3    0    4    0    0    0    0    1    0    0    2    0  
   0    0    2    0    4    0    0    0    3    1    0    0    0    5    0  
   0    0    0    2    4    0    0    0    5    1    0    0    0    3    0  
   0    0    0    0    5    0    0    0    4    0    0    0    2    3    1  
   0    2    0    5    0    0    0    0    1    3    0    0    0    4    0  
   0    0    1    0    0    4    0    0    3    0    0    5    2    0    0  
   2    4    0    0    0    0    3    0    5    0    1    0    0    0    0  
   0    0    2    1    0    0    0    3    0    5    4    0    0    0    0  
   0    0    1    0    0    2    0    0    0    0    3    4    0    5    0  
   0    0    0    1    0    0    3    4    0    2    5    0    0    0    0  
   0    0    0    4    0    5    3    0    0    0    2    1    0    0    0  
   5    0    0    1    0    0    4    0    3    0    0    0    0    0    2  
   0    0    0    1    2    0    5    0    0    0    0    0    4    3    0  
   0    0    0    3    1    0    0    4    0    5    0    0    0    2    0  ] 
RESERVATION PRICES : [    0    6    0    7    6    0    7    0    0    0    0    6    0    0    0  
   9    0    0    0    0    0   11    0    0    0   11   11   10    0    0  
   0   14   16    0    0   17    0   14    0    0    0    0    0    0   15  
  21   19    0   19    0    0    0   21    0   17    0    0    0    0    0  
   0   20    0    0    0    0   22   24    0    0    0    0   26   26    0  
   0    0    0   20   24    0    0    0    0   26    0   20   27    0    0  
   0    0   32   31    0    0   28    0    0   25    0    0    0   29    0  
  34    0    0    0   33    0    0    0   28    0   32    0    0    0   29  
   0   37    0    0   32    0   34   37    0    0    0    0   36    0    0  
  36    0    0   41    0    0    0    0   34    0    0   47   47    0    0  
   0    0   34    0    0    0    0   35    0    0    0   46    0   42   36  
  38   46    0    0   47    0    0   48   48    0    0    0    0    0    0  
  53    0   45    0    0    0    0    0   42    0    0    0   56    0   51  
  43    0    0    0    0    0   52   57   51    0    0    0    0    0   58  
  54    0    0    0    0   55   49    0   56    0   52    0    0    0    0  
  52    0    0   60    0    0    0   57    0    0    0   54    0    0   62  
   0   60    0   55    0    0    0   57    0    0   64    0    0    0   70  
   0   57    0   67   67    0    0    0   75    0    0   63    0    0    0  
   0    0    0   59    0   65    0    0    0    0   55   74    0   74    0  
   0    0    0   77    0    0    0   75    0    0   79   61    0   76    0  
   0   69    0   64    0   77    0   65    0    0    0    0    0    0   71  
   0   68    0    0   80    0   75    0    0    0   68    0   79    0    0  
  62   77    0    0    0    0    0   83    0    0   77   84    0    0    0  
   0    0    0    0   79   65   89    0   86    0    0    0    0    0   89  
  66    0   73   69    0    0    0   88    0   82    0    0    0    0    0  
  90    0   70    0    0    0   79    0   86    0   71    0    0    0    0  
  85    0    0    0    0    0   91   86    0    0   84    0   80    0    0  
   0    0   93    0   86   86    0   96    0    0    0    0    0   94    0  
  87   89    0   77    0    0  100    0    0    0    0    0    0   85    0  
   0    0   80   86   95    0    0  105    0    0    0   95    0    0    0  
   0   81   87   85   84    0  106    0    0    0    0    0    0    0    0  
   0    0  106  108    0   87    0    0    0    0  105    0  102    0    0  
   0    0    0    0  109    0    0    0    0    0   89  103   79  100    0  
  95  109    0    0    0    0  106    0    0    0    0  116   89    0    0  
  89    0   89    0   89  112    0    0    0    0  113    0    0    0    0  
  88    0    0   98    0    0    0  105  116    0    0    0   87    0    0  
 106    0   98    0    0    0    0    0    0    0    0  113    0  104  101  
   0    0    0    0    0  116    0    0    0  128  126    0  121    0  103  
   0    0  109  128  126    0    0    0  118    0  135    0    0    0    0  
 125  114    0    0  130  111    0    0    0    0    0    0    0    0  130  
   0  126    0    0  125    0  133    0    0  127    0    0  125    0    0  
 118  117    0  110    0  142  147    0    0    0    0    0    0    0    0  
 135    0  128    0  116    0    0    0    0    0  135  114    0    0    0  
   0    0  139    0  128    0    0    0    0  132  126    0    0    0  133  
   0    0  157    0    0  141    0    0  141    0    0  135    0    0  146  
   0    0    0    0  129    0    0  148  130    0  138    0  153    0    0  
 122    0    0    0    0    0    0  164  122  133    0    0    0    0  123  
   0  152  127  154    0    0    0  133  165    0    0    0    0    0    0  
   0    0    0  172    0    0    0  145    0  152    0  138  173    0    0  
   0    0    0  135    0  146    0    0    0    0  144    0  173  162    0  
   0    0    0    0  177    0    0    0    0  152  173    0  148  158    0  
 188  141    0    0    0    0  151    0    0    0  176    0  191    0    0  
   0  141  140  171    0    0    0    0    0  151  169    0    0    0    0  
 159  167  192    0  148  170    0    0    0    0    0    0    0    0    0  
   0    0    0    0  158  191    0  156    0  202    0  172    0    0    0  
 178  184    0  177    0    0    0  170    0  168    0    0    0    0    0  
   0    0    0  178  197  161    0    0  206    0    0    0    0  207    0  
 161  169    0    0    0    0  165    0    0    0  199    0    0  176    0  
   0    0    0    0  160    0  212    0    0    0    0  190    0  163  212  
   0    0  192    0  167    0    0  191    0  201    0    0    0    0  184  
 171  200    0    0    0    0  220    0    0  207    0    0    0    0  199  
   0    0  190    0  180  167    0    0  198    0    0    0  196    0    0  
 204    0    0    0    0    0    0    0  174    0  191    0  225  190    0  
 210  209  174  203    0    0    0    0    0    0    0    0    0  214    0  
   0    0    0  178    0    0  199  190    0  182    0  220    0    0    0  
 185    0    0    0    0  179    0    0    0  188    0    0  174    0  227  
 233    0    0    0    0  215    0    0    0  177  181    0  214    0    0  
   0    0    0    0  231    0    0  215  179  201  205    0    0    0    0  
 209  187    0    0    0    0    0    0  196  204    0    0  192    0    0  
 224    0  187  243    0  244    0    0    0    0    0    0    0  208    0  
   0  253    0    0    0  231  197  185    0    0  221    0    0    0    0  
   0    0    0    0  245  227    0  224    0    0  231    0    0  246    0  
   0  209    0    0  240    0    0    0  201  214    0    0    0    0  252  
   0    0  221    0    0    0    0  237    0  256  204  201    0    0    0  
   0  243    0    0    0    0    0    0  225    0  194  242    0    0  200  
   0    0  263    0    0  251    0    0    0  195  206    0    0    0  213  
 257    0    0    0    0  218    0    0  247    0    0    0  219  212    0  
   0  214  269    0  279  258    0  216    0    0    0    0    0    0    0  
 208    0    0    0    0    0  226    0    0  240    0  241  237    0    0  
   0    0    0    0  227    0    0  221  271    0    0  209    0    0  210  
 251    0    0    0    0    0  226    0  281    0    0  236    0    0  287  
   0    0  294    0    0    0    0  226    0  288    0    0  213    0  262  
 236  231    0    0    0  295    0    0    0    0    0    0    0  243  277  
   0  239  298    0  249    0    0    0  274    0    0  271    0    0    0  
   0    0    0    0  304    0  271  275    0    0  228  310    0    0    0  
   0  248    0    0  291    0    0  288    0  236    0    0    0    0  304  
   0    0  232  253    0  283    0    0    0    0  296    0    0  254    0  
   0    0  311    0  274    0    0    0  312  257    0    0    0  293    0  
   0    0    0  309  285    0    0    0  301  247    0    0    0  304    0  
   0    0    0    0  299    0    0    0  317    0    0    0  278  242  279  
   0  257    0  336    0    0    0    0  298  318    0    0    0  298    0  
   0    0  249    0    0  261    0    0  275    0    0  311  257    0    0  
 340  265    0    0    0    0  343    0  348    0  305    0    0    0    0  
   0    0  255  336    0    0    0  338    0  260  346    0    0    0    0  
   0    0  333    0    0  298    0    0    0    0  268  282    0  323    0  
   0    0    0  277    0    0  354  288    0  320  350    0    0    0    0  
   0    0    0  270    0  352  349    0    0    0  271  358    0    0    0  
 350    0    0  328    0    0  315    0  326    0    0    0    0    0  367  
   0    0    0  331  284    0  273    0    0    0    0    0  351  272    0  
   0    0    0  321  317    0    0  375    0  345    0    0    0  336    0  ] 
 ] 
