K : 125
I : 15
C : 25
INSTANCE : 5
PREFERENCES : [    0    0    1    3    0    4    0    0    0    2    0    0    0    0    5  
   0    0    2    0    0    3    0    1    5    4    0    0    0    0    0  
   4    0    0    0    0    2    0    0    3    0    0    5    1    0    0  
   5    0    4    0    0    0    2    0    3    0    0    1    0    0    0  
   0    0    0    3    0    0    0    0    5    1    4    0    0    0    2  
   1    0    5    0    4    0    0    0    0    3    0    0    0    2    0  
   0    0    0    3    0    4    1    5    0    0    0    2    0    0    0  
   1    0    3    0    0    0    0    0    5    2    4    0    0    0    0  
   3    5    4    0    0    0    0    1    2    0    0    0    0    0    0  
   0    0    5    0    0    0    2    0    3    0    0    0    1    0    4  
   0    1    0    4    0    2    3    5    0    0    0    0    0    0    0  
   0    0    0    3    0    2    0    0    0    0    5    1    4    0    0  
   0    2    4    0    0    0    0    1    3    0    0    0    0    0    5  
   4    0    0    0    0    0    3    5    1    2    0    0    0    0    0  
   0    2    0    0    0    0    0    4    0    0    5    0    1    3    0  
   0    0    0    4    0    0    0    0    2    3    1    0    0    5    0  
   5    0    0    0    0    0    0    4    0    2    1    0    0    0    3  
   0    0    0    4    0    0    0    0    0    5    3    2    1    0    0  
   3    4    0    1    5    0    0    0    2    0    0    0    0    0    0  
   3    4    0    0    0    0    0    2    0    1    0    5    0    0    0  
   5    0    0    0    0    2    0    3    1    0    4    0    0    0    0  
   1    3    5    4    0    0    0    0    0    0    0    0    0    2    0  
   0    0    0    2    5    0    0    0    0    0    3    0    0    4    1  
   4    1    5    0    0    0    0    2    0    0    3    0    0    0    0  
   0    0    2    0    0    1    4    5    3    0    0    0    0    0    0  
   0    0    0    0    0    5    4    0    0    2    0    0    1    3    0  
   5    1    3    0    0    0    0    2    0    0    0    0    4    0    0  
   4    0    0    0    2    0    3    0    0    1    0    5    0    0    0  
   1    0    0    5    0    0    2    0    0    0    0    3    0    0    4  
   0    2    0    0    5    1    0    0    4    0    0    0    0    3    0  
   0    0    0    0    4    2    1    5    0    3    0    0    0    0    0  
   4    5    0    0    1    0    0    2    0    0    0    0    3    0    0  
   0    0    1    3    0    0    0    0    4    2    0    0    0    5    0  
   3    2    0    0    0    1    0    0    5    0    0    0    4    0    0  
   5    0    0    0    0    0    0    0    2    0    1    0    3    4    0  
   3    0    5    1    0    0    0    0    0    0    0    2    0    0    4  
   0    0    0    0    0    0    2    0    0    0    1    5    0    4    3  
   0    0    2    0    1    4    0    0    0    5    0    0    0    0    3  
   0    5    1    0    0    2    0    3    4    0    0    0    0    0    0  
   4    0    0    0    3    1    0    0    0    5    0    0    2    0    0  
   0    0    0    3    0    0    2    0    1    5    0    0    0    0    4  
   0    0    0    2    4    0    0    0    3    1    0    5    0    0    0  
   5    3    0    0    0    4    0    0    0    0    2    0    0    0    1  
   0    0    0    0    0    2    0    3    4    5    1    0    0    0    0  
   0    0    0    0    5    0    4    0    0    0    0    3    0    2    1  
   0    3    0    5    0    0    4    2    0    1    0    0    0    0    0  
   4    0    2    0    0    0    0    5    0    0    0    1    3    0    0  
   0    2    0    4    0    1    0    0    3    0    0    0    0    5    0  
   1    0    0    0    2    0    0    5    0    0    0    0    3    0    4  
   0    4    2    0    0    0    0    0    1    0    0    0    3    5    0  
   0    0    4    0    0    0    2    0    0    0    3    0    0    1    5  
   1    0    0    0    0    0    0    2    0    0    0    4    0    5    3  
   0    3    0    1    0    0    4    2    0    0    0    5    0    0    0  
   5    0    0    2    0    3    0    0    1    0    4    0    0    0    0  
   5    3    0    0    4    0    0    0    0    1    2    0    0    0    0  
   0    0    3    5    0    0    4    0    0    0    2    0    1    0    0  
   3    1    0    0    4    0    5    0    0    0    0    0    0    2    0  
   0    0    2    0    0    0    0    1    4    0    0    5    3    0    0  
   1    0    3    0    0    0    0    0    0    4    0    2    0    5    0  
   2    3    0    0    4    0    5    0    1    0    0    0    0    0    0  
   0    0    0    0    1    0    0    5    0    0    4    0    3    2    0  
   4    2    0    0    0    0    1    0    0    3    0    0    0    5    0  
   2    3    0    0    0    4    0    0    5    0    1    0    0    0    0  
   4    0    3    2    1    0    0    0    0    0    0    0    0    5    0  
   0    0    1    0    0    0    5    2    0    0    0    0    4    0    3  
   0    3    0    0    1    0    4    0    0    0    0    0    2    5    0  
   0    0    0    2    0    0    3    0    0    0    4    1    0    0    5  
   3    0    0    0    1    0    0    0    4    0    0    0    2    5    0  
   0    0    5    0    0    4    1    3    0    0    2    0    0    0    0  
   3    0    0    0    0    0    4    0    0    0    2    1    5    0    0  
   2    0    0    0    5    0    0    0    0    0    1    0    3    0    4  
   0    0    0    0    5    3    0    4    0    1    0    2    0    0    0  
   0    0    5    3    1    0    0    0    0    4    0    2    0    0    0  
   0    0    5    0    4    2    3    0    0    0    0    0    1    0    0  
   4    1    0    0    0    2    5    0    0    3    0    0    0    0    0  
   3    0    0    0    5    0    1    0    0    2    0    0    0    4    0  
   0    0    4    0    0    3    0    0    0    0    2    5    0    0    1  
   0    0    3    0    0    4    2    0    1    5    0    0    0    0    0  
   0    0    0    0    2    1    0    0    0    0    0    5    3    4    0  
   0    3    4    0    1    0    5    0    0    2    0    0    0    0    0  
   0    0    0    0    4    5    0    3    0    2    1    0    0    0    0  
   4    0    0    2    0    0    3    0    5    0    0    0    1    0    0  
   0    0    0    0    4    1    3    0    0    0    5    0    0    0    2  
   1    0    2    0    0    4    0    0    0    5    0    0    3    0    0  
   0    1    5    2    0    0    0    4    0    3    0    0    0    0    0  
   0    0    5    0    4    0    3    0    0    2    0    0    1    0    0  
   0    0    0    2    0    0    4    5    0    0    1    0    0    0    3  
   5    3    0    1    0    0    0    2    4    0    0    0    0    0    0  
   3    0    0    0    0    1    5    0    0    0    0    0    0    2    4  
   0    0    1    0    3    2    0    5    4    0    0    0    0    0    0  
   0    2    1    0    0    3    0    0    0    0    0    0    4    0    5  
   1    0    0    0    0    3    0    0    2    0    0    5    0    4    0  
   0    0    2    0    3    0    0    4    5    0    0    1    0    0    0  
   0    0    0    0    0    5    0    4    0    0    0    3    0    1    2  
   0    0    0    4    0    2    5    0    1    3    0    0    0    0    0  
   0    0    0    0    1    0    2    0    0    0    4    5    3    0    0  
   5    0    0    2    0    0    3    0    0    1    0    0    4    0    0  
   0    1    0    0    0    0    5    3    4    0    0    2    0    0    0  
   0    3    2    0    0    0    0    4    0    0    1    5    0    0    0  
   0    3    0    5    1    0    0    2    4    0    0    0    0    0    0  
   0    5    0    4    0    0    0    0    0    1    0    0    3    2    0  
   0    0    4    3    0    2    1    0    0    5    0    0    0    0    0  
   0    0    0    3    0    0    1    5    4    0    0    0    0    0    2  
   0    2    0    0    5    0    3    0    0    0    1    0    0    0    4  
   0    4    3    1    0    2    0    0    0    0    0    0    0    0    5  
   0    2    0    1    5    0    0    0    0    0    0    3    0    0    4  
   0    0    0    4    0    0    0    3    0    5    2    0    0    0    1  
   0    4    0    0    0    0    0    5    0    0    0    3    0    1    2  
   0    0    0    0    0    3    0    5    1    0    4    0    2    0    0  
   5    2    0    4    0    0    1    0    0    0    0    0    3    0    0  
   0    5    2    0    3    4    1    0    0    0    0    0    0    0    0  
   0    0    0    0    3    0    0    1    0    4    5    0    0    2    0  
   3    0    4    0    1    5    0    0    2    0    0    0    0    0    0  
   0    0    0    0    3    5    2    0    0    0    1    0    4    0    0  
   3    1    0    0    0    0    5    0    0    0    0    4    2    0    0  
   0    5    0    0    0    3    0    4    2    0    1    0    0    0    0  
   2    1    0    0    0    0    0    0    0    0    3    0    5    0    4  
   0    5    0    0    0    3    4    0    0    2    0    0    1    0    0  
   0    5    0    1    0    2    4    0    0    0    0    0    3    0    0  
   0    0    0    0    0    0    0    4    0    3    5    0    2    1    0  
   3    0    0    4    1    0    0    0    2    0    5    0    0    0    0  
   0    0    5    2    0    3    4    0    1    0    0    0    0    0    0  
   1    5    4    0    3    0    0    0    0    2    0    0    0    0    0  
   4    0    0    0    0    3    5    0    0    0    0    1    2    0    0  
   0    0    0    0    4    0    5    0    3    0    1    0    0    0    2  ] 
RESERVATION PRICES : [    0    0    5    5    0    6    0    0    0    6    0    0    0    0    6  
   0    0    9    0    0   10    0   10   10   10    0    0    0    0    0  
  16    0    0    0    0   16    0    0   17    0    0   17   15    0    0  
  21    0   21    0    0    0   21    0   16    0    0   19    0    0    0  
   0    0    0   22    0    0    0    0   23   20   25    0    0    0   25  
  30    0   32    0   30    0    0    0    0   24    0    0    0   28    0  
   0    0    0   28    0   32   34   37    0    0    0   36    0    0    0  
  33    0   39    0    0    0    0    0   36   35   39    0    0    0    0  
  40   33   35    0    0    0    0   31   42    0    0    0    0    0    0  
   0    0   39    0    0    0   37    0   36    0    0    0   34    0   42  
   0   32    0   43    0   36   35   40    0    0    0    0    0    0    0  
   0    0    0   33    0   35    0    0    0    0   32   43   44    0    0  
   0   38   42    0    0    0    0   38   49    0    0    0    0    0   39  
  42    0    0    0    0    0   46   50   52   43    0    0    0    0    0  
   0   42    0    0    0    0    0   51    0    0   47    0   56   44    0  
   0    0    0   48    0    0    0    0   43   48   46    0    0   52    0  
  62    0    0    0    0    0    0   46    0   49   47    0    0    0   60  
   0    0    0   67    0    0    0    0    0   66   67   54   51    0    0  
  68   57    0   69   58    0    0    0   64    0    0    0    0    0    0  
  58   63    0    0    0    0    0   76    0   73    0   69    0    0    0  
  68    0    0    0    0   77    0   78   77    0   69    0    0    0    0  
  63   75   84   65    0    0    0    0    0    0    0    0    0   75    0  
   0    0    0   87   68    0    0    0    0    0   77    0    0   81   91  
  91   71   90    0    0    0    0   78    0    0   76    0    0    0    0  
   0    0   93    0    0   76   86   99   76    0    0    0    0    0    0  
   0    0    0    0    0   95  103    0    0   91    0    0  100   97    0  
  95   81   84    0    0    0    0   86    0    0    0    0   83    0    0  
  91    0    0    0  107    0   83    0    0  105    0   90    0    0    0  
  87    0    0  102    0    0   81    0    0    0    0   97    0    0   80  
   0   93    0    0   80  101    0    0  104    0    0    0    0   82    0  
   0    0    0    0   85  115  108  104    0   88    0    0    0    0    0  
  99   87    0    0  104    0    0  114    0    0    0    0  113    0    0  
   0    0  113  121    0    0    0    0  111   96    0    0    0  120    0  
 118  121    0    0    0  126    0    0  109    0    0    0   99    0    0  
 115    0    0    0    0    0    0    0  120    0  110    0  109  108    0  
 101    0  123  103    0    0    0    0    0    0    0  102    0    0  117  
   0    0    0    0    0    0  125    0    0    0  110  100    0  105  124  
   0    0  102    0  105  101    0    0    0  113    0    0    0    0  110  
   0  131  126    0    0  133    0  119  104    0    0    0    0    0    0  
 147    0    0    0  113  126    0    0    0  140    0    0  146    0    0  
   0    0    0  121    0    0  141    0  118  108    0    0    0    0  148  
   0    0    0  145  117    0    0    0  118  123    0  146    0    0    0  
 110  109    0    0    0  119    0    0    0    0  123    0    0    0  137  
   0    0    0    0    0  138    0  125  142  150  127    0    0    0    0  
   0    0    0    0  137    0  141    0    0    0    0  133    0  118  150  
   0  142    0  132    0    0  156  146    0  158    0    0    0    0    0  
 164    0  165    0    0    0    0  145    0    0    0  160  126    0    0  
   0  149    0  138    0  147    0    0  142    0    0    0    0  135    0  
 143    0    0    0  127    0    0  150    0    0    0    0  152    0  141  
   0  163  145    0    0    0    0    0  146    0    0    0  150  131    0  
   0    0  150    0    0    0  158    0    0    0  124    0    0  128  145  
 160    0    0    0    0    0    0  127    0    0    0  137    0  170  169  
   0  148    0  166    0    0  168  138    0    0    0  174    0    0    0  
 158    0    0  140    0  176    0    0  147    0  166    0    0    0    0  
 138  138    0    0  162    0    0    0    0  182  184    0    0    0    0  
   0    0  178  181    0    0  159    0    0    0  159    0  155    0    0  
 156  172    0    0  190    0  195    0    0    0    0    0    0  153    0  
   0    0  198    0    0    0    0  175  182    0    0  192  198    0    0  
 187    0  185    0    0    0    0    0    0  179    0  154    0  165    0  
 156  198    0    0  205    0  157    0  194    0    0    0    0    0    0  
   0    0    0    0  203    0    0  160    0    0  206    0  174  211    0  
 171  210    0    0    0    0  176    0    0  199    0    0    0  185    0  
 176  201    0    0    0  192    0    0  186    0  207    0    0    0    0  
 206    0  191  184  207    0    0    0    0    0    0    0    0  174    0  
   0    0  223    0    0    0  198  187    0    0    0    0  203    0  179  
   0  164    0    0  171    0  187    0    0    0    0    0  174  210    0  
   0    0    0  188    0    0  228    0    0    0  209  202    0    0  212  
 235    0    0    0  228    0    0    0  203    0    0    0  200  171    0  
   0    0  217    0    0  231  185  186    0    0  235    0    0    0    0  
 234    0    0    0    0    0  197    0    0    0  183  180  210    0    0  
 246    0    0    0  187    0    0    0    0    0  246    0  218    0  225  
   0    0    0    0  209  235    0  220    0  221    0  230    0    0    0  
   0    0  214  201  192    0    0    0    0  189    0  247    0    0    0  
   0    0  250    0  260  260  227    0    0    0    0    0  257    0    0  
 237  200    0    0    0  246  200    0    0  238    0    0    0    0    0  
 246    0    0    0  219    0  211    0    0  268    0    0    0  211    0  
   0    0  232    0    0  273    0    0    0    0  212  230    0    0  272  
   0    0  215    0    0  272  261    0  280  266    0    0    0    0    0  
   0    0    0    0  254  276    0    0    0    0    0  260  217  244    0  
   0  244  231    0  262    0  267    0    0  212    0    0    0    0    0  
   0    0    0    0  252  289    0  274    0  291  239    0    0    0    0  
 249    0    0  260    0    0  267    0  266    0    0    0  289    0    0  
   0    0    0    0  285  221  287    0    0    0  247    0    0    0  219  
 246    0  247    0    0  296    0    0    0  306    0    0  250    0    0  
   0  283  282  260    0    0    0  244    0  282    0    0    0    0    0  
   0    0  266    0  299    0  232    0    0  264    0    0  309    0    0  
   0    0    0  264    0    0  247  279    0    0  256    0    0    0  306  
 319  275    0  293    0    0    0  288  313    0    0    0    0    0    0  
 241    0    0    0    0  259  295    0    0    0    0    0    0  318  284  
   0    0  242    0  274  329    0  292  245    0    0    0    0    0    0  
   0  337  332    0    0  244    0    0    0    0    0    0  271    0  316  
 322    0    0    0    0  253    0    0  334    0    0  248    0  307    0  
   0    0  333    0  349    0    0  286  341    0    0  282    0    0    0  
   0    0    0    0    0  267    0  288    0    0    0  293    0  296  271  
   0    0    0  275    0  291  301    0  322  291    0    0    0    0    0  
   0    0    0    0  327    0  308    0    0    0  313  315  258    0    0  
 297    0    0  285    0    0  341    0    0  263    0    0  302    0    0  
   0  340    0    0    0    0  331  316  328    0    0  351    0    0    0  
   0  357  262    0    0    0    0  312    0    0  352  366    0    0    0  
   0  341    0  350  325    0    0  268  293    0    0    0    0    0    0  
   0  293    0  377    0    0    0    0    0  315    0    0  286  354    0  
   0    0  294  354    0  364  316    0    0  313    0    0    0    0    0  
   0    0    0  304    0    0  284  386  370    0    0    0    0    0  284  
   0  388    0    0  282    0  391    0    0    0  314    0    0    0  378  
   0  331  361  345    0  350    0    0    0    0    0    0    0    0  332  
   0  312    0  292  284    0    0    0    0    0    0  342    0    0  303  
   0    0    0  307    0    0    0  341    0  396  356    0    0    0  331  
   0  383    0    0    0    0    0  368    0    0    0  325    0  380  378  
   0    0    0    0    0  399    0  359  393    0  316    0  409    0    0  
 295  305    0  307    0    0  343    0    0    0    0    0  376    0    0  
   0  333  318    0  298  339  304    0    0    0    0    0    0    0    0  
   0    0    0    0  330    0    0  390    0  390  321    0    0  347    0  
 419    0  316    0  347  327    0    0  369    0    0    0    0    0    0  
   0    0    0    0  314  325  392    0    0    0  415    0  370    0    0  
 319  383    0    0    0    0  326    0    0    0    0  432  365    0    0  
   0  332    0    0    0  349    0  323  335    0  317    0    0    0    0  
 427  352    0    0    0    0    0    0    0    0  401    0  325    0  392  
   0  364    0    0    0  330  323    0    0  383    0    0  373    0    0  
   0  320    0  371    0  424  372    0    0    0    0    0  343    0    0  
   0    0    0    0    0    0    0  429    0  431  334    0  416  442    0  
 441    0    0  410  413    0    0    0  391    0  369    0    0    0    0  
   0    0  442  449    0  378  444    0  429    0    0    0    0    0    0  
 438  352  337    0  407    0    0    0    0  449    0    0    0    0    0  
 393    0    0    0    0  357  386    0    0    0    0  362  349    0    0  
   0    0    0    0  462    0  404    0  437    0  345    0    0    0  390  ] 
 ] 
