K : 125
I : 10
C : 5
INSTANCE : 1
PREFERENCES : [    0    5    1    3    2    0    0    0    0    4  
   4    0    0    2    1    0    0    3    0    5  
   4    0    0    2    0    0    1    5    0    3  
   4    0    5    0    3    1    0    0    2    0  
   0    3    1    0    0    0    5    4    0    2  
   4    0    0    2    3    0    0    1    5    0  
   0    5    3    0    0    4    0    1    2    0  
   0    3    4    0    0    5    1    2    0    0  
   0    0    4    0    2    3    1    0    5    0  
   0    0    4    3    0    2    0    5    0    1  
   0    3    0    4    2    5    0    1    0    0  
   5    0    0    4    2    0    3    1    0    0  
   3    5    2    0    4    0    0    1    0    0  
   3    0    0    2    5    0    0    0    4    1  
   0    5    3    0    0    0    2    1    0    4  
   0    1    5    0    3    0    0    0    4    2  
   0    2    0    0    0    4    5    3    1    0  
   5    0    0    0    4    1    2    0    3    0  
   3    0    5    0    0    2    0    1    4    0  
   1    0    3    0    0    2    0    4    0    5  
   2    0    1    0    5    3    0    0    4    0  
   0    1    0    0    4    0    3    2    5    0  
   0    5    0    0    0    4    2    1    0    3  
   0    3    0    4    5    0    0    1    2    0  
   4    0    3    0    0    5    0    2    0    1  
   0    2    0    0    0    0    4    5    3    1  
   4    0    1    5    2    3    0    0    0    0  
   0    0    3    1    0    5    0    0    4    2  
   3    0    0    2    0    1    0    0    5    4  
   0    2    0    4    0    0    0    5    3    1  
   5    2    0    0    0    0    3    1    4    0  
   0    0    4    1    0    2    3    0    0    5  
   5    1    0    4    0    0    3    0    0    2  
   5    0    4    3    0    1    0    0    0    2  
   2    0    0    0    3    0    0    5    4    1  
   0    1    0    3    4    2    0    0    0    5  
   5    1    4    0    0    2    0    3    0    0  
   0    0    3    1    0    0    4    5    0    2  
   4    1    0    0    0    0    0    5    3    2  
   4    2    0    1    3    0    0    0    0    5  
   3    0    0    0    0    1    2    4    5    0  
   0    1    0    4    5    0    2    3    0    0  
   0    5    4    0    3    0    1    2    0    0  
   5    0    4    0    3    0    0    0    1    2  
   0    5    0    1    4    0    3    0    2    0  
   0    0    1    3    0    4    0    0    5    2  
   4    5    0    0    0    2    0    1    3    0  
   0    1    0    2    3    5    4    0    0    0  
   0    0    0    3    5    0    2    0    1    4  
   0    1    5    0    2    0    0    3    4    0  
   5    0    0    1    2    3    0    0    0    4  
   1    0    2    3    5    0    0    0    0    4  
   4    0    5    1    0    3    0    0    2    0  
   0    0    1    0    5    3    0    4    2    0  
   0    0    4    1    3    0    2    0    0    5  
   1    0    5    0    0    4    0    2    3    0  
   0    2    1    5    4    0    0    3    0    0  
   0    5    4    3    0    0    0    1    0    2  
   0    1    0    0    2    0    0    4    3    5  
   1    0    4    2    0    3    0    0    0    5  
   2    0    0    0    3    5    1    0    0    4  
   5    0    4    2    3    0    1    0    0    0  
   0    2    0    0    1    3    0    0    4    5  
   0    0    0    4    0    3    2    1    5    0  
   2    0    0    0    5    0    1    0    4    3  
   4    0    0    5    0    3    0    0    2    1  
   1    0    3    4    5    0    0    0    0    2  
   0    0    0    1    0    4    0    5    3    2  
   0    5    0    3    1    0    4    0    2    0  
   2    0    3    5    0    0    0    1    0    4  
   2    4    5    0    0    3    0    0    1    0  
   5    4    3    1    2    0    0    0    0    0  
   0    0    5    0    0    3    4    0    1    2  
   0    0    5    4    0    0    3    1    0    2  
   0    0    3    2    5    0    1    0    0    4  
   0    0    2    1    5    0    0    3    0    4  
   0    5    0    0    0    4    1    0    2    3  
   0    3    0    0    1    5    4    0    2    0  
   0    3    0    1    0    4    5    0    2    0  
   4    5    0    1    0    3    0    0    2    0  
   1    4    0    0    5    0    0    0    3    2  
   2    4    1    0    0    0    0    5    0    3  
   0    4    0    5    0    0    1    3    0    2  
   0    0    0    0    1    3    0    5    4    2  
   0    2    3    0    4    5    0    0    0    1  
   5    4    3    0    0    0    2    1    0    0  
   3    0    5    0    2    0    4    1    0    0  
   0    2    1    4    5    0    3    0    0    0  
   0    1    0    5    3    0    4    0    2    0  
   0    0    5    0    4    0    3    0    2    1  
   0    3    0    1    2    0    0    4    5    0  
   4    2    0    0    1    0    3    5    0    0  
   4    0    0    3    0    0    0    2    1    5  
   0    0    3    4    5    0    1    0    2    0  
   0    0    0    3    0    2    4    5    0    1  
   3    0    5    1    4    0    0    2    0    0  
   3    5    0    4    2    0    1    0    0    0  
   3    0    0    2    0    0    1    0    4    5  
   1    3    0    5    0    4    0    2    0    0  
   0    3    0    4    0    0    5    1    0    2  
   0    0    2    1    4    0    3    5    0    0  
   0    2    0    0    0    3    1    0    4    5  
   0    0    0    2    0    5    3    4    0    1  
   4    0    5    3    2    1    0    0    0    0  
   3    0    1    5    0    0    0    4    0    2  
   3    5    0    0    0    0    4    2    0    1  
   1    0    0    0    2    5    3    0    0    4  
   4    3    0    2    0    5    1    0    0    0  
   4    0    0    5    1    0    3    0    2    0  
   0    2    0    0    0    0    1    4    3    5  
   0    0    4    0    5    1    2    0    0    3  
   5    0    3    0    4    1    0    2    0    0  
   4    1    0    5    0    3    0    2    0    0  
   3    5    4    0    0    2    0    1    0    0  
   5    0    0    3    0    1    0    0    4    2  
   5    0    4    1    0    2    3    0    0    0  
   5    1    0    0    0    0    2    3    0    4  
   2    0    0    1    0    5    0    4    0    3  
   5    0    4    1    0    2    0    0    3    0  
   0    5    0    1    0    0    4    0    2    3  
   1    2    5    3    0    0    0    0    4    0  
   0    5    1    3    0    0    0    2    0    4  
   2    0    4    0    5    0    0    1    0    3  
   4    5    0    3    0    0    1    0    0    2  
   0    0    2    0    4    0    5    1    3    0  ] 
RESERVATION PRICES : [    0    7    8    8    8    0    0    0    0    9  
  10    0    0   11   11    0    0   13    0   12  
  10    0    0   11    0    0   13   13    0   13  
  14    0   16    0   15   18    0    0   15    0  
   0   20   22    0    0    0   22   23    0   22  
  22    0    0   22   28    0    0   21   28    0  
   0   31   26    0    0   26    0   31   23    0  
   0   24   24    0    0   24   25   29    0    0  
   0    0   31    0   32   29   33    0   34    0  
   0    0   38   38    0   38    0   37    0   39  
   0   36    0   44   33   45    0   41    0    0  
  49    0    0   42   50    0   42   46    0    0  
  49   50   44    0   41    0    0   50    0    0  
  51    0    0   44   45    0    0    0   39   40  
   0   48   57    0    0    0   45   46    0   51  
   0   60   54    0   63    0    0    0   55   59  
   0   50    0    0    0   65   54   59   54    0  
  56    0    0    0   64   61   65    0   63    0  
  66    0   59    0    0   66    0   70   64    0  
  60    0   71    0    0   57    0   73    0   71  
  60    0   72    0   69   73    0    0   76    0  
   0   65    0    0   68    0   66   79   66    0  
   0   89    0    0    0   69   81   77    0   86  
   0   74    0   80   78    0    0   72   77    0  
  77    0   76    0    0   72    0   74    0   97  
   0  101    0    0    0    0   98   91   82   87  
  84    0  103   86   94   89    0    0    0    0  
   0    0   87   94    0  110    0    0   95   93  
  86    0    0   93    0   91    0    0  104  110  
   0  110    0  116    0    0    0   87   95   86  
 105  108    0    0    0    0  118  108  107    0  
   0    0  111  121    0  116   90    0    0  117  
 103  123    0  128    0    0  114    0    0  102  
 108    0  122  115    0  113    0    0    0  111  
 135    0    0    0  124    0    0  140  117  102  
   0  111    0  145  137  135    0    0    0  104  
 129  111  137    0    0  127    0  133    0    0  
   0    0  117  137    0    0  120  139    0  137  
 143  138    0    0    0    0    0  157  113  122  
 129  120    0  131  125    0    0    0    0  131  
 140    0    0    0    0  138  132  132  126    0  
   0  138    0  131  167    0  154  152    0    0  
   0  144  137    0  141    0  168  164    0    0  
 137    0  167    0  145    0    0    0  161  165  
   0  141    0  130  147    0  164    0  170    0  
   0    0  142  167    0  134    0    0  158  154  
 166  151    0    0    0  173    0  173  134    0  
   0  171    0  151  140  169  191    0    0    0  
   0    0    0  159  144    0  144    0  159  191  
   0  180  192    0  148    0    0  150  155    0  
 188    0    0  194  154  156    0    0    0  199  
 174    0  191  183  157    0    0    0    0  192  
 210    0  192  202    0  172    0    0  199    0  
   0    0  186    0  211  174    0  188  206    0  
   0    0  214  164  168    0  200    0    0  190  
 184    0  187    0    0  162    0  206  214    0  
   0  189  214  181  173    0    0  226    0    0  
   0  214  175  166    0    0    0  190    0  198  
   0  223    0    0  198    0    0  170  176  209  
 205    0  220  184    0  197    0    0    0  207  
 212    0    0    0  234  184  233    0    0  189  
 186    0  201  215  201    0  211    0    0    0  
   0  233    0    0  177  207    0    0  243  209  
   0    0    0  243    0  234  194  220  204    0  
 221    0    0    0  211    0  194    0  189  251  
 220    0    0  193    0  229    0    0  244  225  
 201    0  212  215  248    0    0    0    0  226  
   0    0    0  243    0  222    0  205  213  211  
   0  263    0  248  212    0  230    0  220    0  
 255    0  255  264    0    0    0  268    0  210  
 202  226  261    0    0  232    0    0  236    0  
 266  204  230  241  269    0    0    0    0    0  
   0    0  208    0    0  214  270    0  234  249  
   0    0  251  272    0    0  275  256    0  271  
   0    0  257  253  220    0  206    0    0  279  
   0    0  268  209  218    0    0  214    0  274  
   0  266    0    0    0  245  283    0  287  280  
   0  272    0    0  263  258  289    0  225    0  
   0  280    0  238    0  237  238    0  240    0  
 294  295    0  260    0  235    0    0  236    0  
 290  218    0    0  229    0    0    0  227  236  
 293  245  220    0    0    0    0  256    0  280  
   0  235    0  291    0    0  291  290    0  299  
   0    0    0    0  248  296    0  257  239  231  
   0  256  242    0  280  313    0    0    0  255  
 281  273  302    0    0    0  278  292    0    0  
 301    0  232    0  287    0  306  289    0    0  
   0  330  288  260  301    0  268    0    0    0  
   0  242    0  308  310    0  325    0  332    0  
   0    0  252    0  297    0  307    0  268  255  
   0  338    0  260  261    0    0  310  302    0  
 319  278    0    0  267    0  278  325    0    0  
 248    0    0  342    0    0    0  339  318  286  
   0    0  322  262  271    0  323    0  322    0  
   0    0    0  293    0  261  339  320    0  259  
 318    0  318  305  320    0    0  277    0    0  
 358  342    0  314  282    0  346    0    0    0  
 306    0    0  282    0    0  286    0  293  331  
 318  304    0  276    0  267    0  373    0    0  
   0  275    0  359    0    0  345  281    0  328  
   0    0  297  319  330    0  294  303    0    0  
   0  353    0    0    0  276  318    0  291  313  
   0    0    0  358    0  354  374  314    0  301  
 287    0  361  367  338  364    0    0    0    0  
 315    0  310  298    0    0    0  333    0  327  
 389  362    0    0    0    0  353  393    0  308  
 326    0    0    0  337  393  312    0    0  318  
 334  311    0  388    0  345  392    0    0    0  
 358    0    0  347  344    0  382    0  395    0  
   0  301    0    0    0    0  365  392  377  391  
   0    0  317    0  308  297  383    0    0  402  
 373    0  299    0  348  410    0  408    0    0  
 418  414    0  380    0  381    0  418    0    0  
 373  398  343    0    0  358    0  351    0    0  
 343    0    0  361    0  317    0    0  322  394  
 319    0  327  326    0  377  374    0    0    0  
 392  316    0    0    0    0  408  340    0  339  
 386    0    0  398    0  417    0  318    0  427  
 436    0  331  442    0  367    0    0  360    0  
   0  347    0  351    0    0  383    0  355  363  
 341  331  446  407    0    0    0    0  373    0  
   0  394  404  390    0    0    0  332    0  383  
 444    0  425    0  395    0    0  419    0  337  
 441  334    0  438    0    0  394    0    0  398  
   0    0  363    0  469    0  345  348  426    0  ] 
 ] 
