K : 125
I : 5
C : 20
INSTANCE : 1
PREFERENCES : [    2    3    1    0    0  
   0    3    0    2    1  
   3    1    2    0    0  
   3    2    0    1    0  
   1    2    0    3    0  
   1    2    0    3    0  
   3    0    0    2    1  
   0    2    0    3    1  
   1    2    0    0    3  
   2    0    3    0    1  
   0    1    0    2    3  
   1    2    0    3    0  
   2    0    1    0    3  
   2    0    3    1    0  
   0    0    1    3    2  
   3    2    0    1    0  
   2    1    3    0    0  
   3    0    1    0    2  
   3    1    0    2    0  
   3    0    2    0    1  
   0    3    2    1    0  
   0    3    1    0    2  
   0    1    0    2    3  
   3    1    0    0    2  
   3    0    1    2    0  
   0    0    3    1    2  
   0    1    0    3    2  
   0    2    3    0    1  
   3    0    0    2    1  
   3    0    1    2    0  
   0    0    3    1    2  
   0    0    1    2    3  
   1    0    0    2    3  
   3    2    0    1    0  
   3    2    0    1    0  
   2    1    0    3    0  
   2    3    1    0    0  
   1    0    2    3    0  
   1    0    2    3    0  
   0    0    3    2    1  
   0    2    1    3    0  
   3    1    0    0    2  
   3    2    0    0    1  
   0    1    3    0    2  
   0    1    0    2    3  
   0    1    3    2    0  
   0    2    0    3    1  
   3    0    2    0    1  
   2    3    0    0    1  
   0    2    1    3    0  
   3    0    1    0    2  
   0    3    1    0    2  
   2    3    0    1    0  
   2    1    0    0    3  
   1    0    3    2    0  
   0    0    3    1    2  
   2    3    0    1    0  
   0    0    2    1    3  
   2    3    1    0    0  
   2    0    1    0    3  
   3    1    2    0    0  
   0    0    3    2    1  
   0    1    2    0    3  
   0    1    3    0    2  
   1    0    3    2    0  
   1    0    0    3    2  
   0    0    1    2    3  
   3    2    0    1    0  
   2    0    1    3    0  
   2    3    1    0    0  
   2    0    0    3    1  
   0    0    3    1    2  
   2    1    0    0    3  
   2    0    3    1    0  
   0    2    0    1    3  
   3    0    1    0    2  
   0    0    1    3    2  
   0    1    0    3    2  
   2    1    0    3    0  
   0    1    0    2    3  
   0    0    1    3    2  
   1    2    0    0    3  
   0    0    3    2    1  
   1    3    0    0    2  
   3    0    1    2    0  
   0    2    3    1    0  
   3    0    1    0    2  
   2    0    0    1    3  
   3    0    0    2    1  
   3    0    1    2    0  
   2    0    1    3    0  
   0    2    0    1    3  
   0    0    3    2    1  
   0    3    1    0    2  
   2    0    0    3    1  
   2    0    1    3    0  
   3    0    1    2    0  
   2    1    3    0    0  
   0    0    1    2    3  
   0    1    3    0    2  
   3    1    2    0    0  
   1    0    0    3    2  
   3    1    0    0    2  
   0    3    2    1    0  
   0    3    2    0    1  
   0    2    3    1    0  
   0    1    3    0    2  
   2    0    0    3    1  
   1    2    0    0    3  
   1    2    0    0    3  
   2    3    0    0    1  
   0    3    1    0    2  
   3    0    2    0    1  
   1    0    2    3    0  
   1    3    0    2    0  
   0    1    3    2    0  
   3    0    2    0    1  
   2    0    0    1    3  
   0    1    3    0    2  
   1    0    3    2    0  
   1    0    2    0    3  
   0    3    1    0    2  
   0    3    1    0    2  
   0    3    1    0    2  
   2    0    0    1    3  ] 
RESERVATION PRICES : [    8    8    8    0    0  
   0    9    0    8    8  
  11   10   10    0    0  
  11   10    0    9    0  
  15   18    0   14    0  
  18   21    0   23    0  
  25    0    0   21   21  
   0   22    0   23   25  
  29   24    0    0   30  
  37    0   32    0   34  
   0   33    0   34   32  
  34   36    0   36    0  
  46    0   45    0   38  
  44    0   44   39    0  
   0    0   48   50   45  
  58   56    0   58    0  
  42   57   48    0    0  
  55    0   55    0   64  
  59   58    0   64    0  
  57    0   51    0   60  
   0   68   67   56    0  
   0   62   65    0   69  
   0   71    0   74   59  
  70   72    0    0   73  
  77    0   69   70    0  
   0    0   73   90   67  
   0   70    0   70   91  
   0   79   88    0   89  
 101    0    0  100   93  
  98    0   78  106    0  
   0    0   94   80   90  
   0    0  103  100  102  
  96    0    0  102  119  
  97  103    0  114    0  
 118  129    0  123    0  
 121   97    0  117    0  
 101  123  132    0    0  
 116    0  104  112    0  
 136    0  123  141    0  
   0    0  141  146  134  
   0  113  143  134    0  
 128  133    0    0  128  
 138  141    0    0  155  
   0  140  151    0  138  
   0  127    0  122  136  
   0  151  125  163    0  
   0  151    0  137  143  
 168    0  134    0  151  
 164  144    0    0  150  
   0  151  136  176    0  
 154    0  178    0  159  
   0  170  161    0  146  
 145  174    0  182    0  
 204  188    0    0  179  
 172    0  155  173    0  
   0    0  200  209  154  
 184  190    0  199    0  
   0    0  176  166  202  
 167  174  184    0    0  
 191    0  172    0  185  
 174  190  211    0    0  
   0    0  232  226  206  
   0  228  204    0  172  
   0  181  237    0  201  
 211    0  235  201    0  
 181    0    0  198  218  
   0    0  192  199  212  
 216  255    0  196    0  
 249    0  197  215    0  
 226  233  253    0    0  
 226    0    0  241  235  
   0    0  225  232  242  
 219  242    0    0  220  
 209    0  223  266    0  
   0  236    0  213  269  
 217    0  248    0  266  
   0    0  207  212  212  
   0  267    0  270  287  
 212  234    0  242    0  
   0  222    0  298  253  
   0    0  298  239  292  
 260  276    0    0  289  
   0    0  250  243  274  
 235  299    0    0  262  
 255    0  295  290    0  
   0  277  314  254    0  
 263    0  281    0  301  
 316    0    0  284  261  
 232    0    0  232  288  
 261    0  238  247    0  
 290    0  264  256    0  
   0  316    0  334  274  
   0    0  281  303  250  
   0  307  285    0  339  
 299    0    0  300  328  
 327    0  341  329    0  
 270    0  281  334    0  
 356  333  273    0    0  
   0    0  292  348  288  
   0  291  276    0  366  
 333  275  352    0    0  
 353    0    0  364  313  
 286  367    0    0  373  
   0  348  388  343    0  
   0  326  345    0  350  
   0  327  290  379    0  
   0  392  305    0  323  
 393    0    0  404  295  
 401  353    0    0  395  
 344  398    0    0  344  
 382  395    0    0  338  
   0  407  381    0  377  
 382    0  317    0  363  
 331    0  336  318    0  
 340  359    0  358    0  
   0  410  381  421    0  
 375    0  331    0  347  
 437    0    0  325  392  
   0  356  431    0  363  
 422    0  455  335    0  
 457    0  329    0  454  
   0  453  436    0  361  
   0  405  431    0  339  
   0  335  391    0  344  
 406    0    0  440  395  ] 
 ] 
