K : 125
I : 5
C : 25
INSTANCE : 2
PREFERENCES : [    0    0    1    3    2  
   0    1    3    0    2  
   3    0    2    0    1  
   0    3    1    2    0  
   2    0    0    1    3  
   0    1    3    2    0  
   0    0    2    1    3  
   0    1    3    0    2  
   3    0    1    0    2  
   0    2    3    0    1  
   2    0    1    0    3  
   1    2    0    3    0  
   0    0    1    3    2  
   1    0    3    0    2  
   1    3    2    0    0  
   0    0    2    1    3  
   2    0    3    0    1  
   3    1    0    2    0  
   2    1    0    0    3  
   1    0    0    2    3  
   1    2    0    0    3  
   1    2    3    0    0  
   1    2    0    3    0  
   1    0    3    0    2  
   1    0    3    0    2  
   1    0    3    0    2  
   0    1    3    2    0  
   3    1    2    0    0  
   2    0    0    1    3  
   0    3    0    1    2  
   3    0    0    1    2  
   3    1    0    0    2  
   0    3    1    0    2  
   0    3    2    1    0  
   0    0    2    1    3  
   0    3    0    2    1  
   1    2    3    0    0  
   0    0    3    1    2  
   1    2    3    0    0  
   2    1    0    0    3  
   3    2    0    1    0  
   0    1    0    3    2  
   1    3    0    2    0  
   2    1    3    0    0  
   0    1    3    0    2  
   0    1    0    2    3  
   3    1    0    0    2  
   2    3    0    0    1  
   1    0    0    2    3  
   1    0    2    3    0  
   0    3    0    1    2  
   3    2    0    1    0  
   0    0    1    3    2  
   1    0    0    3    2  
   0    2    3    0    1  
   2    0    0    3    1  
   2    1    3    0    0  
   0    1    0    2    3  
   2    3    0    1    0  
   0    0    1    3    2  
   1    2    0    3    0  
   0    1    2    0    3  
   0    2    0    1    3  
   3    2    1    0    0  
   3    0    1    0    2  
   1    2    0    3    0  
   1    0    0    2    3  
   0    0    3    2    1  
   0    3    2    0    1  
   1    0    2    0    3  
   2    0    0    1    3  
   0    1    3    0    2  
   3    1    0    2    0  
   2    0    1    0    3  
   3    0    0    2    1  
   1    3    2    0    0  
   3    0    1    0    2  
   1    2    0    3    0  
   1    2    3    0    0  
   3    0    0    2    1  
   2    3    0    0    1  
   2    0    3    0    1  
   2    0    1    3    0  
   3    1    0    2    0  
   2    1    3    0    0  
   2    1    0    0    3  
   3    2    0    1    0  
   0    1    2    3    0  
   1    0    2    3    0  
   0    2    1    0    3  
   2    0    0    3    1  
   2    0    3    1    0  
   0    1    3    0    2  
   1    0    2    3    0  
   0    3    1    0    2  
   0    0    1    2    3  
   2    0    1    3    0  
   0    0    1    3    2  
   0    0    2    3    1  
   0    1    2    0    3  
   0    2    3    0    1  
   2    3    0    0    1  
   0    2    0    1    3  
   3    2    0    1    0  
   0    3    1    2    0  
   0    1    0    2    3  
   3    1    0    0    2  
   1    0    2    3    0  
   2    0    3    0    1  
   0    0    3    2    1  
   0    1    0    2    3  
   2    0    1    0    3  
   2    1    0    3    0  
   0    0    2    3    1  
   2    3    0    0    1  
   3    2    1    0    0  
   1    0    0    2    3  
   3    2    0    1    0  
   0    0    2    3    1  
   0    2    1    3    0  
   0    0    3    1    2  
   0    2    1    3    0  
   3    0    2    0    1  
   0    1    2    0    3  
   0    3    1    2    0  ] 
RESERVATION PRICES : [    0    0    6    6    6  
   0    9   11    0    9  
  15    0   16    0   13  
   0   18   21   22    0  
  18    0    0   24   20  
   0   25   27   27    0  
   0    0   29   27   31  
   0   24   26    0   32  
  31    0   27    0   30  
   0   41   42    0   40  
  43    0   38    0   32  
  42   48    0   49    0  
   0    0   45   45   40  
  45    0   48    0   42  
  49   51   56    0    0  
   0    0   60   62   51  
  56    0   49    0   51  
  58   67    0   62    0  
  65   56    0    0   60  
  55    0    0   59   66  
  76   66    0    0   69  
  82   64   73    0    0  
  87   65    0   84    0  
  86    0   70    0   83  
  75    0   90    0   79  
  77    0   95    0   87  
   0   76   95   71    0  
  93   98  102    0    0  
  85    0    0   86  103  
   0   85    0  106   97  
  97    0    0   90  106  
 107  103    0    0  102  
   0   93   89    0  113  
   0   87  102  100    0  
   0    0  108   94   93  
   0  119    0  129  120  
  98  129  125    0    0  
   0    0  120  108  100  
 114  114  142    0    0  
 128  121    0    0  112  
 147  116    0  120    0  
   0  114    0  157  154  
 134  125    0  153    0  
 128  144  125    0    0  
   0  166  135    0  150  
   0  142    0  156  161  
 135  133    0    0  153  
 145  137    0    0  149  
 154    0    0  158  178  
 178    0  142  175    0  
   0  181    0  179  163  
 135  147    0  171    0  
   0    0  171  169  177  
 169    0    0  157  163  
   0  181  194    0  175  
 150    0    0  149  149  
 169  165  182    0    0  
   0  202    0  209  178  
 176  188    0  175    0  
   0    0  185  189  180  
 188  177    0  185    0  
   0  202  165    0  189  
   0  223    0  212  212  
 173  196  177    0    0  
 215    0  183    0  208  
 220  220    0  196    0  
 208    0    0  200  206  
   0    0  245  210  196  
   0  240  235    0  225  
 240    0  254    0  219  
 256    0    0  209  218  
   0  205  264    0  258  
 211  252    0  200    0  
 233    0  247    0  263  
 269    0    0  267  243  
 204  274  240    0    0  
 237    0  260    0  253  
 258  289    0  235    0  
 247  262  227    0    0  
 293    0    0  250  239  
 263  276    0    0  266  
 240    0  263    0  295  
 279    0  292  301    0  
 262  315    0  244    0  
 299  258  249    0    0  
 308  313    0    0  288  
 285  267    0  319    0  
   0  317  263  257    0  
 314    0  287  249    0  
   0  282  306    0  301  
 308    0    0  314  270  
 330    0  279  324    0  
   0  338  348    0  319  
 279    0  330  276    0  
   0  356  286    0  313  
   0    0  356  261  330  
 313    0  362  338    0  
   0    0  284  285  351  
   0    0  365  272  292  
   0  328  274    0  332  
   0  339  348    0  264  
 366  334    0    0  271  
   0  319    0  356  324  
 313  326    0  291    0  
   0  343  365  279    0  
   0  357    0  380  379  
 298  372    0    0  378  
 333    0  335  308    0  
 372    0  326    0  297  
   0    0  309  320  373  
   0  386    0  378  324  
 314    0  346    0  404  
 330  404    0  397    0  
   0    0  338  424  399  
 308  366    0    0  426  
 426  409  372    0    0  
 372    0    0  389  420  
 411  442    0  413    0  
   0    0  379  382  409  
   0  379  404  349    0  
   0    0  382  403  422  
   0  363  364  380    0  
 408    0  373    0  453  
   0  415  393    0  343  
   0  348  343  409    0  ] 
 ] 
