K : 75
I : 10
C : 15
INSTANCE : 1
PREFERENCES : [    0    4    2    5    0    1    0    0    3    0  
   4    0    1    2    3    0    0    0    5    0  
   0    3    0    0    0    0    2    1    5    4  
   3    0    2    0    0    5    1    4    0    0  
   0    0    4    2    1    0    5    0    0    3  
   3    0    5    0    1    0    0    0    2    4  
   0    0    3    4    0    2    0    1    0    5  
   0    0    1    0    0    2    5    4    3    0  
   0    0    3    0    4    2    5    0    1    0  
   4    0    1    0    0    0    2    3    5    0  
   0    5    0    0    2    3    0    0    1    4  
   1    3    0    0    0    0    2    4    0    5  
   4    0    0    2    1    0    3    5    0    0  
   4    0    2    0    0    0    5    3    0    1  
   2    3    5    0    0    1    4    0    0    0  
   0    4    0    0    5    0    3    2    1    0  
   2    0    0    5    3    0    0    4    0    1  
   4    0    0    5    0    0    1    2    3    0  
   0    4    0    5    0    0    0    3    1    2  
   0    3    1    0    0    2    0    5    4    0  
   0    0    2    0    5    4    3    1    0    0  
   5    0    4    1    2    0    0    0    3    0  
   3    1    5    2    4    0    0    0    0    0  
   0    3    0    0    1    4    5    2    0    0  
   0    1    0    5    0    4    2    3    0    0  
   5    2    3    0    0    0    0    0    4    1  
   0    1    4    0    5    0    3    0    2    0  
   1    3    2    0    5    4    0    0    0    0  
   3    0    2    4    0    0    0    5    1    0  
   2    4    0    0    0    0    1    3    5    0  
   4    0    1    0    3    2    0    5    0    0  
   0    0    0    4    2    3    1    0    0    5  
   0    5    0    4    2    0    3    0    0    1  
   0    1    0    0    0    5    4    0    3    2  
   0    2    1    0    0    0    5    4    0    3  
   0    4    2    0    0    0    5    3    1    0  
   0    2    0    3    0    1    0    0    5    4  
   1    4    5    0    0    0    3    0    0    2  
   3    0    0    0    5    1    4    0    2    0  
   3    0    4    5    1    0    0    0    2    0  
   3    0    5    0    1    0    2    0    4    0  
   4    2    0    1    5    0    3    0    0    0  
   0    5    4    3    2    0    0    0    1    0  
   4    1    0    0    5    0    3    0    2    0  
   0    3    2    0    1    4    0    5    0    0  
   0    4    3    1    0    0    0    0    2    5  
   0    0    2    5    3    0    0    1    0    4  
   1    3    0    0    0    2    5    0    0    4  
   0    3    2    0    0    0    1    4    0    5  
   0    0    0    0    0    3    1    4    2    5  
   0    5    4    2    0    0    0    1    3    0  
   5    0    3    0    2    0    0    4    0    1  
   0    0    0    1    4    3    0    0    5    2  
   2    4    0    0    0    3    0    5    1    0  
   4    0    0    5    0    3    2    1    0    0  
   0    1    0    0    0    3    5    2    4    0  
   4    3    0    2    0    0    5    1    0    0  
   5    0    1    4    0    0    0    2    0    3  
   2    0    0    1    0    0    0    4    5    3  
   3    0    1    0    0    2    0    0    4    5  
   0    0    3    5    4    0    2    0    0    1  
   2    1    0    5    0    0    3    0    0    4  
   0    0    4    0    0    5    2    3    1    0  
   0    2    0    3    1    0    5    0    0    4  
   2    0    0    1    0    0    5    3    4    0  
   0    0    0    3    1    4    5    2    0    0  
   0    3    5    4    0    1    2    0    0    0  
   2    1    5    3    0    0    0    0    0    4  
   5    1    0    4    3    0    2    0    0    0  
   2    1    0    3    0    5    0    0    4    0  
   0    3    0    4    0    0    1    5    2    0  
   1    2    0    0    0    3    0    4    5    0  
   1    0    3    0    0    0    4    0    5    2  
   2    0    5    0    0    4    3    0    0    1  
   0    5    1    3    0    0    0    4    0    2  ] 
RESERVATION PRICES : [    0    6    5    5    0    5    0    0    6    0  
  14    0   12   13   11    0    0    0   11    0  
   0   14    0    0    0    0   18   17   16   15  
  23    0   22    0    0   23   21   22    0    0  
   0    0   23   22   23    0   20    0    0   21  
  33    0   33    0   32    0    0    0   31   30  
   0    0   26   33    0   30    0   26    0   34  
   0    0   38    0    0   37   30   40   33    0  
   0    0   41    0   38   44   44    0   37    0  
  49    0   40    0    0    0   39   49   40    0  
   0   50    0    0   46   48    0    0   46   54  
  47   57    0    0    0    0   58   51    0   56  
  57    0    0   48   49    0   47   62    0    0  
  52    0   56    0    0    0   52   70    0   53  
  69   71   61    0    0   65   65    0    0    0  
   0   65    0    0   66    0   65   77   59    0  
  63    0    0   81   72    0    0   80    0   73  
  74    0    0   81    0    0   76   65   83    0  
   0   75    0   78    0    0    0   81   86   89  
   0   85   67    0    0   82    0   65   70    0  
   0    0   88    0   69   87   71   71    0    0  
  98    0   94   99   97    0    0    0   94    0  
 100   88  104   77   81    0    0    0    0    0  
   0   90    0    0   84  106  101   86    0    0  
   0  116    0  110    0  102   92   87    0    0  
  97  117  119    0    0    0    0    0  106  119  
   0   95  102    0   93    0   93    0   97    0  
 121  116   98    0  103  124    0    0    0    0  
 113    0  119  100    0    0    0  109  115    0  
 121  105    0    0    0    0  109  109   92    0  
 123    0  108    0  134  122    0  117    0    0  
   0    0    0  115  116  118  119    0    0  110  
   0  109    0  108  113    0  119    0    0  100  
   0  106    0    0    0  114  112    0  123  123  
   0  120  134    0    0    0  148  115    0  125  
   0  146  113    0    0    0  142  132  128    0  
   0  110    0  137    0  148    0    0  140  137  
 146  119  115    0    0    0  121    0    0  138  
 146    0    0    0  134  144  159    0  123    0  
 131    0  154  151  157    0    0    0  133    0  
 139    0  139    0  136    0  139    0  151    0  
 127  161    0  143  134    0  144    0    0    0  
   0  129  156  144  157    0    0    0  154    0  
 160  159    0    0  155    0  130    0  140    0  
   0  137  135    0  181  159    0  163    0    0  
   0  152  173  176    0    0    0    0  150  175  
   0    0  154  177  176    0    0  140    0  165  
 171  187    0    0    0  180  153    0    0  183  
   0  148  162    0    0    0  193  176    0  144  
   0    0    0    0    0  173  163  167  184  181  
   0  147  191  181    0    0    0  169  201    0  
 192    0  200    0  153    0    0  180    0  173  
   0    0    0  182  190  164    0    0  181  166  
 168  162    0    0    0  199    0  207  201    0  
 194    0    0  166    0  169  201  204    0    0  
   0  194    0    0    0  210  172  193  178    0  
 206  211    0  213    0    0  190  208    0    0  
 175    0  219  194    0    0    0  186    0  190  
 170    0    0  198    0    0    0  195  210  224  
 183    0  193    0    0  220    0    0  186  170  
   0    0  201  205  208    0  179    0    0  221  
 181  189    0  212    0    0  234    0    0  227  
   0    0  219    0    0  240  216  229  217    0  
   0  232    0  202  199    0  224    0    0  197  
 214    0    0  216    0    0  192  233  204    0  
   0    0    0  241  203  246  228  225    0    0  
   0  202  220  237    0  245  200    0    0    0  
 229  245  235  254    0    0    0    0    0  192  
 236  195    0  194  194    0  205    0    0    0  
 263  255    0  224    0  204    0    0  224    0  
   0  264    0  191    0    0  198  226  202    0  
 206  197    0    0    0  269    0  268  229    0  
 269    0  251    0    0    0  265    0  212  250  
 265    0  231    0    0  227  269    0    0  241  
   0  234  245  229    0    0    0  208    0  218  ] 
 ] 
