K : 125
I : 5
C : 25
INSTANCE : 5
PREFERENCES : [    0    2    1    3    0  
   0    0    2    3    1  
   0    0    1    3    2  
   2    3    0    0    1  
   2    1    3    0    0  
   0    1    0    3    2  
   0    3    2    1    0  
   2    0    3    1    0  
   0    1    0    3    2  
   3    2    0    0    1  
   3    2    0    1    0  
   2    3    0    0    1  
   0    2    0    3    1  
   3    0    0    1    2  
   2    1    0    3    0  
   0    2    1    0    3  
   3    2    0    0    1  
   0    2    3    1    0  
   0    3    2    1    0  
   0    2    3    1    0  
   3    0    2    1    0  
   0    3    2    1    0  
   0    0    2    1    3  
   1    0    2    0    3  
   1    0    3    2    0  
   1    0    3    2    0  
   3    1    0    2    0  
   0    0    2    3    1  
   0    0    3    1    2  
   0    1    2    3    0  
   0    3    2    0    1  
   0    2    1    0    3  
   0    2    0    1    3  
   0    3    2    1    0  
   2    1    0    3    0  
   0    0    3    2    1  
   0    1    2    0    3  
   1    2    3    0    0  
   0    2    1    0    3  
   2    1    0    3    0  
   0    3    1    2    0  
   2    1    0    0    3  
   0    1    3    2    0  
   2    0    0    1    3  
   0    3    0    1    2  
   0    0    1    2    3  
   1    3    0    0    2  
   0    1    0    2    3  
   3    0    2    1    0  
   0    3    2    0    1  
   0    3    1    2    0  
   0    1    3    0    2  
   1    0    0    3    2  
   2    0    1    3    0  
   2    0    3    1    0  
   0    3    2    1    0  
   0    3    2    1    0  
   1    0    3    2    0  
   0    2    0    3    1  
   0    2    3    0    1  
   1    0    0    2    3  
   3    0    1    2    0  
   0    0    1    3    2  
   0    0    2    1    3  
   0    0    1    3    2  
   0    1    0    2    3  
   0    0    1    2    3  
   2    3    0    0    1  
   0    1    3    0    2  
   0    2    0    3    1  
   1    3    0    2    0  
   2    0    3    1    0  
   3    0    1    2    0  
   1    2    0    3    0  
   0    3    2    0    1  
   3    1    0    2    0  
   3    0    1    0    2  
   0    1    0    2    3  
   2    0    1    0    3  
   2    0    3    1    0  
   0    3    2    0    1  
   1    0    0    2    3  
   0    0    2    3    1  
   1    2    0    3    0  
   0    3    2    0    1  
   3    0    2    0    1  
   3    1    2    0    0  
   1    2    0    3    0  
   0    1    2    3    0  
   0    0    3    2    1  
   3    0    1    2    0  
   0    2    1    0    3  
   2    3    0    1    0  
   2    0    3    1    0  
   0    2    0    3    1  
   0    2    0    1    3  
   3    0    1    2    0  
   2    3    0    1    0  
   2    0    0    3    1  
   0    1    0    2    3  
   1    0    2    0    3  
   3    1    0    0    2  
   3    0    1    2    0  
   2    0    0    1    3  
   0    1    3    0    2  
   0    0    1    2    3  
   3    2    0    0    1  
   1    0    3    0    2  
   0    0    3    2    1  
   0    1    0    3    2  
   3    1    2    0    0  
   2    0    1    0    3  
   0    0    2    1    3  
   0    1    3    0    2  
   3    1    2    0    0  
   1    0    3    0    2  
   1    0    2    3    0  
   0    1    3    0    2  
   0    3    0    1    2  
   1    0    2    3    0  
   3    2    1    0    0  
   1    3    0    2    0  
   0    1    2    0    3  
   1    0    2    0    3  
   0    2    1    3    0  ] 
RESERVATION PRICES : [    0    9    8    9    0  
   0    0    9   10    9  
   0    0   16   18   18  
  23   21    0    0   17  
  23   21   20    0    0  
   0   27    0   27   28  
   0   25   30   33    0  
  39    0   41   38    0  
   0   38    0   40   39  
  39   44    0    0   37  
  38   47    0   37    0  
  43   44    0    0   49  
   0   54    0   52   44  
  56    0    0   53   45  
  65   63    0   56    0  
   0   61   72    0   64  
  69   58    0    0   74  
   0   60   70   59    0  
   0   79   67   75    0  
   0   78   64   65    0  
  65    0   82   76    0  
   0   77   85   82    0  
   0    0   74   87   83  
  92    0   77    0   73  
  76    0   79   90    0  
  87    0   87   94    0  
  89   80    0   93    0  
   0    0   92   97  111  
   0    0   87  108  117  
   0  117  110  105    0  
   0  128  104    0  127  
   0  127  122    0  111  
   0  107    0  132  120  
   0  111  136  112    0  
 126  129    0  113    0  
   0    0  113  140  104  
   0  133  134    0  142  
 135  107  118    0    0  
   0  114  142    0  121  
 130  141    0  147    0  
   0  151  117  145    0  
 148  132    0    0  158  
   0  147  147  162    0  
 136    0    0  135  165  
   0  145    0  130  160  
   0    0  135  134  169  
 139  180    0    0  139  
   0  146    0  166  163  
 179    0  173  160    0  
   0  165  193    0  188  
   0  170  162  159    0  
   0  195  196    0  185  
 150    0    0  208  184  
 186    0  156  192    0  
 199    0  212  196    0  
   0  175  217  192    0  
   0  193  221  169    0  
 178    0  223  207    0  
   0  188    0  228  169  
   0  206  200    0  181  
 221    0    0  185  206  
 229    0  189  216    0  
   0    0  214  178  243  
   0    0  239  243  184  
   0    0  222  229  241  
   0  200    0  214  208  
   0    0  198  226  202  
 220  239    0    0  248  
   0  211  214    0  239  
   0  210    0  238  237  
 243  268    0  237    0  
 212    0  277  279    0  
 269    0  280  243    0  
 258  226    0  248    0  
   0  223  220    0  231  
 217  219    0  247    0  
 260    0  210    0  229  
   0  235    0  250  242  
 253    0  257    0  274  
 297    0  262  302    0  
   0  295  285    0  242  
 227    0    0  252  296  
   0    0  272  225  234  
 239  237    0  233    0  
   0  280  279    0  253  
 273    0  287    0  296  
 306  241  327    0    0  
 288  322    0  240    0  
   0  271  312  317    0  
   0    0  290  328  246  
 283    0  328  329    0  
   0  267  261    0  298  
 295  265    0  314    0  
 335    0  258  274    0  
   0  319    0  303  334  
   0  344    0  327  350  
 299    0  307  265    0  
 285  304    0  308    0  
 320    0    0  354  355  
   0  313    0  357  323  
 375    0  294    0  277  
 374  337    0    0  298  
 282    0  292  377    0  
 375    0    0  321  353  
   0  387  330    0  294  
   0    0  333  350  320  
 301  336    0    0  371  
 374    0  360    0  313  
   0    0  418  345  398  
   0  404    0  348  322  
 372  381  406    0    0  
 377    0  349    0  422  
   0    0  366  343  332  
   0  359  343    0  427  
 414  429  357    0    0  
 367    0  371    0  393  
 400    0  321  387    0  
   0  406  424    0  383  
   0  449    0  433  393  
 451    0  362  397    0  
 346  379  430    0    0  
 333  358    0  438    0  
   0  421  395    0  389  
 443    0  459    0  349  
   0  421  339  423    0  ] 
 ] 
