K : 100
I : 5
C : 4
INSTANCE : 3
PREFERENCES : [    0    2    0    3    1  
   0    2    3    0    1  
   0    2    1    3    0  
   3    0    1    0    2  
   2    1    0    3    0  
   0    0    1    2    3  
   2    0    1    0    3  
   1    0    2    3    0  
   0    0    2    1    3  
   0    2    1    3    0  
   0    1    2    3    0  
   0    3    1    2    0  
   3    1    2    0    0  
   3    0    1    2    0  
   1    2    0    3    0  
   0    3    1    2    0  
   0    3    0    1    2  
   0    3    1    2    0  
   3    2    0    1    0  
   1    2    0    0    3  
   3    0    1    0    2  
   0    0    2    1    3  
   2    3    0    0    1  
   3    0    1    0    2  
   0    1    0    2    3  
   2    0    1    3    0  
   3    0    1    2    0  
   0    0    3    1    2  
   2    0    1    3    0  
   0    2    0    1    3  
   3    0    0    1    2  
   0    3    1    0    2  
   2    0    1    0    3  
   0    1    0    3    2  
   2    0    3    1    0  
   2    0    3    0    1  
   3    1    0    0    2  
   0    1    3    2    0  
   0    2    3    1    0  
   3    0    1    2    0  
   0    2    1    3    0  
   0    2    3    1    0  
   0    3    2    1    0  
   0    1    3    2    0  
   1    2    3    0    0  
   2    3    0    1    0  
   0    0    1    3    2  
   0    3    2    1    0  
   1    3    0    2    0  
   0    3    0    2    1  
   2    0    1    0    3  
   3    2    1    0    0  
   1    0    3    2    0  
   3    2    0    1    0  
   1    0    0    2    3  
   0    3    1    0    2  
   0    1    2    0    3  
   0    2    0    1    3  
   0    0    3    2    1  
   0    3    2    1    0  
   1    0    0    2    3  
   3    2    0    1    0  
   3    2    0    0    1  
   2    0    0    3    1  
   0    2    0    1    3  
   1    0    3    0    2  
   3    1    2    0    0  
   3    2    0    0    1  
   0    2    1    0    3  
   0    2    1    3    0  
   3    0    1    0    2  
   0    1    3    2    0  
   0    2    1    0    3  
   1    3    0    2    0  
   2    3    0    1    0  
   1    0    0    3    2  
   2    0    0    3    1  
   2    0    3    0    1  
   2    0    1    3    0  
   3    1    0    0    2  
   1    0    0    3    2  
   0    0    1    2    3  
   0    2    0    3    1  
   2    0    0    3    1  
   3    1    0    2    0  
   3    0    1    2    0  
   2    0    0    1    3  
   2    0    3    0    1  
   0    0    3    2    1  
   0    2    0    3    1  
   0    2    1    0    3  
   1    2    0    0    3  
   0    2    1    0    3  
   0    3    0    2    1  
   2    0    1    3    0  
   3    2    0    1    0  
   1    0    0    3    2  
   1    2    0    3    0  
   0    0    2    1    3  
   3    1    2    0    0  ] 
RESERVATION PRICES : [    0    5    0    5    6  
   0    6    5    0    5  
   0    9    9   10    0  
  14    0   15    0   15  
  14   12    0   15    0  
   0    0   21   19   20  
  23    0   23    0   24  
  25    0   25   23    0  
   0    0   27   28   31  
   0   34   29   26    0  
   0   37   36   34    0  
   0   38   46   41    0  
  48   45   50    0    0  
  51    0   41   39    0  
  46   44    0   40    0  
   0   55   53   40    0  
   0   47    0   55   42  
   0   61   50   54    0  
  60   48    0   58    0  
  67   61    0    0   65  
  55    0   70    0   63  
   0    0   71   73   73  
  82   74    0    0   60  
  69    0   64    0   82  
   0   83    0   76   67  
  72    0   96   87    0  
  93    0   95  103    0  
   0    0   79  101   80  
  84    0   94   86    0  
   0  114    0   86  103  
 106    0    0   98   90  
   0   85   88    0   93  
 117    0   97    0  109  
   0  119    0  109  114  
 124    0   93   91    0  
 104    0  101    0   97  
 103  120    0    0  128  
   0  111  112  116    0  
   0  130  121  105    0  
 114    0  142  112    0  
   0  133  131  136    0  
   0  139  144  137    0  
   0  156  119  139    0  
   0  154  126  119    0  
 132  162  131    0    0  
 125  122    0  129    0  
   0    0  133  140  131  
   0  150  167  148    0  
 168  138    0  169    0  
   0  147    0  138  179  
 173    0  154    0  176  
 165  173  188    0    0  
 191    0  162  180    0  
 173  170    0  198    0  
 176    0    0  148  163  
   0  195  157    0  165  
   0  168  161    0  197  
   0  182    0  168  173  
   0    0  202  159  185  
   0  183  214  176    0  
 195    0    0  175  214  
 214  181    0  172    0  
 229  196    0    0  223  
 214    0    0  235  174  
   0  191    0  236  199  
 225    0  244    0  215  
 228  216  219    0    0  
 186  222    0    0  242  
   0  188  195    0  211  
   0  252  193  245    0  
 257    0  268    0  197  
   0  272  236  213    0  
   0  236  251    0  265  
 243  230    0  269    0  
 287  243    0  228    0  
 235    0    0  242  282  
 258    0    0  242  273  
 228    0  238    0  225  
 265    0  280  279    0  
 273  251    0    0  301  
 305    0    0  232  306  
   0    0  301  251  246  
   0  296    0  246  289  
 242    0    0  264  299  
 309  292    0  303    0  
 267    0  250  332    0  
 299    0    0  310  270  
 283    0  291    0  294  
   0    0  249  290  345  
   0  305    0  274  316  
   0  285  259    0  258  
 272  328    0    0  346  
   0  273  341    0  333  
   0  360    0  354  321  
 267    0  284  330    0  
 306  279    0  344    0  
 313    0    0  343  333  
 329  304    0  318    0  
   0    0  359  360  327  
 342  291  366    0    0  ] 
 ] 
