K : 150
I : 15
C : 24
INSTANCE : 2
PREFERENCES : [    1    0    0    5    0    0    3    0    0    0    0    0    4    0    2  
   0    0    3    0    4    1    0    0    0    0    0    0    2    0    5  
   0    4    0    0    0    0    0    0    5    3    2    0    0    0    1  
   4    0    0    0    0    2    0    0    3    1    0    5    0    0    0  
   0    3    0    0    1    4    0    5    0    0    0    0    2    0    0  
   0    3    2    0    0    0    0    1    0    0    0    5    0    0    4  
   3    0    0    2    0    0    0    1    0    0    5    0    0    4    0  
   0    2    0    0    0    0    0    0    3    0    0    4    1    0    5  
   0    4    0    0    0    0    5    3    0    0    0    0    0    1    2  
   0    0    0    4    0    1    5    2    0    3    0    0    0    0    0  
   4    0    0    3    5    1    0    0    0    0    0    0    0    0    2  
   0    2    0    4    0    0    1    0    0    0    3    5    0    0    0  
   0    4    0    0    0    5    0    0    0    3    0    2    0    0    1  
   0    0    0    0    0    2    0    0    0    5    0    0    4    1    3  
   0    0    0    2    3    0    0    0    5    0    0    4    0    1    0  
   0    0    0    4    0    5    2    3    0    0    0    0    0    1    0  
   2    1    0    0    5    0    0    3    0    0    0    4    0    0    0  
   0    0    0    1    0    5    0    0    0    3    2    4    0    0    0  
   4    2    0    0    5    1    0    0    0    0    0    3    0    0    0  
   5    0    0    0    0    0    4    1    0    3    2    0    0    0    0  
   0    0    4    3    0    2    0    0    0    0    1    0    5    0    0  
   5    0    0    0    3    4    0    1    0    0    0    0    0    2    0  
   3    0    1    0    0    0    0    0    5    2    0    0    4    0    0  
   0    1    0    4    0    0    2    0    0    0    3    0    0    5    0  
   0    4    0    2    0    0    0    0    0    0    0    0    5    3    1  
   2    0    0    4    1    0    0    0    0    0    5    3    0    0    0  
   0    0    3    0    5    0    2    1    0    0    4    0    0    0    0  
   0    0    3    2    0    0    0    0    5    4    0    0    0    0    1  
   0    0    0    0    0    2    0    0    0    5    0    4    3    0    1  
   0    4    0    5    0    0    0    3    0    1    0    0    2    0    0  
   5    0    3    0    0    0    4    0    0    0    0    0    1    2    0  
   1    0    0    0    0    0    0    3    0    0    0    0    2    5    4  
   0    1    0    0    4    0    2    0    0    5    0    0    0    3    0  
   0    1    0    0    0    0    0    5    0    0    4    0    2    0    3  
   0    0    0    0    0    4    0    0    5    0    0    2    3    1    0  
   2    0    0    0    1    0    0    4    5    0    0    0    3    0    0  
   0    0    0    0    0    4    0    0    0    2    1    3    0    0    5  
   0    1    3    0    2    0    0    0    4    0    0    5    0    0    0  
   4    0    0    0    0    0    0    1    0    0    2    5    0    3    0  
   0    0    0    2    3    0    4    5    0    0    0    1    0    0    0  
   0    0    0    2    4    0    0    1    0    0    3    0    0    5    0  
   0    2    0    3    0    1    0    4    0    0    0    5    0    0    0  
   0    0    5    0    2    1    0    4    0    0    0    0    0    0    3  
   0    1    0    0    0    0    0    5    3    2    0    0    0    4    0  
   0    5    0    0    4    3    0    0    0    0    0    1    2    0    0  
   4    0    3    0    0    0    0    0    1    0    2    0    0    5    0  
   1    0    5    0    0    0    0    2    0    4    0    0    3    0    0  
   0    0    0    4    0    0    5    0    1    2    0    0    0    3    0  
   0    0    5    0    4    0    0    1    0    0    0    0    3    0    2  
   0    4    0    3    0    5    0    0    0    2    0    0    0    0    1  
   0    4    0    0    5    0    0    2    0    1    3    0    0    0    0  
   5    2    0    0    0    3    0    0    0    0    0    4    0    1    0  
   0    2    0    0    4    1    0    0    0    5    0    0    3    0    0  
   0    0    0    5    0    1    0    4    0    0    3    0    0    2    0  
   0    2    3    5    0    0    0    1    0    0    4    0    0    0    0  
   0    3    0    0    0    0    0    0    5    0    4    2    0    1    0  
   0    3    0    0    5    4    2    0    1    0    0    0    0    0    0  
   0    0    4    0    0    0    1    0    0    0    3    5    2    0    0  
   0    3    2    0    0    0    1    0    4    0    0    5    0    0    0  
   0    5    0    4    0    0    0    0    0    1    2    0    3    0    0  
   0    0    0    0    0    0    3    0    5    2    4    0    0    0    1  
   0    0    0    0    0    0    2    0    4    3    0    5    0    1    0  
   0    3    0    0    0    1    0    2    0    5    0    0    0    0    4  
   0    1    0    0    0    0    0    3    0    0    2    5    0    4    0  
   0    0    0    0    0    3    0    5    2    1    0    0    4    0    0  
   4    1    0    0    3    0    0    0    2    0    0    0    0    0    5  
   0    0    0    0    0    0    1    0    0    4    3    5    0    0    2  
   0    0    0    0    4    3    0    5    2    0    0    1    0    0    0  
   0    2    3    0    1    5    0    0    4    0    0    0    0    0    0  
   0    0    2    0    5    0    0    0    0    0    3    0    1    0    4  
   0    0    4    2    5    0    0    0    0    3    0    1    0    0    0  
   4    0    0    2    0    0    0    3    0    5    0    0    1    0    0  
   0    4    0    0    0    0    1    0    3    0    5    2    0    0    0  
   0    5    0    0    0    0    2    3    0    0    1    0    0    4    0  
   0    0    0    2    0    3    0    0    0    1    0    4    5    0    0  
   0    5    1    0    2    3    0    0    0    0    4    0    0    0    0  
   4    0    0    2    5    0    0    0    3    0    0    0    0    1    0  
   5    0    0    4    0    1    2    0    0    0    3    0    0    0    0  
   2    4    0    0    0    0    5    0    0    0    0    3    1    0    0  
   2    0    3    4    5    0    0    0    0    0    0    0    0    1    0  
   0    0    5    0    0    0    4    3    0    2    0    0    1    0    0  
   1    0    4    2    0    3    0    0    0    5    0    0    0    0    0  
   0    4    0    0    0    5    0    0    2    0    0    1    0    0    3  
   4    3    0    0    0    2    1    0    0    0    0    0    0    5    0  
   4    0    0    0    3    0    2    0    0    1    0    0    5    0    0  
   0    3    0    0    0    0    0    4    2    0    0    1    0    0    5  
   2    0    0    0    0    0    0    5    3    0    0    1    0    0    4  
   0    0    0    5    1    3    0    0    0    0    0    0    2    0    4  
   0    0    0    1    0    0    0    4    3    0    0    2    0    0    5  
   0    0    1    0    4    0    3    0    0    2    0    5    0    0    0  
   0    2    0    1    0    0    5    4    0    3    0    0    0    0    0  
   0    3    0    0    0    0    0    0    4    0    0    0    2    5    1  
   0    0    3    4    0    0    0    0    2    5    0    0    1    0    0  
   0    0    0    4    0    0    0    1    5    0    0    0    0    2    3  
   1    0    0    0    0    3    4    0    0    5    0    0    2    0    0  
   0    0    0    0    0    3    0    4    1    0    2    0    5    0    0  
   1    0    0    0    4    5    0    0    0    3    0    0    2    0    0  
   0    0    3    1    0    0    2    0    0    0    5    0    4    0    0  
   0    0    0    2    1    0    5    0    0    0    0    4    3    0    0  
   0    0    0    3    0    5    0    0    0    2    0    0    4    0    1  
   2    5    0    0    0    0    4    1    0    0    0    0    0    0    3  
   0    5    0    0    0    0    0    0    0    0    2    3    1    4    0  
   0    0    3    0    5    0    0    0    0    2    0    1    0    4    0  
   0    1    0    0    4    5    0    0    0    3    0    0    0    2    0  
   0    0    4    0    5    0    1    0    0    0    3    2    0    0    0  
   0    0    4    0    0    0    1    0    0    0    0    3    5    0    2  
   0    2    5    1    0    4    0    0    0    3    0    0    0    0    0  
   4    0    0    0    0    1    0    0    2    0    3    0    0    0    5  
   0    0    0    1    0    0    0    4    0    2    0    0    5    3    0  
   3    2    0    0    0    0    0    5    0    0    0    4    0    1    0  
   0    0    3    2    0    0    1    0    0    0    0    4    0    5    0  
   0    0    0    0    4    0    1    0    2    0    5    0    0    0    3  
   0    0    3    0    0    4    0    5    1    0    0    0    0    2    0  
   0    0    4    0    3    0    0    5    0    2    0    0    1    0    0  
   0    2    4    0    3    0    0    0    0    0    5    0    1    0    0  
   0    0    3    0    0    0    0    0    0    0    0    5    4    2    1  
   0    0    0    1    5    4    0    0    0    0    0    2    3    0    0  
   5    0    0    0    1    2    3    4    0    0    0    0    0    0    0  
   0    4    0    5    1    0    0    0    0    0    3    0    0    0    2  
   0    0    5    0    0    0    3    0    0    0    2    0    1    4    0  
   0    0    0    0    0    5    0    0    0    3    2    4    0    1    0  
   2    3    0    0    0    0    0    5    0    0    4    0    0    1    0  
   1    0    2    4    0    0    0    0    0    0    0    3    5    0    0  
   0    2    0    3    0    4    0    0    5    0    0    1    0    0    0  
   0    0    0    2    1    0    0    0    0    0    0    3    4    5    0  
   1    0    0    0    0    5    0    2    0    0    0    0    0    3    4  
   0    5    4    0    3    1    0    0    0    0    0    0    0    2    0  
   0    0    0    3    0    1    5    4    0    0    0    2    0    0    0  
   5    0    0    0    0    0    4    0    1    2    3    0    0    0    0  
   0    3    0    0    5    0    0    0    0    2    0    0    1    0    4  
   0    0    0    0    0    0    0    1    0    0    3    2    0    5    4  
   0    0    1    0    0    0    0    0    5    4    0    3    0    0    2  
   4    5    3    0    0    2    0    0    1    0    0    0    0    0    0  
   0    0    0    5    2    0    0    0    0    1    4    0    0    3    0  
   0    0    0    0    0    1    4    0    2    0    5    3    0    0    0  
   0    0    0    0    4    0    2    0    5    0    3    0    1    0    0  
   2    3    0    0    0    0    1    0    0    0    0    0    4    0    5  
   0    0    0    0    1    0    4    5    0    0    0    3    0    0    2  
   3    0    0    4    0    0    0    0    0    0    0    1    0    5    2  
   0    0    0    0    0    1    0    0    4    0    3    0    0    2    5  
   0    0    2    0    0    0    0    3    5    1    0    4    0    0    0  
   1    3    0    0    0    2    0    4    0    5    0    0    0    0    0  
   0    0    0    0    0    0    2    0    0    1    4    0    5    3    0  
   0    0    5    2    1    0    0    0    0    0    0    0    4    3    0  
   5    0    1    0    0    0    4    2    0    0    0    3    0    0    0  
   0    4    1    0    0    0    0    0    0    0    2    3    0    5    0  
   0    0    0    4    0    0    0    1    2    0    0    3    5    0    0  
   5    4    0    2    1    0    0    3    0    0    0    0    0    0    0  
   0    4    0    0    3    0    0    0    0    0    0    1    0    2    5  
   0    0    0    2    0    3    0    0    0    0    0    5    0    4    1  ] 
RESERVATION PRICES : [    7    0    0    8    0    0    9    0    0    0    0    0    8    0    8  
   0    0   10    0    9    9    0    0    0    0    0    0   11    0   11  
   0   17    0    0    0    0    0    0   17   15   17    0    0    0   17  
  16    0    0    0    0   14    0    0   17   17    0   18    0    0    0  
   0   19    0    0   22   24    0   22    0    0    0    0   19    0    0  
   0   19   24    0    0    0    0   18    0    0    0   19    0    0   18  
  27    0    0   23    0    0    0   23    0    0   26    0    0   23    0  
   0   32    0    0    0    0    0    0   25    0    0   31   33    0   30  
   0   32    0    0    0    0   30   31    0    0    0    0    0   36   31  
   0    0    0   36    0   34   38   42    0   34    0    0    0    0    0  
  38    0    0   38   40   33    0    0    0    0    0    0    0    0   32  
   0   44    0   40    0    0   34    0    0    0   38   42    0    0    0  
   0   47    0    0    0   41    0    0    0   41    0   48    0    0   49  
   0    0    0    0    0   43    0    0    0   51    0    0   47   53   41  
   0    0    0   51   50    0    0    0   41    0    0   45    0   49    0  
   0    0    0   47    0   50   60   54    0    0    0    0    0   50    0  
  57   58    0    0   57    0    0   59    0    0    0   48    0    0    0  
   0    0    0   59    0   53    0    0    0   55   53   54    0    0    0  
  65   56    0    0   49   51    0    0    0    0    0   50    0    0    0  
  60    0    0    0    0    0   64   58    0   57   68    0    0    0    0  
   0    0   75   71    0   69    0    0    0    0   56    0   60    0    0  
  66    0    0    0   61   60    0   60    0    0    0    0    0   65    0  
  69    0   69    0    0    0    0    0   85   73    0    0   76    0    0  
   0   90    0   87    0    0   69    0    0    0   73    0    0   70    0  
   0   82    0   69    0    0    0    0    0    0    0    0   68   79   75  
  84    0    0   71   71    0    0    0    0    0   96   87    0    0    0  
   0    0   94    0   81    0   98   76    0    0   79    0    0    0    0  
   0    0  101   83    0    0    0    0   98   78    0    0    0    0   81  
   0    0    0    0    0   95    0    0    0   89    0   77   96    0   80  
   0   86    0  107    0    0    0  109    0   99    0    0   90    0    0  
  99    0   95    0    0    0  113    0    0    0    0    0  101   87    0  
  92    0    0    0    0    0    0  103    0    0    0    0  112  115  106  
   0  110    0    0  104    0   89    0    0  104    0    0    0  100    0  
   0   90    0    0    0    0    0  120    0    0   95    0   96    0   89  
   0    0    0    0    0  120    0    0  128    0    0  107  106  130    0  
 129    0    0    0  105    0    0  105  108    0    0    0  122    0    0  
   0    0    0    0    0   95    0    0    0  124  113   97    0    0   96  
   0  115  119    0  112    0    0    0  130    0    0  110    0    0    0  
 117    0    0    0    0    0    0  139    0    0  132  135    0  137    0  
   0    0    0  114  111    0  120  121    0    0    0  139    0    0    0  
   0    0    0  144  104    0    0  109    0    0  130    0    0  118    0  
   0  142    0  104    0  121    0  133    0    0    0  138    0    0    0  
   0    0  113    0  126  112    0  143    0    0    0    0    0    0  137  
   0  150    0    0    0    0    0  141  111  114    0    0    0  140    0  
   0  116    0    0  123  126    0    0    0    0    0  133  113    0    0  
 153    0  157    0    0    0    0    0  126    0  135    0    0  147    0  
 139    0  149    0    0    0    0  162    0  124    0    0  129    0    0  
   0    0    0  144    0    0  151    0  149  144    0    0    0  124    0  
   0    0  125    0  148    0    0  156    0    0    0    0  140    0  157  
   0  173    0  163    0  145    0    0    0  149    0    0    0    0  137  
   0  145    0    0  140    0    0  141    0  154  164    0    0    0    0  
 164  147    0    0    0  172    0    0    0    0    0  158    0  176    0  
   0  178    0    0  173  183    0    0    0  160    0    0  148    0    0  
   0    0    0  189    0  148    0  173    0    0  180    0    0  182    0  
   0  147  197  145    0    0    0  171    0    0  156    0    0    0    0  
   0  197    0    0    0    0    0    0  183    0  155  187    0  176    0  
   0  181    0    0  181  177  172    0  188    0    0    0    0    0    0  
   0    0  180    0    0    0  174    0    0    0  186  194  190    0    0  
   0  191  191    0    0    0  188    0  157    0    0  164    0    0    0  
   0  203    0  169    0    0    0    0    0  156  203    0  187    0    0  
   0    0    0    0    0    0  199    0  169  209  180    0    0    0  181  
   0    0    0    0    0    0  175    0  173  199    0  190    0  202    0  
   0  212    0    0    0  163    0  159    0  201    0    0    0    0  182  
   0  170    0    0    0    0    0  179    0    0  209  194    0  207    0  
   0    0    0    0    0  197    0  216  165  191    0    0  196    0    0  
 209  196    0    0  213    0    0    0  190    0    0    0    0    0  179  
   0    0    0    0    0    0  218    0    0  191  201  170    0    0  172  
   0    0    0    0  175  225    0  173  189    0    0  220    0    0    0  
   0  181  190    0  241  224    0    0  225    0    0    0    0    0    0  
   0    0  242    0  202    0    0    0    0    0  205    0  189    0  201  
   0    0  246  215  223    0    0    0    0  227    0  229    0    0    0  
 195    0    0  203    0    0    0  208    0  217    0    0  222    0    0  
   0  224    0    0    0    0  243    0  232    0  195  253    0    0    0  
   0  224    0    0    0    0  223  218    0    0  225    0    0  212    0  
   0    0    0  265    0  265    0    0    0  233    0  250  239    0    0  
   0  229  262    0  237  247    0    0    0    0  242    0    0    0    0  
 237    0    0  242  245    0    0    0  243    0    0    0    0  200    0  
 230    0    0  218    0  267  282    0    0    0  268    0    0    0    0  
 258  268    0    0    0    0  213    0    0    0    0  213  285    0    0  
 245    0  275  285  263    0    0    0    0    0    0    0    0  227    0  
   0    0  231    0    0    0  282  226    0  223    0    0  244    0    0  
 257    0  284  284    0  222    0    0    0  221    0    0    0    0    0  
   0  271    0    0    0  249    0    0  247    0    0  265    0    0  238  
 247  267    0    0    0  265  288    0    0    0    0    0    0  229    0  
 262    0    0    0  262    0  266    0    0  291    0    0  237    0    0  
   0  256    0    0    0    0    0  307  279    0    0  238    0    0  273  
 226    0    0    0    0    0    0  247  245    0    0  259    0    0  276  
   0    0    0  287  303  279    0    0    0    0    0    0  294    0  285  
   0    0    0  323    0    0    0  260  325    0    0  256    0    0  238  
   0    0  290    0  311    0  284    0    0  302    0  288    0    0    0  
   0  262    0  271    0    0  295  242    0  249    0    0    0    0    0  
   0  334    0    0    0    0    0    0  276    0    0    0  318  252  317  
   0    0  326  261    0    0    0    0  286  314    0    0  334    0    0  
   0    0    0  340    0    0    0  340  339    0    0    0    0  270  302  
 343    0    0    0    0  252  274    0    0  340    0    0  262    0    0  
   0    0    0    0    0  317    0  315  297    0  345    0  279    0    0  
 256    0    0    0  354  307    0    0    0  309    0    0  293    0    0  
   0    0  354  337    0    0  362    0    0    0  348    0  278    0    0  
   0    0    0  277  352    0  296    0    0    0    0  284  340    0    0  
   0    0    0  308    0  282    0    0    0  294    0    0  319    0  360  
 268  274    0    0    0    0  285  277    0    0    0    0    0    0  274  
   0  280    0    0    0    0    0    0    0    0  280  273  303  363    0  
   0    0  309    0  370    0    0    0    0  284    0  357    0  328    0  
   0  281    0    0  295  354    0    0    0  340    0    0    0  286    0  
   0    0  320    0  325    0  306    0    0    0  328  377    0    0    0  
   0    0  328    0    0    0  365    0    0    0    0  317  331    0  361  
   0  293  300  350    0  302    0    0    0  292    0    0    0    0    0  
 356    0    0    0    0  310    0    0  363    0  299    0    0    0  312  
   0    0    0  300    0    0    0  374    0  328    0    0  333  397    0  
 344  310    0    0    0    0    0  393    0    0    0  345    0  369    0  
   0    0  335  300    0    0  346    0    0    0    0  401    0  332    0  
   0    0    0    0  346    0  306    0  413    0  376    0    0    0  338  
   0    0  403    0    0  398    0  409  317    0    0    0    0  336    0  
   0    0  330    0  403    0    0  384    0  352    0    0  355    0    0  
   0  374  406    0  360    0    0    0    0    0  318    0  375    0    0  
   0    0  406    0    0    0    0    0    0    0    0  419  395  389  391  
   0    0    0  398  354  388    0    0    0    0    0  394  369    0    0  
 353    0    0    0  399  363  376  339    0    0    0    0    0    0    0  
   0  418    0  328  422    0    0    0    0    0  333    0    0    0  417  
   0    0  392    0    0    0  429    0    0    0  413    0  370  356    0  
   0    0    0    0    0  422    0    0    0  390  431  346    0  391    0  
 359  384    0    0    0    0    0  340    0    0  326    0    0  329    0  
 386    0  363  383    0    0    0    0    0    0    0  360  345    0    0  
   0  394    0  347    0  340    0    0  424    0    0  326    0    0    0  
   0    0    0  361  392    0    0    0    0    0    0  346  442  359    0  
 451    0    0    0    0  460    0  429    0    0    0    0    0  342  368  
   0  391  407    0  378  391    0    0    0    0    0    0    0  420    0  
   0    0    0  457    0  378  346  356    0    0    0  423    0    0    0  
 436    0    0    0    0    0  377    0  417  393  412    0    0    0    0  
   0  385    0    0  393    0    0    0    0  454    0    0  351    0  398  
   0    0    0    0    0    0    0  453    0    0  455  448    0  455  383  
   0    0  364    0    0    0    0    0  406  364    0  422    0    0  419  
 476  458  452    0    0  365    0    0  372    0    0    0    0    0    0  
   0    0    0  371  470    0    0    0    0  438  459    0    0  367    0  
   0    0    0    0    0  392  470    0  381    0  370  443    0    0    0  
   0    0    0    0  460    0  456    0  396    0  439    0  487    0    0  
 439  450    0    0    0    0  488    0    0    0    0    0  409    0  484  
   0    0    0    0  391    0  489  499    0    0    0  471    0    0  437  
 483    0    0  514    0    0    0    0    0    0    0  440    0  478  435  
   0    0    0    0    0  383    0    0  394    0  419    0    0  512  395  
   0    0  441    0    0    0    0  458  439  479    0  447    0    0    0  
 482  440    0    0    0  456    0  496    0  406    0    0    0    0    0  
   0    0    0    0    0    0  396    0    0  496  415    0  425  386    0  
   0    0  392  413  506    0    0    0    0    0    0    0  420  453    0  
 399    0  490    0    0    0  504  492    0    0    0  481    0    0    0  
   0  446  550    0    0    0    0    0    0    0  536  498    0  509    0  
   0    0    0  412    0    0    0  408  512    0    0  489  423    0    0  
 471  530    0  462  462    0    0  418    0    0    0    0    0    0    0  
   0  526    0    0  462    0    0    0    0    0    0  451    0  445  529  
   0    0    0  505    0  491    0    0    0    0    0  558    0  452  507  ] 
 ] 
