K : 125
I : 15
C : 5
INSTANCE : 2
PREFERENCES : [    0    0    0    0    2    4    0    1    3    5    0    0    0    0    0  
   0    0    0    0    2    4    0    1    0    0    0    0    3    0    5  
   0    1    0    0    4    0    0    0    3    0    0    0    0    5    2  
   0    1    3    0    0    0    0    0    0    0    0    2    0    4    5  
   0    3    0    0    2    0    4    5    1    0    0    0    0    0    0  
   0    1    0    0    0    2    5    3    0    0    0    0    0    4    0  
   3    0    1    0    0    0    0    4    0    5    0    0    0    2    0  
   2    0    0    3    5    0    0    0    4    0    1    0    0    0    0  
   1    0    0    0    0    5    0    4    0    0    0    0    0    2    3  
   0    2    3    0    0    0    4    0    0    5    0    0    1    0    0  
   0    5    0    0    0    0    0    2    0    0    3    0    0    1    4  
   1    0    2    0    0    0    0    0    3    5    0    0    0    0    4  
   0    2    0    1    0    0    0    3    0    0    0    5    4    0    0  
   0    4    0    0    0    2    0    0    0    3    1    0    0    5    0  
   0    0    4    0    0    0    3    5    0    0    0    1    2    0    0  
   0    3    0    0    1    0    2    5    0    0    0    0    0    0    4  
   0    0    0    0    0    0    4    0    0    5    2    1    0    0    3  
   0    0    0    0    1    0    0    4    0    0    5    0    0    2    3  
   0    0    2    0    0    1    3    5    4    0    0    0    0    0    0  
   5    0    0    0    0    0    4    0    1    0    2    0    3    0    0  
   0    0    0    4    0    2    0    3    0    5    0    1    0    0    0  
   0    0    0    0    4    0    0    5    3    0    0    2    0    1    0  
   0    1    0    0    0    0    0    0    2    0    0    4    3    0    5  
   0    0    2    0    0    0    0    1    5    0    3    0    4    0    0  
   1    4    0    2    0    0    5    0    0    0    0    0    0    3    0  
   0    0    0    0    1    0    0    0    0    4    0    0    5    2    3  
   0    0    0    0    0    5    1    0    0    2    0    0    3    0    4  
   0    0    3    0    0    2    0    4    1    0    0    0    0    5    0  
   5    0    2    0    1    0    0    0    0    0    4    3    0    0    0  
   2    0    5    0    0    4    0    3    0    1    0    0    0    0    0  
   0    0    4    2    0    0    0    5    0    0    1    0    0    0    3  
   3    0    0    0    0    0    0    1    0    0    5    4    2    0    0  
   3    0    0    0    2    0    0    0    0    4    0    5    0    0    1  
   0    0    1    3    0    0    0    0    0    5    0    0    0    4    2  
   0    0    0    0    0    0    0    2    0    0    3    1    0    4    5  
   0    0    0    0    1    3    4    0    0    5    0    0    0    0    2  
   0    0    0    0    0    0    0    0    1    0    0    3    2    4    5  
   3    0    0    5    0    2    0    0    0    1    0    0    0    0    4  
   0    0    0    0    4    0    5    1    0    0    3    0    0    2    0  
   0    0    4    0    3    0    0    5    0    0    0    1    0    0    2  
   0    2    0    0    1    0    0    0    0    4    0    0    5    3    0  
   3    1    0    4    0    0    0    0    0    5    0    0    0    2    0  
   0    0    0    0    0    0    1    0    0    5    0    4    2    3    0  
   0    0    0    0    0    0    1    4    0    0    5    3    0    0    2  
   0    5    0    0    0    2    0    0    0    0    0    1    3    0    4  
   0    0    0    0    3    0    2    0    0    0    4    5    0    1    0  
   4    0    0    5    0    0    2    0    0    1    3    0    0    0    0  
   0    1    0    5    2    0    0    4    0    0    3    0    0    0    0  
   0    3    0    0    0    0    0    1    2    5    0    4    0    0    0  
   0    0    0    3    0    4    0    0    0    2    0    0    1    5    0  
   3    0    2    0    0    0    0    0    5    0    0    1    0    4    0  
   0    4    0    0    0    0    0    2    0    1    5    0    0    3    0  
   5    2    0    0    0    0    0    0    0    0    0    4    0    1    3  
   0    0    0    0    2    3    0    0    0    5    1    0    0    4    0  
   5    3    0    0    0    0    0    0    0    2    0    1    0    0    4  
   3    0    5    0    0    2    1    0    0    0    0    0    4    0    0  
   0    3    0    0    2    0    5    0    0    0    0    0    0    4    1  
   0    0    3    0    0    0    2    4    1    0    5    0    0    0    0  
   1    0    0    0    5    0    0    0    2    0    0    0    0    4    3  
   4    0    3    0    0    2    5    0    0    0    0    1    0    0    0  
   0    0    4    0    0    0    0    0    5    3    0    0    0    2    1  
   0    0    1    0    0    0    0    3    4    5    0    2    0    0    0  
   0    5    0    0    0    0    4    1    0    0    2    0    0    0    3  
   0    4    0    3    0    0    0    1    5    0    0    0    0    2    0  
   0    0    3    1    0    0    2    0    5    0    0    0    0    4    0  
   0    4    0    0    0    0    0    2    0    0    1    5    0    0    3  
   0    3    0    2    1    0    4    0    0    0    5    0    0    0    0  
   2    4    3    5    0    0    0    0    0    0    0    0    1    0    0  
   0    0    0    5    2    0    1    0    0    0    4    3    0    0    0  
   0    0    0    0    4    3    0    0    2    5    0    1    0    0    0  
   0    0    0    3    0    0    1    5    0    4    0    0    0    2    0  
   1    0    0    4    2    3    0    0    0    0    0    0    0    5    0  
   0    2    0    1    0    0    0    0    0    3    5    4    0    0    0  
   0    0    5    3    0    0    0    4    1    2    0    0    0    0    0  
   0    0    0    5    0    0    4    1    2    0    0    0    0    3    0  
   0    0    0    2    0    0    0    0    1    0    5    0    3    0    4  
   1    4    2    5    0    0    0    0    0    0    0    0    0    3    0  
   0    0    2    0    0    4    0    0    5    3    0    0    1    0    0  
   2    5    0    0    0    0    0    0    4    1    0    0    3    0    0  
   0    0    2    0    0    0    0    0    0    5    1    0    4    0    3  
   0    0    0    5    0    4    2    0    0    0    0    0    1    3    0  
   0    0    1    0    4    0    0    2    0    3    0    0    5    0    0  
   0    4    0    0    0    0    0    3    0    0    5    2    1    0    0  
   3    0    0    0    0    1    0    0    4    0    5    0    0    0    2  
   4    0    2    0    5    0    0    0    1    0    0    3    0    0    0  
   0    0    0    0    0    0    4    0    5    0    2    3    0    0    1  
   0    0    3    0    0    1    0    0    0    0    5    0    0    4    2  
   1    4    0    0    0    0    0    3    0    0    2    0    0    5    0  
   2    0    4    0    0    0    1    0    0    0    0    0    5    0    3  
   0    0    0    4    0    0    0    3    0    0    0    0    1    2    5  
   5    4    0    3    0    0    0    1    0    2    0    0    0    0    0  
   0    0    0    5    0    1    0    0    0    0    4    2    0    3    0  
   0    2    0    0    0    0    3    0    0    1    5    0    0    0    4  
   0    3    4    0    0    0    2    0    0    0    0    0    5    0    1  
   5    0    4    0    0    3    1    0    0    0    0    0    2    0    0  
   1    5    0    0    0    3    0    2    0    0    0    0    4    0    0  
   0    0    0    0    0    0    0    1    3    2    5    0    0    0    4  
   0    2    4    0    3    0    0    1    0    0    0    0    0    0    5  
   2    0    4    3    0    0    1    0    0    0    5    0    0    0    0  
   0    3    0    0    1    0    2    0    0    0    0    0    4    0    5  
   0    0    0    0    5    2    3    1    0    0    0    0    0    4    0  
   0    0    4    3    1    0    0    0    0    2    0    0    0    0    5  
   0    3    0    4    0    0    0    0    0    1    0    2    0    0    5  
   1    0    2    0    0    3    5    0    0    4    0    0    0    0    0  
   3    5    1    0    0    0    4    0    0    2    0    0    0    0    0  
   5    0    3    0    1    0    0    0    2    0    4    0    0    0    0  
   2    0    0    1    3    0    0    0    5    0    4    0    0    0    0  
   3    0    0    2    4    0    0    0    1    5    0    0    0    0    0  
   0    2    0    3    4    0    0    1    0    5    0    0    0    0    0  
   0    0    5    0    0    1    0    0    0    3    0    0    0    2    4  
   2    0    0    0    0    0    1    3    5    0    0    0    0    0    4  
   0    0    0    0    0    0    5    4    3    0    0    0    2    0    1  
   5    0    3    2    0    0    4    1    0    0    0    0    0    0    0  
   0    0    1    0    2    0    0    0    3    4    5    0    0    0    0  
   0    1    0    0    0    5    0    0    0    0    0    0    4    3    2  
   0    1    0    0    5    2    4    0    0    0    0    0    0    0    3  
   5    4    0    0    0    0    0    3    2    0    1    0    0    0    0  
   0    3    0    5    0    0    0    0    1    0    0    0    2    4    0  
   1    0    0    0    0    0    0    5    0    0    4    2    0    3    0  
   0    0    3    2    0    0    0    0    5    0    4    0    0    1    0  
   0    0    0    1    0    0    0    0    0    0    0    5    3    4    2  
   0    0    0    0    5    0    0    3    0    1    4    2    0    0    0  
   5    1    0    0    0    0    4    0    0    0    0    0    3    2    0  
   0    0    0    0    0    1    0    0    3    0    5    0    0    2    4  
   0    0    2    0    0    0    1    5    0    3    0    0    0    4    0  ] 
RESERVATION PRICES : [    0    0    0    0    5    5    0    6    6    6    0    0    0    0    0  
   0    0    0    0   10   10    0    9    0    0    0    0    9    0   10  
   0   16    0    0   14    0    0    0   19    0    0    0    0   15   14  
   0   22   23    0    0    0    0    0    0    0    0   22    0   18   19  
   0   23    0    0   21    0   21   23   21    0    0    0    0    0    0  
   0   21    0    0    0   24   25   19    0    0    0    0    0   24    0  
  30    0   23    0    0    0    0   30    0   30    0    0    0   26    0  
  33    0    0   33   36    0    0    0   35    0   30    0    0    0    0  
  33    0    0    0    0   30    0   41    0    0    0    0    0   38   31  
   0   40   40    0    0    0   40    0    0   31    0    0   32    0    0  
   0   37    0    0    0    0    0   34    0    0   40    0    0   35   45  
  40    0   41    0    0    0    0    0   44   37    0    0    0    0   40  
   0   44    0   38    0    0    0   49    0    0    0   44   46    0    0  
   0   49    0    0    0   36    0    0    0   49   39    0    0   49    0  
   0    0   48    0    0    0   42   48    0    0    0   40   42    0    0  
   0   45    0    0   48    0   46   44    0    0    0    0    0    0   45  
   0    0    0    0    0    0   55    0    0   42   45   57    0    0   58  
   0    0    0    0   45    0    0   44    0    0   50    0    0   56   47  
   0    0   56    0    0   45   48   50   44    0    0    0    0    0    0  
  51    0    0    0    0    0   52    0   52    0   63    0   48    0    0  
   0    0    0   62    0   65    0   53    0   62    0   53    0    0    0  
   0    0    0    0   72    0    0   67   68    0    0   59    0   65    0  
   0   73    0    0    0    0    0    0   69    0    0   71   66    0   60  
   0    0   82    0    0    0    0   69   79    0   77    0   67    0    0  
  77   75    0   79    0    0   88    0    0    0    0    0    0   73    0  
   0    0    0    0   77    0    0    0    0   69    0    0   91   69   73  
   0    0    0    0    0   72   72    0    0   80    0    0   74    0   69  
   0    0   96    0    0   87    0   97   90    0    0    0    0   80    0  
 105    0   93    0   99    0    0    0    0    0   98  100    0    0    0  
  87    0  105    0    0   93    0   96    0   83    0    0    0    0    0  
   0    0   89   99    0    0    0   81    0    0  108    0    0    0   85  
  90    0    0    0    0    0    0   91    0    0   85  114  109    0    0  
 117    0    0    0  109    0    0    0    0   92    0  117    0    0   87  
   0    0  115  123    0    0    0    0    0  121    0    0    0   91   94  
   0    0    0    0    0    0    0  104    0    0  119  105    0  114  124  
   0    0    0    0  127  114  127    0    0  117    0    0    0    0  131  
   0    0    0    0    0    0    0    0  101    0    0  109  103  102  132  
 112    0    0  106    0  104    0    0    0  134    0    0    0    0  128  
   0    0    0    0  120    0  108  138    0    0  116    0    0  116    0  
   0    0  123    0  106    0    0  118    0    0    0  110    0    0  107  
   0  147    0    0  126    0    0    0    0  131    0    0  113  140    0  
 151  148    0  141    0    0    0    0    0  135    0    0    0  117    0  
   0    0    0    0    0    0  142    0    0  155    0  158  124  147    0  
   0    0    0    0    0    0  130  161    0    0  128  140    0    0  160  
   0  148    0    0    0  129    0    0    0    0    0  159  168    0  142  
   0    0    0    0  153    0  129    0    0    0  136  171    0  153    0  
 167    0    0  140    0    0  163    0    0  155  166    0    0    0    0  
   0  157    0  166  179    0    0  175    0    0  153    0    0    0    0  
   0  166    0    0    0    0    0  144  142  150    0  176    0    0    0  
   0    0    0  145    0  153    0    0    0  159    0    0  140  166    0  
 159    0  173    0    0    0    0    0  153    0    0  161    0  155    0  
   0  194    0    0    0    0    0  174    0  158  155    0    0  182    0  
 169  190    0    0    0    0    0    0    0    0    0  192    0  160  204  
   0    0    0    0  179  180    0    0    0  167  186    0    0  204    0  
 198  208    0    0    0    0    0    0    0  197    0  210    0    0  179  
 196    0  198    0    0  199  184    0    0    0    0    0  188    0    0  
   0  218    0    0  173    0  168    0    0    0    0    0    0  199  173  
   0    0  165    0    0    0  168  170  168    0  204    0    0    0    0  
 202    0    0    0  205    0    0    0  183    0    0    0    0  172  174  
 169    0  176    0    0  176  169    0    0    0    0  190    0    0    0  
   0    0  220    0    0    0    0    0  173  226    0    0    0  169  166  
   0    0  222    0    0    0    0  227  212  195    0  192    0    0    0  
   0  227    0    0    0    0  232  183    0    0  214    0    0    0  235  
   0  209    0  213    0    0    0  184  223    0    0    0    0  209    0  
   0    0  200  248    0    0  202    0  196    0    0    0    0  245    0  
   0  221    0    0    0    0    0  221    0    0  215  253    0    0  226  
   0  242    0  194  255    0  221    0    0    0  189    0    0    0    0  
 204  196  252  224    0    0    0    0    0    0    0    0  213    0    0  
   0    0    0  216  203    0  244    0    0    0  208  205    0    0    0  
   0    0    0    0  250  275    0    0  261  234    0  257    0    0    0  
   0    0    0  255    0    0  220  270    0  240    0    0    0  225    0  
 275    0    0  248  211  204    0    0    0    0    0    0    0  267    0  
   0  258    0  245    0    0    0    0    0  275  209  266    0    0    0  
   0    0  270  221    0    0    0  269  217  207    0    0    0    0    0  
   0    0    0  287    0    0  215  277  267    0    0    0    0  262    0  
   0    0    0  250    0    0    0    0  299    0  299    0  224    0  247  
 246  276  240  286    0    0    0    0    0    0    0    0    0  264    0  
   0    0  236    0    0  266    0    0  293  257    0    0  275    0    0  
 230  292    0    0    0    0    0    0  282  260    0    0  244    0    0  
   0    0  251    0    0    0    0    0    0  276  297    0  286    0  238  
   0    0    0  256    0  274  296    0    0    0    0    0  310  302    0  
   0    0  318    0  234    0    0  265    0  233    0    0  302    0    0  
   0  312    0    0    0    0    0  249    0    0  253  253  237    0    0  
 291    0    0    0    0  322    0    0  326    0  306    0    0    0  266  
 312    0  314    0  289    0    0    0  278    0    0  276    0    0    0  
   0    0    0    0    0    0  261    0  305    0  270  308    0    0  322  
   0    0  270    0    0  308    0    0    0    0  299    0    0  329  304  
 260  330    0    0    0    0    0  319    0    0  301    0    0  309    0  
 336    0  260    0    0    0  303    0    0    0    0    0  276    0  303  
   0    0    0  335    0    0    0  348    0    0    0    0  310  268  317  
 296  312    0  331    0    0    0  321    0  291    0    0    0    0    0  
   0    0    0  285    0  358    0    0    0    0  276  317    0  306    0  
   0  318    0    0    0    0  266    0    0  323  342    0    0    0  266  
   0  339  349    0    0    0  365    0    0    0    0    0  347    0  290  
 334    0  332    0    0  282  350    0    0    0    0    0  347    0    0  
 275  273    0    0    0  281    0  320    0    0    0    0  278    0    0  
   0    0    0    0    0    0    0  296  336  278  327    0    0    0  311  
   0  303  296    0  360    0    0  280    0    0    0    0    0    0  290  
 334    0  348  383    0    0  288    0    0    0  360    0    0    0    0  
   0  344    0    0  377    0  328    0    0    0    0    0  280    0  284  
   0    0    0    0  321  323  295  323    0    0    0    0    0  383    0  
   0    0  286  355  366    0    0    0    0  321    0    0    0    0  330  
   0  398    0  302    0    0    0    0    0  365    0  365    0    0  379  
 357    0  310    0    0  315  341    0    0  315    0    0    0    0    0  
 338  339  329    0    0    0  315    0    0  359    0    0    0    0    0  
 345    0  338    0  305    0    0    0  359    0  371    0    0    0    0  
 312    0    0  350  403    0    0    0  361    0  352    0    0    0    0  
 345    0    0  346  412    0    0    0  368  326    0    0    0    0    0  
   0  358    0  376  370    0    0  319    0  407    0    0    0    0    0  
   0    0  404    0    0  386    0    0    0  327    0    0    0  316  396  
 341    0    0    0    0    0  375  374  339    0    0    0    0    0  421  
   0    0    0    0    0    0  350  418  364    0    0    0  426    0  317  
 332    0  405  431    0    0  381  406    0    0    0    0    0    0    0  
   0    0  368    0  369    0    0    0  432  365  409    0    0    0    0  
   0  344    0    0    0  417    0    0    0    0    0    0  369  430  337  
   0  338    0    0  396  413  346    0    0    0    0    0    0    0  371  
 411  328    0    0    0    0    0  405  426    0  412    0    0    0    0  
   0  396    0  352    0    0    0    0  340    0    0    0  352  435    0  
 373    0    0    0    0    0    0  431    0    0  347  398    0  430    0  
   0    0  408  389    0    0    0    0  358    0  376    0    0  376    0  
   0    0    0  389    0    0    0    0    0    0    0  334  415  440  352  
   0    0    0    0  440    0    0  337    0  337  406  335    0    0    0  
 343  365    0    0    0    0  349    0    0    0    0    0  382  403    0  
   0    0    0    0    0  458    0    0  433    0  415    0    0  339  430  
   0    0  364    0    0    0  430  445    0  444    0    0    0  451    0  ] 
 ] 
