K : 125
I : 15
C : 25
INSTANCE : 1
PREFERENCES : [    0    0    1    0    0    3    0    0    0    2    0    0    4    5    0  
   0    0    0    0    0    4    0    0    0    0    0    3    1    5    2  
   0    0    0    0    0    0    3    0    0    2    4    1    5    0    0  
   0    0    0    0    0    0    0    1    4    2    0    5    0    3    0  
   0    0    1    0    4    0    0    0    0    5    2    0    0    3    0  
   1    0    0    0    4    0    0    0    0    0    5    2    3    0    0  
   5    0    0    0    0    1    0    2    4    0    0    0    0    3    0  
   0    0    0    0    0    0    1    0    0    2    0    5    3    0    4  
   2    0    4    5    0    0    0    0    0    3    0    0    0    0    1  
   5    0    0    0    0    0    0    0    0    2    3    1    0    0    4  
   0    3    0    0    0    1    0    5    0    4    0    0    0    2    0  
   1    0    0    0    0    0    0    0    3    0    0    4    2    5    0  
   0    1    0    0    0    0    5    3    0    0    0    2    4    0    0  
   0    4    0    0    1    3    0    5    0    0    0    0    0    0    2  
   0    0    0    0    5    0    2    0    0    3    1    0    4    0    0  
   0    0    4    0    1    0    2    0    0    0    0    3    0    0    5  
   0    3    0    4    1    0    2    0    0    0    0    0    5    0    0  
   0    0    3    2    0    0    0    0    0    1    0    0    5    4    0  
   0    0    0    3    2    0    5    4    0    0    0    0    0    0    1  
   4    0    0    0    0    0    5    0    2    0    0    0    1    3    0  
   0    1    4    0    0    5    0    0    0    0    3    0    2    0    0  
   0    4    3    0    0    5    0    0    0    0    0    2    0    1    0  
   1    2    0    5    4    0    0    0    0    0    0    0    0    3    0  
   2    0    0    0    0    0    0    0    5    0    1    0    3    4    0  
   0    4    2    0    5    3    0    0    0    0    0    0    0    0    1  
   2    0    5    0    0    0    0    0    1    4    0    0    0    0    3  
   4    2    3    1    0    0    0    0    0    5    0    0    0    0    0  
   2    0    0    3    0    0    0    5    1    0    4    0    0    0    0  
   0    4    0    0    1    0    0    0    0    5    0    0    3    2    0  
   0    0    2    4    0    0    1    0    0    5    0    3    0    0    0  
   5    3    0    0    2    0    0    4    0    0    0    0    0    0    1  
   5    0    0    0    0    1    3    4    0    2    0    0    0    0    0  
   1    0    0    0    5    0    0    0    4    0    3    0    2    0    0  
   0    2    0    5    0    3    0    0    0    1    0    0    0    0    4  
   0    0    0    5    0    1    0    4    0    0    0    3    0    0    2  
   0    0    0    0    5    0    0    0    0    3    0    2    0    4    1  
   3    0    1    0    5    4    0    0    2    0    0    0    0    0    0  
   0    5    0    0    1    0    0    2    4    3    0    0    0    0    0  
   0    0    0    1    0    0    5    4    3    0    0    0    2    0    0  
   0    0    4    2    0    0    3    0    0    0    1    0    5    0    0  
   0    5    3    4    0    0    2    0    1    0    0    0    0    0    0  
   0    0    1    0    0    0    0    2    0    5    0    4    0    0    3  
   0    0    5    0    0    0    0    3    1    2    4    0    0    0    0  
   1    0    0    0    5    0    0    0    0    3    0    4    0    0    2  
   0    0    0    0    0    0    3    4    1    0    0    0    5    2    0  
   4    0    5    0    2    0    0    1    0    0    0    3    0    0    0  
   0    0    0    2    5    0    1    0    0    4    3    0    0    0    0  
   4    0    0    0    0    5    0    3    0    0    0    2    0    0    1  
   0    0    2    0    0    1    0    0    0    0    4    0    3    0    5  
   0    0    1    0    0    3    0    0    0    0    2    5    0    4    0  
   0    4    3    2    0    0    0    5    0    0    0    0    1    0    0  
   0    0    4    0    0    0    0    0    2    5    1    0    0    3    0  
   0    0    0    0    0    0    0    1    0    0    2    0    4    5    3  
   5    0    2    4    0    3    0    1    0    0    0    0    0    0    0  
   1    5    0    0    0    0    0    0    0    0    0    2    4    0    3  
   0    0    0    0    0    2    0    0    0    1    0    0    5    4    3  
   0    0    0    0    4    0    0    0    5    0    2    3    0    0    1  
   5    0    0    0    0    0    4    2    0    1    0    0    0    0    3  
   0    0    0    0    0    0    1    5    0    0    0    0    3    2    4  
   0    3    0    1    0    0    0    0    0    0    0    4    2    0    5  
   0    2    5    0    0    3    0    0    0    0    0    0    4    1    0  
   0    0    0    0    0    0    5    0    3    2    4    1    0    0    0  
   0    0    0    2    0    0    0    0    1    0    5    4    0    0    3  
   0    0    3    5    0    2    4    0    0    0    0    0    1    0    0  
   4    0    1    0    0    0    5    0    0    0    0    2    0    3    0  
   2    1    0    0    5    0    0    4    0    0    0    0    0    3    0  
   3    0    2    0    0    1    0    0    4    0    0    5    0    0    0  
   3    0    4    0    0    0    0    0    0    5    0    1    0    0    2  
   0    0    3    0    4    0    0    0    2    1    5    0    0    0    0  
   0    1    5    4    0    0    0    2    3    0    0    0    0    0    0  
   0    3    0    0    0    0    5    4    2    0    0    0    0    1    0  
   0    5    1    2    0    3    0    0    0    0    0    4    0    0    0  
   0    4    3    0    0    0    0    5    0    0    2    0    0    1    0  
   3    5    0    0    0    0    4    0    0    0    0    0    2    1    0  
   0    0    1    4    0    0    3    0    0    5    0    0    2    0    0  
   0    0    1    4    0    0    0    0    3    0    0    0    2    0    5  
   0    1    0    0    0    5    0    0    0    0    4    0    3    2    0  
   0    1    5    0    0    3    0    0    0    2    4    0    0    0    0  
   3    0    0    2    0    0    1    5    0    4    0    0    0    0    0  
   0    0    0    0    1    3    0    5    0    2    0    0    0    0    4  
   0    0    0    5    0    2    0    3    0    0    0    0    0    1    4  
   3    1    2    0    0    0    0    0    0    0    0    0    4    5    0  
   0    0    1    0    0    3    0    5    4    0    0    0    2    0    0  
   0    1    0    0    0    0    5    4    3    0    0    0    2    0    0  
   0    0    0    0    0    3    2    0    4    0    0    0    0    1    5  
   3    0    0    0    0    1    0    0    4    0    0    0    5    0    2  
   0    5    0    0    0    4    1    0    0    0    2    3    0    0    0  
   0    0    0    0    1    0    0    0    0    3    4    0    2    0    5  
   2    0    0    0    0    0    0    0    3    0    5    4    1    0    0  
   0    0    0    0    0    0    0    0    0    5    0    2    1    3    4  
   3    0    4    0    0    1    2    0    0    0    0    0    0    0    5  
   0    0    0    3    0    2    0    5    0    1    0    0    0    4    0  
   3    0    1    0    0    0    2    4    0    0    0    5    0    0    0  
   0    0    2    0    0    0    0    0    0    5    0    1    4    0    3  
   0    0    0    0    0    0    2    0    0    4    0    1    3    0    5  
   1    0    2    0    0    3    0    0    5    4    0    0    0    0    0  
   0    4    0    3    0    1    0    0    0    0    0    0    5    0    2  
   2    0    4    5    0    0    0    1    0    0    0    0    0    3    0  
   0    0    0    2    4    0    0    0    1    3    0    0    0    5    0  
   0    3    0    4    0    0    0    2    0    0    0    5    0    0    1  
   0    0    0    0    0    4    2    0    0    5    0    3    0    0    1  
   0    0    0    0    0    0    0    2    0    4    0    1    5    3    0  
   0    0    0    0    0    0    3    0    2    0    5    1    4    0    0  
   3    5    0    4    0    0    0    0    0    2    0    0    0    1    0  
   5    0    0    0    3    0    0    0    0    0    0    0    1    2    4  
   1    0    4    0    0    0    0    0    0    0    5    3    0    0    2  
   1    0    0    3    0    0    2    0    0    0    0    4    0    5    0  
   4    0    0    1    0    0    5    0    2    0    0    0    0    0    3  
   0    2    0    5    0    3    1    0    0    0    0    0    0    4    0  
   0    2    0    0    0    3    0    1    5    0    0    0    4    0    0  
   0    0    3    5    0    0    1    0    2    0    0    0    4    0    0  
   0    0    4    0    2    0    0    0    0    0    0    3    0    5    1  
   5    4    0    0    0    1    0    0    2    0    0    0    0    0    3  
   4    0    0    0    0    5    0    0    0    0    3    0    2    0    1  
   5    2    0    0    0    0    4    1    0    0    0    0    3    0    0  
   2    0    4    0    1    0    0    0    0    0    0    0    0    3    5  
   0    0    0    0    0    1    2    0    0    0    0    4    5    0    3  
   1    0    0    3    0    0    5    0    0    4    0    0    0    2    0  
   0    0    5    4    2    1    0    0    0    0    0    3    0    0    0  
   2    4    1    0    0    0    0    0    0    0    0    0    3    5    0  
   0    2    0    0    0    3    5    1    0    0    0    0    4    0    0  
   0    4    0    0    2    3    0    0    0    0    0    0    1    0    5  
   0    0    1    0    3    0    0    0    0    0    4    2    0    0    5  
   0    1    0    0    0    5    2    0    3    0    0    0    0    0    4  
   0    0    0    0    4    0    1    2    5    0    0    0    0    3    0  ] 
RESERVATION PRICES : [    0    0   10    0    0    9    0    0    0   10    0    0   10    9    0  
   0    0    0    0    0   11    0    0    0    0    0    9   10   11   10  
   0    0    0    0    0    0   15    0    0   16   18   18   15    0    0  
   0    0    0    0    0    0    0   17   17   17    0   15    0   16    0  
   0    0   21    0   22    0    0    0    0   19   21    0    0   22    0  
  20    0    0    0   21    0    0    0    0    0   23   19   20    0    0  
  21    0    0    0    0   21    0   25   23    0    0    0    0   20    0  
   0    0    0    0    0    0   28    0    0   28    0   26   27    0   29  
  25    0   27   33    0    0    0    0    0   28    0    0    0    0   31  
  29    0    0    0    0    0    0    0    0   30   40   30    0    0   32  
   0   43    0    0    0   40    0   41    0   38    0    0    0   36    0  
  39    0    0    0    0    0    0    0   40    0    0   38   35   39    0  
   0   35    0    0    0    0   38   45    0    0    0   36   44    0    0  
   0   49    0    0   42   44    0   54    0    0    0    0    0    0   51  
   0    0    0    0   50    0   40    0    0   43   53    0   45    0    0  
   0    0   49    0   44    0   51    0    0    0    0   44    0    0   39  
   0   45    0   59   59    0   51    0    0    0    0    0   58    0    0  
   0    0   52   59    0    0    0    0    0   56    0    0   49   43    0  
   0    0    0   53   55    0   57   52    0    0    0    0    0    0   50  
  67    0    0    0    0    0   66    0   68    0    0    0   65   66    0  
   0   60   67    0    0   71    0    0    0    0   54    0   60    0    0  
   0   71   55    0    0   72    0    0    0    0    0   70    0   62    0  
  71   69    0   58   73    0    0    0    0    0    0    0    0   75    0  
  66    0    0    0    0    0    0    0   65    0   65    0   70   62    0  
   0   84   72    0   84   72    0    0    0    0    0    0    0    0   68  
  75    0   75    0    0    0    0    0   71   85    0    0    0    0   76  
  87   83   73   78    0    0    0    0    0   76    0    0    0    0    0  
  94    0    0   89    0    0    0   75   91    0   84    0    0    0    0  
   0   76    0    0   75    0    0    0    0   98    0    0  100   92    0  
   0    0   80  101    0    0  103    0    0  102    0   80    0    0    0  
  87   97    0    0  109    0    0   83    0    0    0    0    0    0  112  
  89    0    0    0    0   94   82   81    0  107    0    0    0    0    0  
  91    0    0    0  112    0    0    0  108    0   94    0  113    0    0  
   0   99    0  109    0   86    0    0    0   91    0    0    0    0  113  
   0    0    0   91    0  123    0   92    0    0    0   97    0    0   96  
   0    0    0    0   97    0    0    0    0  122    0  109    0  115  120  
 111    0  129    0  108  100    0    0  123    0    0    0    0    0    0  
   0  108    0    0  108    0    0  127  113  126    0    0    0    0    0  
   0    0    0  122    0    0  121  102  117    0    0    0  114    0    0  
   0    0  122  114    0    0  111    0    0    0  116    0  117    0    0  
   0  107  142  126    0    0  130    0  142    0    0    0    0    0    0  
   0    0  109    0    0    0    0  127    0  123    0  121    0    0  110  
   0    0  142    0    0    0    0  147  151  143  126    0    0    0    0  
 145    0    0    0  155    0    0    0    0  121    0  148    0    0  122  
   0    0    0    0    0    0  149  117  136    0    0    0  127  156    0  
 139    0  144    0  147    0    0  151    0    0    0  155    0    0    0  
   0    0    0  160  164    0  150    0    0  131  157    0    0    0    0  
 136    0    0    0    0  133    0  140    0    0    0  126    0    0  129  
   0    0  139    0    0  155    0    0    0    0  173    0  164    0  132  
   0    0  132    0    0  166    0    0    0    0  157  168    0  149    0  
   0  155  145  160    0    0    0  144    0    0    0    0  159    0    0  
   0    0  142    0    0    0    0    0  190  147  166    0    0  187    0  
   0    0    0    0    0    0    0  138    0    0  170    0  137  180  181  
 193    0  167  146    0  150    0  174    0    0    0    0    0    0    0  
 161  180    0    0    0    0    0    0    0    0    0  186  186    0  166  
   0    0    0    0    0  149    0    0    0  198    0    0  194  179  170  
   0    0    0    0  194    0    0    0  186    0  200  194    0    0  174  
 163    0    0    0    0    0  167  188    0  177    0    0    0    0  198  
   0    0    0    0    0    0  203  180    0    0    0    0  212  165  203  
   0  203    0  162    0    0    0    0    0    0    0  157  178    0  186  
   0  190  206    0    0  191    0    0    0    0    0    0  168  175    0  
   0    0    0    0    0    0  168    0  188  218  186  219    0    0    0  
   0    0    0  211    0    0    0    0  186    0  176  173    0    0  198  
   0    0  222  169    0  168  227    0    0    0    0    0  229    0    0  
 201    0  171    0    0    0  179    0    0    0    0  197    0  207    0  
 239  221    0    0  190    0    0  213    0    0    0    0    0  203    0  
 226    0  207    0    0  220    0    0  194    0    0  219    0    0    0  
 213    0  189    0    0    0    0    0    0  187    0  238    0    0  178  
   0    0  186    0  237    0    0    0  240  206  183    0    0    0    0  
   0  191  196  215    0    0    0  219  187    0    0    0    0    0    0  
   0  214    0    0    0    0  252  207  199    0    0    0    0  243    0  
   0  218  259  191    0  216    0    0    0    0    0  190    0    0    0  
   0  217  223    0    0    0    0  208    0    0  189    0    0  232    0  
 208  258    0    0    0    0  189    0    0    0    0    0  193  238    0  
   0    0  243  197    0    0  244    0    0  240    0    0  224    0    0  
   0    0  229  263    0    0    0    0  197    0    0    0  230    0  202  
   0  235    0    0    0  196    0    0    0    0  234    0  203  228    0  
   0  256  229    0    0  243    0    0    0  215  272    0    0    0    0  
 245    0    0  257    0    0  244  215    0  274    0    0    0    0    0  
   0    0    0    0  261  263    0  244    0  275    0    0    0    0  244  
   0    0    0  248    0  232    0  244    0    0    0    0    0  260  290  
 247  221  245    0    0    0    0    0    0    0    0    0  281  296    0  
   0    0  221    0    0  289    0  292  287    0    0    0  265    0    0  
   0  247    0    0    0    0  258  275  247    0    0    0  254    0    0  
   0    0    0    0    0  239  231    0  255    0    0    0    0  238  270  
 274    0    0    0    0  228    0    0  308    0    0    0  305    0  256  
   0  304    0    0    0  300  259    0    0    0  303  264    0    0    0  
   0    0    0    0  274    0    0    0    0  245  298    0  279    0  232  
 261    0    0    0    0    0    0    0  315    0  319  260  322    0    0  
   0    0    0    0    0    0    0    0    0  301    0  280  288  332  324  
 258    0  299    0    0  294  274    0    0    0    0    0    0    0  335  
   0    0    0  245    0  310    0  254    0  321    0    0    0  311    0  
 256    0  330    0    0    0  321  270    0    0    0  336    0    0    0  
   0    0  287    0    0    0    0    0    0  311    0  323  248    0  262  
   0    0    0    0    0    0  299    0    0  284    0  347  278    0  263  
 255    0  330    0    0  256    0    0  349  256    0    0    0    0    0  
   0  343    0  265    0  328    0    0    0    0    0    0  293    0  268  
 309    0  363  323    0    0    0  318    0    0    0    0    0  312    0  
   0    0    0  294  321    0    0    0  280  318    0    0    0  324    0  
   0  270    0  311    0    0    0  272    0    0    0  297    0    0  336  
   0    0    0    0    0  335  314    0    0  361    0  353    0    0  363  
   0    0    0    0    0    0    0  296    0  315    0  334  349  361    0  
   0    0    0    0    0    0  278    0  332    0  297  353  286    0    0  
 338  325    0  372    0    0    0    0    0  343    0    0    0  318    0  
 376    0    0    0  351    0    0    0    0    0    0    0  387  335  385  
 287    0  329    0    0    0    0    0    0    0  359  397    0    0  387  
 391    0    0  361    0    0  358    0    0    0    0  365    0  329    0  
 398    0    0  329    0    0  317    0  312    0    0    0    0    0  400  
   0  357    0  411    0  385  373    0    0    0    0    0    0  406    0  
   0  371    0    0    0  302    0  309  351    0    0    0  334    0    0  
   0    0  396  388    0    0  374    0  325    0    0    0  326    0    0  
   0    0  375    0  340    0    0    0    0    0    0  343    0  330  375  
 385  400    0    0    0  357    0    0  390    0    0    0    0    0  401  
 395    0    0    0    0  366    0    0    0    0  417    0  392    0  363  
 364  393    0    0    0    0  403  430    0    0    0    0  337    0    0  
 347    0  403    0  395    0    0    0    0    0    0    0    0  392  429  
   0    0    0    0    0  371  384    0    0    0    0  434  402    0  385  
 328    0    0  437    0    0  357    0    0  416    0    0    0  379    0  
   0    0  402  356  393  346    0    0    0    0    0  326    0    0    0  
 336  434  423    0    0    0    0    0    0    0    0    0  331  443    0  
   0  383    0    0    0  378  375  422    0    0    0    0  394    0    0  
   0  386    0    0  445  404    0    0    0    0    0    0  356    0  444  
   0    0  374    0  456    0    0    0    0    0  381  429    0    0  357  
   0  374    0    0    0  371  392    0  355    0    0    0    0    0  334  
   0    0    0    0  450    0  373  460  404    0    0    0    0  416    0  ] 
 ] 
