K : 150
I : 15
C : 30
INSTANCE : 1
PREFERENCES : [    0    0    0    3    0    0    0    5    0    4    0    1    0    2    0  
   4    0    5    0    1    0    0    2    0    0    0    0    0    3    0  
   2    0    0    0    0    0    0    0    5    0    4    1    0    3    0  
   0    2    0    0    4    0    0    0    0    0    1    5    0    0    3  
   0    0    0    0    0    1    4    2    5    0    0    0    0    0    3  
   0    2    0    0    0    0    3    0    0    1    4    5    0    0    0  
   0    3    0    0    0    0    4    0    5    2    0    0    0    1    0  
   0    2    0    0    0    0    5    1    0    0    3    0    0    0    4  
   0    1    0    2    5    0    0    0    0    0    0    0    3    4    0  
   0    0    5    4    0    0    0    0    3    0    2    0    1    0    0  
   0    0    2    3    0    0    4    0    0    0    5    1    0    0    0  
   0    1    0    0    0    0    2    0    5    0    0    4    0    3    0  
   0    2    0    5    0    0    0    1    0    4    0    0    0    3    0  
   0    4    0    2    0    0    1    0    0    5    0    0    3    0    0  
   2    0    0    0    0    0    0    0    3    5    0    4    0    0    1  
   0    0    0    0    0    0    0    1    0    0    4    2    3    5    0  
   2    0    0    0    1    5    0    0    0    4    0    3    0    0    0  
   4    0    0    0    0    0    0    0    1    3    5    0    2    0    0  
   2    5    0    0    0    0    0    4    0    3    0    1    0    0    0  
   0    0    3    0    0    0    5    0    0    0    0    4    1    0    2  
   0    0    2    5    0    0    0    0    0    0    0    1    4    3    0  
   0    2    0    4    0    0    0    0    0    0    1    5    0    3    0  
   0    0    0    0    5    0    0    4    3    0    1    0    0    0    2  
   1    2    0    0    0    0    0    3    0    0    5    0    4    0    0  
   3    0    0    0    0    0    0    4    0    0    0    0    2    1    5  
   0    0    1    0    0    0    0    4    0    0    3    0    0    5    2  
   0    0    0    4    0    0    0    0    2    3    1    5    0    0    0  
   0    0    2    0    0    1    3    5    0    0    0    4    0    0    0  
   0    0    0    0    5    0    0    0    3    2    0    0    1    0    4  
   0    0    4    0    0    0    0    2    0    5    0    3    0    1    0  
   1    0    0    0    0    0    0    0    5    0    4    0    3    2    0  
   0    0    0    0    4    3    0    0    2    1    0    0    0    0    5  
   3    2    0    1    0    0    0    0    0    0    0    0    0    5    4  
   0    0    5    4    0    0    0    0    0    1    0    3    2    0    0  
   0    0    5    2    1    0    0    0    0    0    0    0    4    3    0  
   0    0    0    0    0    1    3    0    0    4    2    0    0    0    5  
   0    0    0    0    1    5    4    0    0    0    0    2    0    3    0  
   0    0    3    0    0    5    0    1    0    0    2    4    0    0    0  
   4    0    0    0    2    0    0    0    0    5    1    0    0    0    3  
   0    0    1    2    0    4    0    3    0    0    0    5    0    0    0  
   0    4    0    3    0    0    0    0    0    0    5    0    2    1    0  
   0    0    0    2    0    0    1    0    0    0    0    4    5    0    3  
   5    3    0    0    0    2    0    0    0    0    1    4    0    0    0  
   3    0    0    5    0    0    0    0    0    4    1    0    0    2    0  
   0    0    0    0    4    1    0    0    0    0    3    5    2    0    0  
   2    0    0    5    3    0    0    0    0    1    0    0    0    4    0  
   0    0    0    0    0    2    0    0    1    0    5    4    3    0    0  
   4    0    2    0    0    0    0    3    5    0    1    0    0    0    0  
   0    2    0    0    3    0    0    4    0    0    0    0    5    1    0  
   3    4    0    5    0    0    0    0    0    0    0    2    0    0    1  
   0    0    0    0    0    0    4    3    2    0    5    1    0    0    0  
   5    1    0    0    4    0    0    2    0    0    0    3    0    0    0  
   0    0    1    2    0    3    0    0    5    4    0    0    0    0    0  
   0    0    2    0    3    0    0    5    1    0    0    0    0    0    4  
   0    0    0    0    5    2    0    3    1    0    0    4    0    0    0  
   0    2    3    0    1    0    0    0    5    0    0    0    0    0    4  
   0    0    3    0    0    0    4    0    0    2    0    0    0    1    5  
   0    0    0    4    0    0    0    0    0    0    0    5    2    3    1  
   0    1    3    0    0    5    2    0    0    4    0    0    0    0    0  
   2    0    1    3    0    0    0    0    0    5    0    0    0    4    0  
   0    3    0    4    0    1    5    0    0    0    0    0    0    0    2  
   0    1    3    4    0    0    0    0    2    0    0    0    5    0    0  
   5    0    3    0    2    1    0    0    0    0    0    4    0    0    0  
   0    5    2    0    4    0    0    1    0    3    0    0    0    0    0  
   0    0    0    0    5    1    0    0    4    0    0    0    0    3    2  
   5    2    3    0    0    0    1    0    0    0    0    0    4    0    0  
   0    0    0    0    0    0    5    1    4    0    0    0    3    2    0  
   0    3    0    1    0    5    0    0    0    0    4    0    0    0    2  
   4    2    1    0    0    0    0    0    0    3    0    0    5    0    0  
   5    0    0    2    4    3    0    0    0    0    0    1    0    0    0  
   2    0    0    5    0    0    0    0    0    1    0    3    0    0    4  
   5    0    4    0    2    0    3    1    0    0    0    0    0    0    0  
   0    1    0    0    4    0    0    0    0    3    0    0    5    2    0  
   0    0    0    0    0    0    0    2    0    3    0    0    5    1    4  
   0    0    2    0    0    0    0    0    0    5    4    3    0    1    0  
   0    0    0    0    1    4    0    0    0    3    2    0    0    5    0  
   0    2    5    0    4    0    0    0    0    0    1    0    0    0    3  
   0    0    0    0    0    5    0    0    1    0    4    3    2    0    0  
   0    0    0    0    2    1    4    0    0    0    0    3    0    5    0  
   0    2    0    1    0    0    4    0    0    0    3    5    0    0    0  
   0    0    0    0    0    1    3    0    2    0    0    4    0    0    5  
   0    0    3    4    0    0    5    0    0    2    0    0    0    0    1  
   0    0    0    0    0    1    0    0    0    4    0    0    5    3    2  
   0    5    0    0    4    0    0    1    0    0    3    0    2    0    0  
   4    0    1    0    0    2    0    0    0    3    0    0    5    0    0  
   0    0    5    1    0    4    0    0    2    3    0    0    0    0    0  
   0    0    0    0    1    0    0    4    0    0    0    5    0    3    2  
   0    1    0    0    0    2    4    0    0    0    3    5    0    0    0  
   0    0    0    1    5    0    2    0    0    3    0    0    0    4    0  
   0    2    0    0    0    0    5    0    0    0    0    0    3    1    4  
   5    0    0    3    0    0    4    0    0    0    0    2    1    0    0  
   0    4    0    1    5    0    0    2    0    3    0    0    0    0    0  
   1    0    0    4    0    0    3    2    0    0    0    0    0    0    5  
   0    0    0    0    2    0    0    4    5    0    0    3    1    0    0  
   0    2    1    3    0    0    4    0    0    0    0    5    0    0    0  
   1    0    0    0    0    0    5    3    2    0    0    0    0    0    4  
   0    0    0    0    0    0    0    0    5    4    0    1    2    0    3  
   0    0    0    0    5    0    0    0    1    3    0    2    0    4    0  
   1    0    0    3    0    5    0    0    0    0    4    0    0    0    2  
   0    2    0    4    3    0    0    0    1    0    0    5    0    0    0  
   1    0    4    0    0    0    0    0    0    2    3    0    5    0    0  
   0    5    0    0    4    3    2    0    0    0    0    0    0    0    1  
   0    0    0    0    3    0    0    0    2    4    1    5    0    0    0  
   0    5    0    0    0    1    0    0    0    0    4    3    2    0    0  
   5    0    0    0    0    4    3    0    0    1    0    2    0    0    0  
   0    3    0    0    5    0    0    0    0    2    4    0    1    0    0  
   0    0    5    0    4    0    0    0    0    0    0    1    0    3    2  
   2    4    5    0    0    0    0    0    0    0    0    0    0    1    3  
   0    0    0    0    1    0    2    0    0    3    0    4    5    0    0  
   0    2    0    3    0    0    0    0    0    0    0    0    1    4    5  
   0    0    0    0    1    0    0    0    5    4    0    3    2    0    0  
   0    0    0    1    3    0    0    5    2    0    0    0    0    0    4  
   0    0    0    3    5    4    0    2    0    0    1    0    0    0    0  
   0    3    0    4    2    1    0    0    0    5    0    0    0    0    0  
   2    1    0    0    0    3    0    0    0    0    4    0    5    0    0  
   0    4    0    0    0    0    0    0    3    0    0    0    5    2    1  
   0    0    0    0    0    4    3    1    0    0    0    5    2    0    0  
   0    0    0    0    0    4    0    1    0    0    0    5    2    3    0  
   0    0    0    0    0    0    4    0    1    0    2    0    3    0    5  
   0    0    4    2    3    0    0    0    0    5    1    0    0    0    0  
   0    0    0    0    2    4    0    0    0    5    3    0    0    1    0  
   1    0    0    0    0    2    0    3    0    4    0    5    0    0    0  
   0    0    0    0    5    2    3    4    0    1    0    0    0    0    0  
   0    0    0    0    5    1    4    3    2    0    0    0    0    0    0  
   0    1    0    0    4    0    3    2    0    0    5    0    0    0    0  
   3    2    0    5    0    0    0    0    0    1    0    0    0    0    4  
   0    0    0    0    2    0    0    0    5    0    4    3    1    0    0  
   0    0    1    0    5    0    0    0    0    2    0    0    0    4    3  
   2    0    3    0    0    0    5    0    0    0    0    1    4    0    0  
   0    0    0    2    0    4    0    0    3    0    0    1    0    5    0  
   0    0    0    2    0    0    0    1    0    0    5    4    3    0    0  
   1    2    0    0    0    0    0    0    4    5    0    0    0    3    0  
   0    0    1    0    4    5    0    0    0    0    0    0    3    2    0  
   4    3    5    0    0    0    2    0    0    0    0    0    1    0    0  
   0    0    0    0    0    3    0    2    0    0    1    4    5    0    0  
   3    0    0    0    0    0    1    0    2    0    4    0    0    5    0  
   0    0    0    2    0    0    4    0    0    1    0    0    3    5    0  
   5    0    0    0    2    1    0    0    0    0    0    0    3    0    4  
   0    0    0    0    0    3    2    5    4    0    0    0    1    0    0  
   0    4    0    0    0    0    0    0    5    0    1    2    0    3    0  
   5    2    0    0    1    0    0    4    0    0    0    3    0    0    0  
   0    0    2    5    4    0    0    0    0    0    0    0    0    3    1  
   0    5    0    2    0    0    0    3    4    0    1    0    0    0    0  
   0    0    0    0    5    0    4    0    1    0    0    2    0    0    3  
   0    0    0    3    5    0    0    1    0    0    0    4    0    2    0  
   0    0    0    0    0    0    5    0    3    1    4    0    0    2    0  
   0    0    0    2    0    0    5    0    0    3    0    1    0    4    0  
   2    0    4    0    0    0    0    5    1    0    3    0    0    0    0  
   0    0    0    0    0    0    5    0    2    4    0    1    3    0    0  
   0    2    0    4    0    5    0    0    0    3    0    1    0    0    0  ] 
RESERVATION PRICES : [    0    0    0    9    0    0    0    8    0   10    0    8    0   10    0  
   9    0   10    0   11    0    0   10    0    0    0    0    0    9    0  
  13    0    0    0    0    0    0    0   15    0   16   17    0   15    0  
   0   24    0    0   21    0    0    0    0    0   22   22    0    0   22  
   0    0    0    0    0   25   21   25   26    0    0    0    0    0   22  
   0   23    0    0    0    0   27    0    0   27   25   30    0    0    0  
   0   34    0    0    0    0   28    0   29   30    0    0    0   37    0  
   0   31    0    0    0    0   40   40    0    0   40    0    0    0   39  
   0   45    0   38   39    0    0    0    0    0    0    0   36   36    0  
   0    0   43   37    0    0    0    0   48    0   43    0   41    0    0  
   0    0   55   54    0    0   47    0    0    0   45   41    0    0    0  
   0   56    0    0    0    0   43    0   41    0    0   45    0   44    0  
   0   47    0   52    0    0    0   47    0   48    0    0    0   43    0  
   0   50    0   64    0    0   50    0    0   53    0    0   50    0    0  
  54    0    0    0    0    0    0    0   50   57    0   51    0    0   55  
   0    0    0    0    0    0    0   64    0    0   60   64   49   59    0  
  72    0    0    0   54   59    0    0    0   73    0   53    0    0    0  
  57    0    0    0    0    0    0    0   55   63   57    0   58    0    0  
  74   63    0    0    0    0    0   56    0   62    0   62    0    0    0  
   0    0   75    0    0    0   59    0    0    0    0   74   76    0   73  
   0    0   64   66    0    0    0    0    0    0    0   72   66   71    0  
   0   84    0   83    0    0    0    0    0    0   69   86    0   84    0  
   0    0    0    0   86    0    0   82   84    0   72    0    0    0   71  
  95   79    0    0    0    0    0   93    0    0   82    0   87    0    0  
  97    0    0    0    0    0    0   77    0    0    0    0   80   90   91  
   0    0   84    0    0    0    0   85    0    0   94    0    0   89   89  
   0    0    0   85    0    0    0    0   94   75   80   84    0    0    0  
   0    0   90    0    0   92   78   99    0    0    0   84    0    0    0  
   0    0    0    0   83    0    0    0  106   93    0    0  110    0   81  
   0    0   99    0    0    0    0  106    0   85    0  116    0  104    0  
 118    0    0    0    0    0    0    0  104    0   93    0   87  119    0  
   0    0    0    0  107  117    0    0  115  109    0    0    0    0  108  
 114  124    0  108    0    0    0    0    0    0    0    0    0  116  119  
   0    0   97  116    0    0    0    0    0  107    0   99  125    0    0  
   0    0  127  118  126    0    0    0    0    0    0    0  104  107    0  
   0    0    0    0    0  126   98    0    0  126   99    0    0    0  129  
   0    0    0    0  123  113  115    0    0    0    0  108    0  134    0  
   0    0  141    0    0  122    0  125    0    0  122  139    0    0    0  
 149    0    0    0  126    0    0    0    0  121  129    0    0    0  145  
   0    0  124  124    0  133    0  147    0    0    0  135    0    0    0  
   0  126    0  140    0    0    0    0    0    0  114    0  124  130    0  
   0    0    0  150    0    0  147    0    0    0    0  136  124    0  121  
 127  142    0    0    0  153    0    0    0    0  164  125    0    0    0  
 124    0    0  169    0    0    0    0    0  161  136    0    0  148    0  
   0    0    0    0  125  170    0    0    0    0  149  153  172    0    0  
 135    0    0  159  159    0    0    0    0  144    0    0    0  169    0  
   0    0    0    0    0  130    0    0  140    0  131  180  148    0    0  
 183    0  162    0    0    0    0  165  143    0  166    0    0    0    0  
   0  172    0    0  153    0    0  175    0    0    0    0  157  188    0  
 140  178    0  181    0    0    0    0    0    0    0  184    0    0  141  
   0    0    0    0    0    0  189  147  167    0  158  172    0    0    0  
 175  149    0    0  194    0    0  195    0    0    0  147    0    0    0  
   0    0  157  158    0  152    0    0  178  205    0    0    0    0    0  
   0    0  196    0  173    0    0  201  208    0    0    0    0    0  175  
   0    0    0    0  189  179    0  165  215    0    0  157    0    0    0  
   0  172  187    0  187    0    0    0  211    0    0    0    0    0  201  
   0    0  200    0    0    0  217    0    0  164    0    0    0  214  202  
   0    0    0  178    0    0    0    0    0    0    0  215  190  185  198  
   0  187  215    0    0  211  204    0    0  178    0    0    0    0    0  
 196    0  219  228    0    0    0    0    0  235    0    0    0  223    0  
   0  189    0  214    0  206  228    0    0    0    0    0    0    0  205  
   0  200  243  217    0    0    0    0  221    0    0    0  206    0    0  
 218    0  217    0  230  245    0    0    0    0    0  228    0    0    0  
   0  209  190    0  184    0    0  215    0  240    0    0    0    0    0  
   0    0    0    0  202  191    0    0  237    0    0    0    0  240  224  
 180  214  234    0    0    0  199    0    0    0    0    0  194    0    0  
   0    0    0    0    0    0  199  203  186    0    0    0  195  247    0  
   0  213    0  227    0  250    0    0    0    0  220    0    0    0  182  
 210  221  235    0    0    0    0    0    0  237    0    0  224    0    0  
 235    0    0  218  256  225    0    0    0    0    0  234    0    0    0  
 212    0    0  233    0    0    0    0    0  246    0  215    0    0  242  
 200    0  196    0  272    0  239  217    0    0    0    0    0    0    0  
   0  228    0    0  225    0    0    0    0  264    0    0  213  259    0  
   0    0    0    0    0    0    0  284    0  273    0    0  272  226  233  
   0    0  212    0    0    0    0    0    0  230  210  272    0  287    0  
   0    0    0    0  288  261    0    0    0  211  279    0    0  223    0  
   0  215  235    0  267    0    0    0    0    0  272    0    0    0  226  
   0    0    0    0    0  241    0    0  215    0  255  275  232    0    0  
   0    0    0    0  289  267  232    0    0    0    0  261    0  239    0  
   0  265    0  300    0    0  256    0    0    0  297  253    0    0    0  
   0    0    0    0    0  300  270    0  275    0    0  275    0    0  275  
   0    0  264  291    0    0  236    0    0  310    0    0    0    0  308  
   0    0    0    0    0  255    0    0    0  305    0    0  251  283  269  
   0  241    0    0  296    0    0  239    0    0  234    0  307    0    0  
 281    0  233    0    0  256    0    0    0  272    0    0  311    0    0  
   0    0  242  248    0  290    0    0  306  241    0    0    0    0    0  
   0    0    0    0  236    0    0  263    0    0    0  302    0  243  236  
   0  304    0    0    0  284  249    0    0    0  249  261    0    0    0  
   0    0    0  244  290    0  260    0    0  309    0    0    0  257    0  
   0  273    0    0    0    0  338    0    0    0    0    0  297  278  274  
 283    0    0  267    0    0  274    0    0    0    0  258  283    0    0  
   0  280    0  257  299    0    0  299    0  290    0    0    0    0    0  
 311    0    0  271    0    0  329  335    0    0    0    0    0    0  279  
   0    0    0    0  305    0    0  328  350    0    0  262  326    0    0  
   0  335  309  331    0    0  310    0    0    0    0  316    0    0    0  
 318    0    0    0    0    0  281  337  329    0    0    0    0    0  259  
   0    0    0    0    0    0    0    0  359  360    0  276  361    0  351  
   0    0    0    0  303    0    0    0  312  343    0  268    0  303    0  
 363    0    0  272    0  271    0    0    0    0  357    0    0    0  314  
   0  315    0  281  296    0    0    0  327    0    0  340    0    0    0  
 332    0  311    0    0    0    0    0    0  354  357    0  378    0    0  
   0  334    0    0  372  339  369    0    0    0    0    0    0    0  313  
   0    0    0    0  303    0    0    0  294  335  311  318    0    0    0  
   0  302    0    0    0  381    0    0    0    0  297  318  360    0    0  
 326    0    0    0    0  380  309    0    0  320    0  353    0    0    0  
   0  318    0    0  313    0    0    0    0  306  302    0  318    0    0  
   0    0  317    0  284    0    0    0    0    0    0  361    0  364  290  
 381  383  310    0    0    0    0    0    0    0    0    0    0  378  307  
   0    0    0    0  373    0  310    0    0  353    0  290  340    0    0  
   0  338    0  340    0    0    0    0    0    0    0    0  344  343  399  
   0    0    0    0  351    0    0    0  314  357    0  304  365    0    0  
   0    0    0  301  296    0    0  351  331    0    0    0    0    0  359  
   0    0    0  349  393  376    0  332    0    0  322    0    0    0    0  
   0  330    0  363  396  404    0    0    0  335    0    0    0    0    0  
 395  392    0    0    0  402    0    0    0    0  390    0  390    0    0  
   0  330    0    0    0    0    0    0  324    0    0    0  381  313  320  
   0    0    0    0    0  394  431  364    0    0    0  345  386    0    0  
   0    0    0    0    0  427    0  345    0    0    0  377  386  423    0  
   0    0    0    0    0    0  433    0  372    0  389    0  348    0  369  
   0    0  419  325  413    0    0    0    0  390  355    0    0    0    0  
   0    0    0    0  426  369    0    0    0  381  351    0    0  450    0  
 363    0    0    0    0  341    0  407    0  328    0  419    0    0    0  
   0    0    0    0  379  419  333  430    0  434    0    0    0    0    0  
   0    0    0    0  345  405  383  445  396    0    0    0    0    0    0  
   0  369    0    0  439    0  379  365    0    0  401    0    0    0    0  
 385  344    0  429    0    0    0    0    0  399    0    0    0    0  411  
   0    0    0    0  423    0    0    0  463    0  347  422  449    0    0  
   0    0  478    0  426    0    0    0    0  403    0    0    0  432  436  
 356    0  453    0    0    0  370    0    0    0    0  442  467    0    0  
   0    0    0  444    0  433    0    0  465    0    0  406    0  355    0  
   0    0    0  430    0    0    0  363    0    0  364  428  402    0    0  
 392  365    0    0    0    0    0    0  368  484    0    0    0  423    0  
   0    0  373    0  425  386    0    0    0    0    0    0  452  410    0  
 397  404  465    0    0    0  476    0    0    0    0    0  402    0    0  
   0    0    0    0    0  397    0  400    0    0  464  400  422    0    0  
 420    0    0    0    0    0  407    0  507    0  449    0    0  413    0  
   0    0    0  493    0    0  463    0    0  440    0    0  430  460    0  
 468    0    0    0  418  390    0    0    0    0    0    0  407    0  429  
   0    0    0    0    0  509  466  444  388    0    0    0  427    0    0  
   0  451    0    0    0    0    0    0  379    0  462  421    0  426    0  
 515  468    0    0  388    0    0  415    0    0    0  502    0    0    0  
   0    0  451  505  432    0    0    0    0    0    0    0    0  457  492  
   0  471    0  425    0    0    0  519  427    0  521    0    0    0    0  
   0    0    0    0  407    0  407    0  444    0    0  517    0    0  401  
   0    0    0  500  413    0    0  486    0    0    0  546    0  462    0  
   0    0    0    0    0    0  500    0  400  412  407    0    0  413    0  
   0    0    0  413    0    0  423    0    0  502    0  448    0  422    0  
 546    0  403    0    0    0    0  422  517    0  398    0    0    0    0  
   0    0    0    0    0    0  493    0  516  458    0  552  466    0    0  
   0  449    0  470    0  501    0    0    0  460    0  497    0    0    0  ] 
 ] 
