K : 50
I : 5
C : 5
INSTANCE : 4
PREFERENCES : [    0    3    2    1    0  
   2    0    0    1    3  
   2    0    3    0    1  
   0    2    0    1    3  
   3    2    0    1    0  
   3    0    1    0    2  
   1    0    3    0    2  
   2    3    1    0    0  
   3    2    0    1    0  
   0    0    1    2    3  
   2    3    1    0    0  
   3    1    0    0    2  
   0    0    3    2    1  
   1    3    0    2    0  
   3    2    0    0    1  
   2    0    1    3    0  
   0    3    2    0    1  
   2    0    3    0    1  
   2    1    0    3    0  
   0    3    1    0    2  
   0    0    1    2    3  
   0    3    2    0    1  
   2    0    3    0    1  
   0    3    0    1    2  
   3    0    0    2    1  
   1    2    3    0    0  
   2    1    3    0    0  
   1    0    2    3    0  
   0    3    1    0    2  
   2    3    1    0    0  
   2    1    0    3    0  
   0    1    2    0    3  
   1    0    3    2    0  
   1    3    0    0    2  
   1    0    3    0    2  
   2    0    0    1    3  
   2    0    0    1    3  
   3    2    1    0    0  
   1    0    2    3    0  
   3    1    0    2    0  
   3    0    0    1    2  
   1    2    0    0    3  
   0    0    2    1    3  
   0    3    2    0    1  
   3    0    1    0    2  
   0    2    0    3    1  
   0    1    3    0    2  
   0    3    0    2    1  
   0    3    2    1    0  
   0    1    2    0    3  ] 
RESERVATION PRICES : [    0    7    7    6    0  
  13    0    0   12   12  
  13    0   15    0   16  
   0   19    0   15   20  
  19   19    0   17    0  
  25    0   22    0   22  
  19    0   25    0   19  
  22   24   27    0    0  
  29   30    0   29    0  
   0    0   40   37   31  
  38   47   47    0    0  
  38   41    0    0   42  
   0    0   45   42   48  
  47   51    0   58    0  
  53   49    0    0   55  
  55    0   68   53    0  
   0   51   61    0   51  
  54    0   67    0   64  
  75   73    0   59    0  
   0   64   62    0   75  
   0    0   87   69   65  
   0   78   77    0   80  
  89    0   89    0   70  
   0   75    0   78   90  
  92    0    0   96   80  
 103  100   75    0    0  
  82  107  103    0    0  
 106    0   94   84    0  
   0  108  116    0  107  
 101  120   98    0    0  
 123  112    0   90    0  
   0  112  123    0   96  
 104    0  133  120    0  
 106  111    0    0  117  
 131    0  139    0  109  
 110    0    0  134  129  
 121    0    0  142  138  
 139  143  133    0    0  
 139    0  119  124    0  
 128  148    0  116    0  
 125    0    0  128  128  
 130  125    0    0  135  
   0    0  132  134  159  
   0  158  151    0  168  
 173    0  153    0  159  
   0  139    0  128  162  
   0  144  177    0  152  
   0  146    0  151  166  
   0  145  147  175    0  
   0  182  184    0  165  ] 
 ] 
