K : 125
I : 10
C : 25
INSTANCE : 5
PREFERENCES : [    0    0    1    0    5    0    4    0    3    2  
   2    0    0    4    0    5    3    0    0    1  
   0    0    1    0    0    2    4    5    3    0  
   0    4    3    2    5    0    1    0    0    0  
   1    0    0    0    0    0    2    5    4    3  
   5    4    0    0    3    1    0    2    0    0  
   0    4    2    0    5    0    3    1    0    0  
   0    0    5    0    3    1    0    0    4    2  
   5    2    4    3    0    0    1    0    0    0  
   4    0    0    0    0    2    3    5    1    0  
   5    0    3    0    0    2    1    0    4    0  
   0    1    2    5    0    0    0    0    3    4  
   0    4    0    0    0    5    1    2    3    0  
   0    0    0    3    0    0    5    2    1    4  
   0    3    0    0    4    0    0    5    2    1  
   2    0    0    3    4    0    0    1    5    0  
   0    5    0    0    4    0    1    0    3    2  
   0    0    0    2    3    1    4    0    0    5  
   5    0    0    4    0    3    0    0    2    1  
   1    0    0    0    3    0    2    0    5    4  
   0    2    5    0    0    1    0    3    0    4  
   0    0    0    4    3    0    2    0    1    5  
   4    0    0    0    0    1    3    5    0    2  
   0    2    0    1    0    0    4    0    3    5  
   0    0    0    3    2    5    4    1    0    0  
   4    3    0    1    0    2    0    0    5    0  
   5    3    4    1    0    0    2    0    0    0  
   0    0    0    3    5    1    2    0    4    0  
   0    5    0    0    1    0    4    3    0    2  
   0    1    3    0    0    4    0    0    2    5  
   3    0    5    0    0    0    0    4    2    1  
   1    2    0    0    0    0    3    0    4    5  
   0    0    5    1    2    4    0    3    0    0  
   0    5    4    3    2    0    0    1    0    0  
   4    3    0    1    2    0    0    0    0    5  
   0    3    0    4    0    1    2    0    0    5  
   5    0    4    0    0    2    0    1    3    0  
   0    0    4    1    0    0    2    5    3    0  
   0    0    1    0    2    0    0    4    5    3  
   3    0    1    4    5    0    0    0    0    2  
   4    0    3    0    2    0    1    5    0    0  
   5    0    3    1    4    0    0    0    0    2  
   2    0    0    3    0    0    1    0    5    4  
   0    1    0    0    5    2    0    0    4    3  
   0    0    1    0    0    0    2    4    5    3  
   0    4    0    2    0    0    3    1    0    5  
   0    0    0    5    4    0    2    3    0    1  
   1    0    2    5    4    0    0    0    3    0  
   2    1    0    0    0    0    0    3    4    5  
   5    0    4    0    0    0    1    2    0    3  
   0    0    3    1    5    0    0    2    0    4  
   0    4    2    1    0    0    5    0    0    3  
   4    0    5    1    0    0    0    2    0    3  
   0    0    3    0    2    1    4    0    5    0  
   5    0    2    0    0    0    3    4    1    0  
   0    0    4    2    0    5    0    0    3    1  
   2    3    0    0    0    5    0    4    1    0  
   4    0    0    0    1    3    2    5    0    0  
   0    3    4    0    1    0    2    0    0    5  
   0    1    0    4    0    0    0    3    5    2  
   0    3    2    5    4    0    0    0    1    0  
   4    1    0    2    0    0    5    0    3    0  
   0    4    2    0    0    0    3    5    0    1  
   0    0    0    0    2    4    5    1    0    3  
   2    4    1    0    0    0    5    0    0    3  
   5    1    0    0    0    2    4    0    0    3  
   0    0    0    0    0    1    4    5    2    3  
   5    0    4    0    1    0    3    0    0    2  
   1    0    5    4    3    0    0    0    2    0  
   0    4    0    1    2    3    0    0    0    5  
   1    0    3    0    2    0    4    5    0    0  
   0    3    4    0    0    0    2    0    1    5  
   2    3    0    0    4    0    5    1    0    0  
   0    0    1    0    3    0    0    2    4    5  
   0    0    2    0    1    3    4    0    5    0  
   2    1    0    0    4    3    5    0    0    0  
   2    0    5    4    0    0    0    0    1    3  
   0    0    0    2    0    3    1    5    0    4  
   4    2    0    3    1    0    0    5    0    0  
   1    0    4    5    0    2    0    3    0    0  
   0    1    0    5    3    0    2    0    4    0  
   3    2    1    0    4    5    0    0    0    0  
   1    2    5    0    3    0    4    0    0    0  
   1    0    2    0    4    0    5    3    0    0  
   4    0    0    5    1    2    0    0    0    3  
   4    5    0    1    0    0    0    2    0    3  
   0    1    0    2    4    0    5    3    0    0  
   0    4    0    0    0    0    3    2    1    5  
   3    2    4    0    0    0    5    0    0    1  
   0    0    4    3    0    5    2    1    0    0  
   0    0    3    5    2    0    4    0    0    1  
   1    0    0    2    4    0    3    0    5    0  
   5    4    0    1    0    0    0    0    2    3  
   0    0    2    3    1    0    0    5    0    4  
   0    5    0    0    0    2    0    4    3    1  
   2    0    0    0    1    0    0    3    5    4  
   0    0    0    0    1    4    0    3    5    2  
   2    5    0    0    4    0    0    0    1    3  
   1    5    2    4    0    0    0    3    0    0  
   1    4    0    2    0    3    0    0    5    0  
   5    0    2    1    4    0    3    0    0    0  
   0    4    0    0    0    2    0    1    5    3  
   0    0    5    0    4    1    2    0    3    0  
   0    3    4    0    0    5    2    0    0    1  
   0    4    0    5    0    0    1    0    3    2  
   0    0    0    0    0    2    1    4    5    3  
   5    0    4    0    0    2    1    0    3    0  
   0    3    0    2    1    0    0    0    5    4  
   2    1    0    5    0    0    0    4    0    3  
   1    0    4    0    0    0    3    0    5    2  
   0    2    5    0    1    0    3    0    0    4  
   5    0    4    2    1    0    3    0    0    0  
   5    1    0    4    0    0    2    3    0    0  
   0    0    0    1    3    0    5    2    4    0  
   1    2    5    3    0    0    0    0    4    0  
   1    3    5    0    0    0    0    2    4    0  
   0    0    1    5    0    0    3    0    2    4  
   0    0    5    2    3    1    0    0    4    0  
   0    4    2    0    0    1    0    0    5    3  
   0    4    3    0    0    1    0    5    0    2  
   5    1    0    0    0    4    2    0    3    0  
   2    5    0    0    0    0    3    1    0    4  
   0    2    3    5    0    0    1    4    0    0  
   0    3    0    1    2    0    0    0    5    4  
   4    0    3    0    5    0    0    0    2    1  ] 
RESERVATION PRICES : [    0    0    6    0    5    0    5    0    6    6  
  12    0    0   11    0   11   11    0    0   12  
   0    0   14    0    0   16   15   13   14    0  
   0   19   20   22   18    0   19    0    0    0  
  23    0    0    0    0    0   26   24   21   26  
  24   23    0    0   25   25    0   25    0    0  
   0   27   25    0   30    0   29   30    0    0  
   0    0   38    0   37   34    0    0   31   37  
  44   45   41   41    0    0   37    0    0    0  
  39    0    0    0    0   50   38   47   39    0  
  40    0   54    0    0   49   48    0   39    0  
   0   56   51   55    0    0    0    0   55   58  
   0   56    0    0    0   54   54   61   52    0  
   0    0    0   53    0    0   56   55   61   58  
   0   68    0    0   70    0    0   56   55   67  
  76    0    0   74   66    0    0   62   58    0  
   0   66    0    0   82    0   63    0   76   70  
   0    0    0   70   69   77   77    0    0   86  
  89    0    0   74    0   65    0    0   82   80  
  86    0    0    0   82    0   80    0   90   81  
   0   81   86    0    0   80    0   85    0   79  
   0    0    0   71   74    0   77    0   88   73  
  80    0    0    0    0   81   92   76    0   80  
   0   95    0   82    0    0   95    0  102   77  
   0    0    0   81  107  107   85   97    0    0  
  89   91    0  114    0  105    0    0   96    0  
  95  108   86   97    0    0  114    0    0    0  
   0    0    0   99  103   92   97    0   95    0  
   0  119    0    0  102    0  112  110    0  105  
   0  126  115    0    0  103    0    0  110  129  
 124    0  101    0    0    0    0  108  105  130  
 107  138    0    0    0    0  125    0  131  106  
   0    0  122  132  108  123    0  117    0    0  
   0  119  141  143  115    0    0  107    0    0  
 130  112    0  143  124    0    0    0    0  117  
   0  144    0  119    0  137  130    0    0  148  
 112    0  140    0    0  114    0  114  141    0  
   0    0  128  135    0    0  128  147  129    0  
   0    0  143    0  164    0    0  156  120  125  
 162    0  140  165  126    0    0    0    0  128  
 160    0  164    0  144    0  163  138    0    0  
 152    0  150  151  129    0    0    0    0  169  
 154    0    0  151    0    0  136    0  141  146  
   0  174    0    0  161  167    0    0  169  174  
   0    0  152    0    0    0  149  135  174  143  
   0  146    0  153    0    0  159  142    0  136  
   0    0    0  136  181    0  176  144    0  156  
 146    0  175  144  164    0    0    0  139    0  
 164  148    0    0    0    0    0  164  181  186  
 159    0  187    0    0    0  151  177    0  186  
   0    0  198  148  174    0    0  195    0  187  
   0  161  182  184    0    0  199    0    0  187  
 196    0  192  196    0    0    0  187    0  181  
   0    0  198    0  158  159  191    0  157    0  
 173    0  178    0    0    0  165  208  190    0  
   0    0  216  221    0  179    0    0  209  199  
 187  217    0    0    0  215    0  202  168    0  
 204    0    0    0  181  177  191  197    0    0  
   0  228  199    0  178    0  184    0    0  221  
   0  176    0  231    0    0    0  216  229  218  
   0  199  218  229  192    0    0    0  219    0  
 203  194    0  216    0    0  219    0  179    0  
   0  181  192    0    0    0  201  187    0  215  
   0    0    0    0  183  203  211  179    0  208  
 221  209  233    0    0    0  190    0    0  194  
 240  255    0    0    0  217  184    0    0  220  
   0    0    0    0    0  252  202  258  254  219  
 244    0  221    0  226    0  241    0    0  225  
 253    0  257  198  195    0    0    0  256    0  
   0  201    0  272  202  214    0    0    0  262  
 266    0  214    0  263    0  268  234    0    0  
   0  254  211    0    0    0  206    0  201  240  
 242  207    0    0  250    0  277  209    0    0  
   0    0  248    0  214    0    0  245  232  223  
   0    0  231    0  237  278  222    0  265    0  
 270  261    0    0  257  284  228    0    0    0  
 244    0  242  245    0    0    0    0  265  265  
   0    0    0  267    0  267  261  234    0  235  
 291  259    0  226  242    0    0  297    0    0  
 233    0  252  278    0  282    0  275    0    0  
   0  221    0  290  237    0  260    0  221    0  
 289  277  282    0  238  262    0    0    0    0  
 290  244  256    0  245    0  264    0    0    0  
 275    0  279    0  272    0  240  260    0    0  
 310    0    0  301  240  258    0    0    0  297  
 244  322    0  260    0    0    0  280    0  289  
   0  287    0  303  312    0  322  255    0    0  
   0  330    0    0    0    0  311  324  311  292  
 290  310  280    0    0    0  276    0    0  298  
   0    0  291  313    0  294  287  332    0    0  
   0    0  263  248  250    0  309    0    0  280  
 281    0    0  303  270    0  339    0  281    0  
 321  293    0  329    0    0    0    0  300  300  
   0    0  328  351  295    0    0  264    0  311  
   0  279    0    0    0  300    0  301  332  276  
 280    0    0    0  343    0    0  313  330  340  
   0    0    0    0  366  342    0  324  285  357  
 298  291    0    0  319    0    0    0  331  371  
 290  281  306  317    0    0    0  291    0    0  
 319  298    0  341    0  347    0    0  302    0  
 334    0  346  337  281    0  383    0    0    0  
   0  376    0    0    0  310    0  287  320  321  
   0    0  375    0  300  339  362    0  349    0  
   0  347  388    0    0  316  320    0    0  290  
   0  351    0  312    0    0  324    0  333  315  
   0    0    0    0    0  329  294  369  360  327  
 393    0  360    0    0  354  325    0  378    0  
   0  358    0  355  355    0    0    0  388  359  
 341  336    0  338    0    0    0  328    0  333  
 343    0  398    0    0    0  301    0  351  333  
   0  314  350    0  369    0  352    0    0  330  
 353    0  370  368  309    0  346    0    0    0  
 374  359    0  311    0    0  376  385    0    0  
   0    0    0  426  338    0  375  411  309    0  
 409  344  400  328    0    0    0    0  383    0  
 401  414  370    0    0    0    0  364  424    0  
   0    0  316  433    0    0  338    0  341  423  
   0    0  367  386  334  352    0    0  379    0  
   0  377  378    0    0  322    0    0  436  434  
   0  417  426    0    0  439    0  390    0  446  
 394  453    0    0    0  448  386    0  424    0  
 385  356    0    0    0    0  330  360    0  358  
   0  329  386  371    0    0  415  422    0    0  
   0  438    0  435  434    0    0    0  383  417  
 386    0  446    0  462    0    0    0  362  354  ] 
 ] 
