K : 50
I : 10
C : 2
INSTANCE : 3
PREFERENCES : [    0    1    0    0    4    0    2    5    3    0  
   5    2    0    0    0    0    3    0    4    1  
   0    4    3    0    1    5    0    0    2    0  
   0    3    0    1    4    5    0    0    2    0  
   3    4    1    0    5    0    2    0    0    0  
   0    0    0    0    3    4    2    5    1    0  
   0    4    2    0    0    3    0    1    0    5  
   0    2    0    0    3    5    0    1    4    0  
   2    1    4    3    0    0    0    0    0    5  
   0    0    0    0    4    2    1    5    0    3  
   1    5    0    0    0    0    3    2    0    4  
   0    2    1    0    3    0    0    4    5    0  
   0    1    4    3    0    5    2    0    0    0  
   0    3    1    5    0    0    2    4    0    0  
   0    5    1    4    3    0    0    0    2    0  
   5    2    0    0    1    4    0    0    0    3  
   0    4    3    0    5    1    2    0    0    0  
   0    0    0    0    1    0    4    5    2    3  
   2    1    3    0    0    0    0    4    0    5  
   0    0    0    0    5    1    3    0    4    2  
   2    0    1    0    0    5    0    0    4    3  
   4    0    0    0    0    5    2    1    0    3  
   4    0    2    0    3    0    5    0    0    1  
   3    0    4    0    5    0    0    1    2    0  
   0    5    0    4    0    0    0    2    1    3  
   4    0    2    3    1    0    0    5    0    0  
   0    0    0    3    1    5    4    0    2    0  
   0    4    5    1    0    2    0    0    3    0  
   5    0    0    2    0    0    1    0    3    4  
   1    0    5    4    3    0    0    2    0    0  
   0    0    1    0    0    2    5    0    4    3  
   1    3    4    0    0    0    5    2    0    0  
   1    2    3    4    0    0    0    0    5    0  
   0    5    2    3    0    4    0    0    1    0  
   4    2    0    5    0    0    3    1    0    0  
   0    3    0    1    0    5    2    0    0    4  
   0    4    0    0    2    0    3    5    1    0  
   0    1    3    2    0    4    5    0    0    0  
   5    0    2    3    0    4    0    0    0    1  
   1    0    0    0    5    0    2    4    3    0  
   0    4    1    2    5    0    0    0    0    3  
   0    0    2    5    1    3    4    0    0    0  
   0    0    0    3    4    5    0    0    1    2  
   0    0    0    4    3    2    1    5    0    0  
   0    3    0    0    4    0    2    1    0    5  
   1    5    2    0    3    0    0    0    4    0  
   5    0    2    4    0    0    0    0    1    3  
   0    0    5    0    0    2    4    0    3    1  
   0    0    4    3    5    2    0    1    0    0  
   1    0    2    4    0    0    5    0    3    0  ] 
RESERVATION PRICES : [    0    6    0    0    6    0    7    7    6    0  
  13   11    0    0    0    0   13    0   13   13  
   0   19   17    0   14   19    0    0   17    0  
   0   23    0   19   18   23    0    0   19    0  
  20   23   27    0   26    0   22    0    0    0  
   0    0    0    0   26   32   31   32   29    0  
   0   30   33    0    0   28    0   34    0   28  
   0   39    0    0   34   39    0   37   38    0  
  45   41   43   38    0    0    0    0    0   42  
   0    0    0    0   38   52   38   39    0   49  
  43   44    0    0    0    0   54   54    0   42  
   0   55   53    0   46    0    0   59   45    0  
   0   61   54   62    0   50   58    0    0    0  
   0   60   52   61    0    0   59   54    0    0  
   0   50   60   63   63    0    0    0   59    0  
  64   60    0    0   67   53    0    0    0   65  
   0   57   65    0   60   69   59    0    0    0  
   0    0    0    0   66    0   64   74   84   63  
  86   83   72    0    0    0    0   76    0   68  
   0    0    0    0   86   77   77    0   65   78  
  74    0   84    0    0   89    0    0   73   78  
  93    0    0    0    0   94   87   80    0   85  
  84    0   93    0   72    0   81    0    0   74  
  77    0   97    0   76    0    0   99   85    0  
   0   82    0   98    0    0    0   84   87   89  
  97    0  112  102  110    0    0   95    0    0  
   0    0    0   96   92   90  110    0  100    0  
   0  110   97   96    0  112    0    0   97    0  
 102    0    0  124    0    0  118    0  123  118  
 125    0  114   97  122    0    0   93    0    0  
   0    0  110    0    0  106  108    0  102  106  
 121  121   95    0    0    0  109  103    0    0  
 100  126  103   99    0    0    0    0  125    0  
   0  123  104  115    0  101    0    0  100    0  
 106  138    0  113    0    0  108  133    0    0  
   0  101    0  104    0  140  117    0    0  123  
   0  119    0    0  107    0  106  109  103    0  
   0  117  133  142    0  124  119    0    0    0  
 120    0  140  113    0  148    0    0    0  123  
 116    0    0    0  122    0  126  122  129    0  
   0  145  129  149  130    0    0    0    0  134  
   0    0  127  119  150  115  153    0    0    0  
   0    0    0  136  128  147    0    0  153  148  
   0    0    0  121  156  153  151  119    0    0  
   0  156    0    0  124    0  136  133    0  144  
 159  126  149    0  135    0    0    0  142    0  
 161    0  142  133    0    0    0    0  127  162  
   0    0  139    0    0  171  155    0  175  177  
   0    0  139  186  169  182    0  146    0    0  
 151    0  172  153    0    0  154    0  192    0  ] 
 ] 
