K : 50
I : 10
C : 2
INSTANCE : 5
PREFERENCES : [    2    4    0    5    0    0    1    3    0    0  
   0    3    5    0    0    1    0    0    4    2  
   3    0    0    4    2    0    0    0    5    1  
   4    2    3    0    0    0    0    5    1    0  
   4    5    0    0    1    2    0    0    0    3  
   0    0    2    0    1    4    0    5    3    0  
   0    1    0    0    2    4    0    0    3    5  
   5    3    0    0    0    2    0    4    0    1  
   3    1    0    0    4    0    0    2    0    5  
   0    0    1    3    2    5    4    0    0    0  
   0    2    0    1    0    0    5    3    0    4  
   4    5    0    1    0    3    0    2    0    0  
   0    5    3    0    2    1    4    0    0    0  
   0    5    1    2    0    0    0    4    0    3  
   4    0    1    3    0    0    0    5    2    0  
   3    0    0    1    4    5    2    0    0    0  
   4    1    5    0    3    0    0    0    2    0  
   0    1    0    4    3    0    0    2    5    0  
   0    0    4    3    1    0    2    5    0    0  
   5    0    0    2    0    0    0    3    4    1  
   3    4    0    5    1    0    0    0    2    0  
   2    0    5    1    0    4    0    3    0    0  
   0    3    4    1    0    5    0    0    0    2  
   0    5    1    0    0    0    0    3    4    2  
   0    5    0    0    0    4    3    0    1    2  
   2    0    0    1    0    3    4    0    5    0  
   0    0    0    0    0    3    2    1    5    4  
   0    1    2    0    0    3    4    5    0    0  
   0    0    5    3    4    0    2    0    1    0  
   0    1    0    0    0    2    4    5    0    3  
   0    1    0    3    0    4    0    2    5    0  
   0    5    0    0    2    0    3    1    4    0  
   0    2    0    5    3    0    0    0    4    1  
   4    0    2    5    0    1    0    3    0    0  
   3    2    4    0    1    5    0    0    0    0  
   3    4    5    0    0    1    0    2    0    0  
   2    0    0    5    4    0    0    3    1    0  
   1    5    0    0    4    0    0    0    3    2  
   2    1    4    3    0    0    0    5    0    0  
   1    0    2    0    0    4    0    0    5    3  
   0    0    0    1    4    0    2    3    0    5  
   4    0    3    5    0    0    0    1    2    0  
   2    0    3    0    0    0    0    4    1    5  
   2    1    4    0    0    0    3    5    0    0  
   0    3    0    1    0    0    0    2    5    4  
   1    0    0    0    5    0    0    2    4    3  
   2    5    0    4    0    0    0    3    1    0  
   3    0    1    2    0    0    5    0    4    0  
   4    0    1    0    0    0    0    2    3    5  
   0    0    0    0    0    3    1    2    5    4  ] 
RESERVATION PRICES : [    9    8    0    9    0    0    7    8    0    0  
   0   12   13    0    0   14    0    0   12   12  
  16    0    0   18   17    0    0    0   15   17  
  19   23   22    0    0    0    0   17   22    0  
  21   26    0    0   21   21    0    0    0   26  
   0    0   33    0   32   29    0   28   26    0  
   0   32    0    0   35   29    0    0   35   29  
  40   42    0    0    0   33    0   32    0   33  
  38   43    0    0   36    0    0   44    0   41  
   0    0   46   42   48   49   40    0    0    0  
   0   43    0   48    0    0   55   43    0   49  
  46   48    0   60    0   52    0   58    0    0  
   0   45   55    0   57   62   52    0    0    0  
   0   58   62   61    0    0    0   66    0   65  
  71    0   65   70    0    0    0   55   69    0  
  58    0    0   62   70   70   72    0    0    0  
  71   69   64    0   66    0    0    0   83    0  
   0   71    0   87   78    0    0   85   87    0  
   0    0   73   70   81    0   84   88    0    0  
  81    0    0   75    0    0    0   88   72   81  
  82   84    0   83   89    0    0    0   89    0  
 100    0   81   84    0  105    0   86    0    0  
   0   95  107  103    0   83    0    0    0   88  
   0   99   92    0    0    0    0   83   93  110  
   0   98    0    0    0   87  117    0   93   96  
  98    0    0  123    0  101  116    0  122    0  
   0    0    0    0    0  125  126  127  126  130  
   0  119   97    0    0  113  105  128    0    0  
   0    0  127  103   95    0  103    0  108    0  
   0  101    0    0    0  103  130  135    0  121  
   0  130    0  135    0   97    0  100  106    0  
   0  119    0    0  115    0  110  129  119    0  
   0  124    0  130  127    0    0    0  134  111  
 123    0  111  148    0  115    0  141    0    0  
 132  141  119    0  110  143    0    0    0    0  
 136  142  146    0    0  153    0  116    0    0  
 137    0    0  122  140    0    0  127  150    0  
 163  125    0    0  140    0    0    0  123  132  
 159  140  118  151    0    0    0  137    0    0  
 140    0  136    0    0  142    0    0  131  154  
   0    0    0  163  167    0  163  145    0  145  
 135    0  153  128    0    0    0  158  167    0  
 153    0  147    0    0    0    0  161  162  150  
 174  154  143    0    0    0  147  171    0    0  
   0  143    0  156    0    0    0  142  127  165  
 144    0    0    0  160    0    0  170  137  136  
 131  164    0  152    0    0    0  157  172    0  
 181    0  146  173    0    0  158    0  150    0  
 161    0  155    0    0    0    0  178  139  166  
   0    0    0    0    0  188  149  189  141  144  ] 
 ] 
