K : 125
I : 15
C : 20
INSTANCE : 5
PREFERENCES : [    0    0    0    0    1    2    0    3    0    5    0    4    0    0    0  
   0    0    3    1    2    0    0    4    0    0    0    5    0    0    0  
   2    0    3    0    4    0    0    0    0    0    0    1    0    0    5  
   0    0    3    1    0    0    0    5    0    0    0    0    0    2    4  
   0    1    5    0    4    0    0    0    0    0    0    0    0    2    3  
   0    0    5    0    4    3    0    0    0    2    0    1    0    0    0  
   0    0    0    0    0    1    0    0    0    2    4    0    3    0    5  
   0    3    0    5    0    0    2    1    0    0    0    0    4    0    0  
   0    0    0    0    3    2    5    0    4    0    0    0    1    0    0  
   2    0    3    0    5    0    0    0    4    0    1    0    0    0    0  
   0    0    0    0    2    0    5    0    3    0    0    0    0    4    1  
   0    3    4    0    0    0    0    5    0    0    1    2    0    0    0  
   1    3    0    5    0    0    0    0    0    2    0    0    0    4    0  
   2    0    0    3    0    0    0    0    0    5    0    4    0    1    0  
   0    0    0    0    4    0    1    2    3    0    0    0    5    0    0  
   0    4    0    3    0    0    5    2    0    0    0    1    0    0    0  
   0    0    0    5    0    1    0    0    3    0    0    4    2    0    0  
   0    0    0    0    3    0    0    1    2    4    0    0    0    5    0  
   3    0    0    0    1    5    0    0    0    2    0    4    0    0    0  
   0    0    0    2    0    0    5    0    1    0    0    4    3    0    0  
   3    0    0    0    0    0    2    0    5    4    0    0    0    1    0  
   0    0    3    4    0    0    0    5    0    0    0    1    2    0    0  
   3    0    5    0    0    2    0    0    0    0    1    0    4    0    0  
   0    4    2    0    3    0    0    0    1    0    0    0    5    0    0  
   0    0    2    3    0    0    4    0    0    0    0    0    5    0    1  
   0    5    0    0    0    4    0    0    0    0    0    0    2    1    3  
   0    4    0    1    0    5    0    0    0    0    3    0    2    0    0  
   0    0    2    0    5    4    0    0    0    0    0    0    3    1    0  
   0    5    0    2    0    4    0    1    0    0    3    0    0    0    0  
   0    0    0    0    3    1    0    5    0    0    0    2    0    4    0  
   0    0    0    0    0    0    0    4    2    1    0    3    0    0    5  
   0    0    4    0    2    1    0    0    5    0    0    0    3    0    0  
   0    0    0    0    1    3    4    0    5    0    0    2    0    0    0  
   0    0    1    0    3    2    0    4    0    0    0    5    0    0    0  
   3    0    1    0    4    2    0    0    0    0    0    0    5    0    0  
   0    0    0    2    0    5    0    0    3    1    0    0    0    0    4  
   1    5    0    0    0    2    0    0    0    0    0    4    0    3    0  
   0    0    0    0    0    1    0    0    0    2    0    3    4    5    0  
   0    0    0    0    0    2    3    0    0    4    5    1    0    0    0  
   0    0    0    0    5    0    0    0    0    4    0    2    0    3    1  
   1    0    0    4    2    0    0    0    0    0    5    0    3    0    0  
   0    0    0    0    0    5    1    0    4    2    0    0    0    0    3  
   0    0    4    0    1    0    0    3    5    0    0    0    2    0    0  
   0    2    0    0    0    0    0    0    0    4    5    0    3    0    1  
   0    3    0    0    0    1    5    0    0    0    0    2    0    0    4  
   0    0    5    4    0    2    0    0    0    3    1    0    0    0    0  
   3    1    0    0    5    0    4    0    2    0    0    0    0    0    0  
   0    0    0    0    5    0    0    0    4    3    2    0    0    1    0  
   0    0    0    0    0    0    3    4    0    0    2    0    0    5    1  
   4    0    0    0    1    0    5    0    0    3    0    0    0    2    0  
   2    1    0    0    3    0    0    0    0    5    0    0    4    0    0  
   0    0    3    0    0    2    5    0    0    0    4    0    1    0    0  
   1    0    0    0    0    0    0    0    2    0    3    5    0    4    0  
   3    0    0    0    0    2    1    5    0    0    0    4    0    0    0  
   0    0    5    4    0    0    3    0    0    1    0    0    2    0    0  
   0    4    1    0    0    2    5    0    0    0    0    0    0    3    0  
   0    0    0    4    5    0    0    0    3    0    1    0    0    0    2  
   0    0    4    5    0    2    1    0    0    0    0    0    3    0    0  
   0    0    0    0    0    0    0    4    5    0    0    2    0    3    1  
   0    2    0    0    0    0    1    0    0    0    3    4    0    0    5  
   0    0    0    0    0    0    0    3    0    1    0    5    0    4    2  
   0    3    0    0    0    0    0    0    2    1    4    5    0    0    0  
   0    2    0    3    0    0    0    4    0    5    0    0    0    1    0  
   0    0    5    0    0    0    0    0    1    0    4    0    3    2    0  
   0    0    0    5    0    0    0    4    0    1    0    0    2    3    0  
   2    0    5    0    0    0    0    0    0    3    0    0    0    4    1  
   2    0    0    3    0    5    0    0    1    0    0    0    0    0    4  
   0    0    3    0    1    0    5    0    0    2    4    0    0    0    0  
   0    5    0    0    0    0    0    0    1    3    0    4    0    2    0  
   2    0    0    0    5    0    0    0    0    0    4    0    0    1    3  
   0    0    1    0    3    0    0    5    2    0    0    0    0    4    0  
   0    4    3    0    0    5    0    0    2    0    0    0    0    1    0  
   0    5    0    2    3    4    0    0    0    0    1    0    0    0    0  
   0    4    0    0    1    0    0    5    2    3    0    0    0    0    0  
   0    4    0    0    0    0    0    0    0    0    1    5    3    2    0  
   0    4    1    5    0    0    0    0    0    0    0    0    3    0    2  
   2    4    5    0    0    0    0    0    0    0    1    0    3    0    0  
   0    5    0    0    2    0    4    0    3    1    0    0    0    0    0  
   0    0    0    0    0    0    0    3    0    0    2    0    1    4    5  
   0    0    0    1    0    5    4    0    0    0    0    0    0    2    3  
   0    1    4    2    3    5    0    0    0    0    0    0    0    0    0  
   0    0    0    4    0    0    0    5    3    1    0    0    2    0    0  
   0    0    1    0    0    5    2    0    0    0    0    0    4    3    0  
   5    0    0    2    0    0    3    0    0    0    4    1    0    0    0  
   0    0    0    4    2    0    3    0    0    0    0    5    1    0    0  
   0    0    0    0    3    0    4    2    0    0    5    0    1    0    0  
   3    0    0    0    0    0    2    5    0    0    0    0    1    0    4  
   5    0    3    0    0    0    0    4    2    0    0    0    0    0    1  
   0    3    0    0    0    2    1    0    0    4    0    0    0    5    0  
   3    0    4    0    0    5    0    0    0    0    1    0    0    2    0  
   0    0    5    0    0    1    0    4    0    0    3    0    0    0    2  
   0    0    1    4    0    0    0    0    5    0    0    0    0    2    3  
   0    0    0    4    0    0    0    0    0    0    2    3    0    1    5  
   0    2    0    0    0    3    0    0    4    0    0    0    5    0    1  
   3    1    0    2    0    0    0    0    0    0    4    0    5    0    0  
   0    1    2    3    0    0    0    0    4    0    0    0    0    0    5  
   0    0    2    0    4    0    0    0    1    0    0    3    5    0    0  
   0    4    5    0    0    2    3    0    0    0    0    1    0    0    0  
   0    1    2    4    0    0    0    0    0    0    5    0    0    0    3  
   0    3    2    0    0    0    0    0    0    4    0    0    0    5    1  
   0    0    0    0    4    0    5    3    0    2    0    1    0    0    0  
   3    1    2    0    4    5    0    0    0    0    0    0    0    0    0  
   0    0    4    0    0    1    0    0    2    0    0    5    3    0    0  
   0    1    0    0    0    0    4    3    0    2    0    5    0    0    0  
   0    2    0    0    0    1    3    5    4    0    0    0    0    0    0  
   3    0    0    0    1    5    0    4    0    0    0    0    2    0    0  
   0    0    3    0    0    0    1    4    0    5    0    2    0    0    0  
   0    0    0    0    0    5    4    0    0    0    1    3    2    0    0  
   0    4    0    3    2    0    5    1    0    0    0    0    0    0    0  
   0    0    2    1    0    0    0    5    0    0    0    4    3    0    0  
   0    0    0    5    0    0    4    0    0    2    1    0    3    0    0  
   0    0    3    4    0    1    0    0    0    0    0    2    0    0    5  
   0    0    4    0    0    0    0    3    0    5    0    1    0    0    2  
   0    4    0    0    0    2    3    0    0    0    5    0    0    1    0  
   0    2    0    0    1    0    0    0    0    0    0    4    3    5    0  
   0    4    2    5    0    0    0    0    0    0    0    3    1    0    0  
   3    0    0    0    0    0    0    4    0    5    1    0    0    0    2  
   0    0    5    0    1    0    0    0    0    0    0    0    2    3    4  
   0    0    0    0    0    0    0    2    1    0    4    0    0    3    5  
   1    0    0    0    0    2    0    4    0    3    0    0    0    0    5  
   0    0    0    1    0    2    3    0    0    0    0    4    5    0    0  
   0    0    4    0    0    0    5    1    0    0    2    0    0    3    0  
   4    0    1    0    2    5    0    0    0    0    0    0    0    0    3  
   0    5    2    0    0    0    1    0    0    0    3    0    4    0    0  
   0    0    3    0    1    0    0    5    0    0    2    0    4    0    0  ] 
RESERVATION PRICES : [    0    0    0    0    7    7    0    7    0    7    0    6    0    0    0  
   0    0    9   11   11    0    0   10    0    0    0   10    0    0    0  
  14    0   15    0   15    0    0    0    0    0    0   14    0    0   18  
   0    0   22   18    0    0    0   22    0    0    0    0    0   17   23  
   0   28   25    0   27    0    0    0    0    0    0    0    0   23   22  
   0    0   24    0   22   24    0    0    0   23    0   26    0    0    0  
   0    0    0    0    0   25    0    0    0   29   28    0   26    0   30  
   0   35    0   31    0    0   33   31    0    0    0    0   33    0    0  
   0    0    0    0   33   38   29    0   30    0    0    0   39    0    0  
  40    0   40    0   43    0    0    0   40    0   46    0    0    0    0  
   0    0    0    0   38    0   39    0   37    0    0    0    0   40   40  
   0   45   48    0    0    0    0   39    0    0   37   45    0    0    0  
  47   42    0   35    0    0    0    0    0   44    0    0    0   41    0  
  48    0    0   49    0    0    0    0    0   41    0   55    0   53    0  
   0    0    0    0   54    0   50   51   53    0    0    0   53    0    0  
   0   48    0   46    0    0   52   46    0    0    0   52    0    0    0  
   0    0    0   67    0   54    0    0   64    0    0   58   51    0    0  
   0    0    0    0   58    0    0   55   56   61    0    0    0   57    0  
  54    0    0    0   54   69    0    0    0   70    0   70    0    0    0  
   0    0    0   56    0    0   73    0   60    0    0   72   75    0    0  
  82    0    0    0    0    0   65    0   78   66    0    0    0   80    0  
   0    0   79   70    0    0    0   65    0    0    0   87   63    0    0  
  78    0   77    0    0   84    0    0    0    0   73    0   63    0    0  
   0   72   86    0   67    0    0    0   66    0    0    0   84    0    0  
   0    0   76   70    0    0   74    0    0    0    0    0   75    0   69  
   0   67    0    0    0   90    0    0    0    0    0    0   67   77   71  
   0   73    0   89    0   93    0    0    0    0   77    0   84    0    0  
   0    0   92    0   74   97    0    0    0    0    0    0   94   96    0  
   0   90    0  105    0   80    0  108    0    0   90    0    0    0    0  
   0    0    0    0  105  102    0  104    0    0    0  100    0   83    0  
   0    0    0    0    0    0    0   96  114  101    0   91    0    0   90  
   0    0  107    0   84   96    0    0   86    0    0    0  115    0    0  
   0    0    0    0   91  110   94    0  109    0    0   88    0    0    0  
   0    0  114    0  108   90    0   89    0    0    0  121    0    0    0  
 121    0  106    0  124   96    0    0    0    0    0    0  107    0    0  
   0    0    0  114    0   99    0    0  118  108    0    0    0    0  112  
 128  101    0    0    0  104    0    0    0    0    0  121    0  129    0  
   0    0    0    0    0  103    0    0    0  119    0  135  129  122    0  
   0    0    0    0    0  113  135    0    0  116  135  140    0    0    0  
   0    0    0    0  119    0    0    0    0  135    0  144    0  113  130  
 110    0    0  114  120    0    0    0    0    0  127    0  149    0    0  
   0    0    0    0    0  155  117    0  148  144    0    0    0    0  135  
   0    0  156    0  117    0    0  159  141    0    0    0  144    0    0  
   0  154    0    0    0    0    0    0    0  133  135    0  134    0  151  
   0  136    0    0    0  154  151    0    0    0    0  149    0    0  146  
   0    0  122  135    0  163    0    0    0  148  141    0    0    0    0  
 135  177    0    0  144    0  148    0  165    0    0    0    0    0    0  
   0    0    0    0  137    0    0    0  158  153  170    0    0  159    0  
   0    0    0    0    0    0  138  145    0    0  134    0    0  144  175  
 171    0    0    0  145    0  146    0    0  176    0    0    0  143    0  
 185  182    0    0  147    0    0    0    0  168    0    0  152    0    0  
   0    0  152    0    0  161  178    0    0    0  191    0  159    0    0  
 193    0    0    0    0    0    0    0  191    0  199  170    0  155    0  
 173    0    0    0    0  174  158  167    0    0    0  170    0    0    0  
   0    0  183  199    0    0  185    0    0  195    0    0  175    0    0  
   0  158  170    0    0  207  162    0    0    0    0    0    0  195    0  
   0    0    0  190  166    0    0    0  152    0  177    0    0    0  202  
   0    0  205  217    0  179  215    0    0    0    0    0  201    0    0  
   0    0    0    0    0    0    0  189  215    0    0  207    0  170  205  
   0  172    0    0    0    0  188    0    0    0  213  177    0    0  216  
   0    0    0    0    0    0    0  167    0  175    0  159    0  178  180  
   0  215    0    0    0    0    0    0  204  223  179  176    0    0    0  
   0  186    0  213    0    0    0  169    0  229    0    0    0  181    0  
   0    0  205    0    0    0    0    0  184    0  225    0  220  207    0  
   0    0    0  192    0    0    0  236    0  206    0    0  205  189    0  
 224    0  180    0    0    0    0    0    0  236    0    0    0  176  201  
 179    0    0  186    0  189    0    0  205    0    0    0    0    0  228  
   0    0  197    0  217    0  247    0    0  214  213    0    0    0    0  
   0  235    0    0    0    0    0    0  196  237    0  189    0  251    0  
 240    0    0    0  236    0    0    0    0    0  207    0    0  196  261  
   0    0  200    0  196    0    0  207  268    0    0    0    0  263    0  
   0  208  234    0    0  238    0    0  258    0    0    0    0  200    0  
   0  211    0  267  227  216    0    0    0    0  266    0    0    0    0  
   0  237    0    0  262    0    0  265  205  239    0    0    0    0    0  
   0  205    0    0    0    0    0    0    0    0  282  248  236  265    0  
   0  255  211  252    0    0    0    0    0    0    0    0  239    0  285  
 224  218  287    0    0    0    0    0    0    0  220    0  284    0    0  
   0  224    0    0  217    0  246    0  225  246    0    0    0    0    0  
   0    0    0    0    0    0    0  226    0    0  222    0  257  292  267  
   0    0    0  295    0  259  301    0    0    0    0    0    0  268  233  
   0  247  238  276  229  256    0    0    0    0    0    0    0    0    0  
   0    0    0  247    0    0    0  239  282  245    0    0  262    0    0  
   0    0  262    0    0  307  297    0    0    0    0    0  284  245    0  
 290    0    0  250    0    0  263    0    0    0  232  239    0    0    0  
   0    0    0  253  304    0  292    0    0    0    0  318  294    0    0  
   0    0    0    0  286    0  301  264    0    0  287    0  284    0    0  
 250    0    0    0    0    0  317  275    0    0    0    0  316    0  322  
 338    0  288    0    0    0    0  254  328    0    0    0    0    0  272  
   0  304    0    0    0  295  330    0    0  313    0    0    0  281    0  
 255    0  322    0    0  325    0    0    0    0  272    0    0  299    0  
   0    0  252    0    0  291    0  334    0    0  279    0    0    0  270  
   0    0  291  292    0    0    0    0  347    0    0    0    0  263  289  
   0    0    0  270    0    0    0    0    0    0  295  285    0  312  322  
   0  299    0    0    0  294    0    0  313    0    0    0  330    0  289  
 305  309    0  318    0    0    0    0    0    0  300    0  276    0    0  
   0  348  368  281    0    0    0    0  340    0    0    0    0    0  300  
   0    0  300    0  350    0    0    0  278    0    0  371  312    0    0  
   0  360  297    0    0  350  291    0    0    0    0  351    0    0    0  
   0  371  355  326    0    0    0    0    0    0  336    0    0    0  319  
   0  288  339    0    0    0    0    0    0  341    0    0    0  316  343  
   0    0    0    0  302    0  296  305    0  348    0  377    0    0    0  
 345  295  318    0  346  372    0    0    0    0    0    0    0    0    0  
   0    0  315    0    0  402    0    0  353    0    0  307  381    0    0  
   0  310    0    0    0    0  404  362    0  310    0  302    0    0    0  
   0  319    0    0    0  362  365  372  342    0    0    0    0    0    0  
 413    0    0    0  302  332    0  315    0    0    0    0  379    0    0  
   0    0  343    0    0    0  362  395    0  360    0  322    0    0    0  
   0    0    0    0    0  338  309    0    0    0  364  331  318    0    0  
   0  409    0  354  355    0  360  349    0    0    0    0    0    0    0  
   0    0  372  302    0    0    0  382    0    0    0  367  396    0    0  
   0    0    0  377    0    0  321    0    0  317  359    0  324    0    0  
   0    0  371  385    0  358    0    0    0    0    0  418    0    0  335  
   0    0  316    0    0    0    0  339    0  410    0  364    0    0  341  
   0  334    0    0    0  353  317    0    0    0  429    0    0  365    0  
   0  420    0    0  414    0    0    0    0    0    0  348  364  331    0  
   0  390  427  358    0    0    0    0    0    0    0  411  343    0    0  
 359    0    0    0    0    0    0  417    0  408  429    0    0    0  333  
   0    0  321    0  413    0    0    0    0    0    0    0  405  360  438  
   0    0    0    0    0    0    0  332  343    0  360    0    0  356  425  
 372    0    0    0    0  456    0  435    0  384    0    0    0    0  357  
   0    0    0  449    0  444  398    0    0    0    0  360  333    0    0  
   0    0  450    0    0    0  338  399    0    0  411    0    0  456    0  
 409    0  446    0  335  338    0    0    0    0    0    0    0    0  338  
   0  408  401    0    0    0  438    0    0    0  350    0  351    0    0  
   0    0  359    0  392    0    0  423    0    0  343    0  391    0    0  ] 
 ] 
