K : 100
I : 15
C : 4
INSTANCE : 5
PREFERENCES : [    0    0    3    4    0    0    5    1    2    0    0    0    0    0    0  
   0    0    4    0    0    0    0    3    1    0    0    0    5    0    2  
   0    2    0    0    3    0    0    0    4    1    0    0    5    0    0  
   2    4    0    0    0    0    0    0    0    5    0    0    1    3    0  
   0    0    0    5    0    0    0    0    3    1    0    2    4    0    0  
   4    0    0    0    3    5    0    0    1    2    0    0    0    0    0  
   0    0    0    2    0    0    3    4    0    1    5    0    0    0    0  
   2    0    0    4    1    3    0    0    5    0    0    0    0    0    0  
   3    0    0    4    2    5    0    1    0    0    0    0    0    0    0  
   0    0    0    0    1    0    4    0    2    0    0    0    5    3    0  
   3    0    2    0    0    0    0    5    0    0    0    4    0    1    0  
   0    0    0    0    0    5    4    0    0    0    1    3    2    0    0  
   0    0    1    4    0    0    0    0    0    0    0    2    3    5    0  
   0    0    0    0    5    4    3    1    0    0    0    0    2    0    0  
   0    0    3    0    0    2    4    0    0    0    0    1    0    5    0  
   0    0    2    5    0    0    0    3    0    0    0    4    1    0    0  
   0    3    0    0    0    5    0    0    0    1    0    0    2    0    4  
   5    1    0    0    4    0    0    0    3    0    0    0    0    0    2  
   0    3    2    0    0    0    0    0    1    0    0    0    5    0    4  
   0    0    3    0    0    5    0    0    1    0    0    0    2    0    4  
   1    0    3    0    5    4    0    0    0    2    0    0    0    0    0  
   0    0    0    0    1    3    0    2    0    0    0    4    5    0    0  
   0    0    3    1    0    0    0    0    0    0    0    0    4    5    2  
   0    0    1    0    0    2    0    0    4    0    5    0    3    0    0  
   1    4    3    5    0    0    0    0    0    0    0    0    0    2    0  
   1    0    0    0    3    0    0    2    0    0    0    0    4    0    5  
   0    0    5    0    0    0    2    0    0    0    3    0    4    1    0  
   0    0    2    0    0    0    1    3    0    0    5    0    0    0    4  
   0    5    3    2    0    0    0    0    0    0    0    0    0    4    1  
   0    4    3    0    0    0    0    1    0    0    0    2    5    0    0  
   5    0    4    0    0    0    0    2    1    0    0    0    0    0    3  
   0    0    5    4    0    3    1    0    0    0    0    0    0    0    2  
   0    0    0    0    3    0    0    5    2    4    0    0    0    0    1  
   0    2    0    4    0    0    0    0    5    0    0    0    0    1    3  
   0    0    0    3    0    0    0    0    0    2    4    1    5    0    0  
   0    4    0    0    0    1    5    0    2    0    0    3    0    0    0  
   0    0    0    5    0    4    0    0    0    0    3    0    0    2    1  
   0    0    3    2    0    0    0    0    0    4    0    1    5    0    0  
   0    0    1    2    0    4    0    0    0    0    0    3    0    0    5  
   0    0    5    0    0    0    4    0    0    0    0    2    0    3    1  
   1    0    0    0    0    4    0    0    0    0    2    0    5    3    0  
   0    0    2    5    0    0    0    0    4    1    0    0    0    0    3  
   0    0    0    0    1    0    0    4    0    0    5    3    0    2    0  
   0    4    0    0    0    0    1    0    0    2    0    5    0    3    0  
   4    0    0    0    1    3    0    0    0    0    0    2    0    5    0  
   0    1    0    5    0    0    4    3    0    0    0    0    2    0    0  
   0    0    0    1    0    3    0    0    0    0    0    0    2    5    4  
   0    0    0    5    0    4    1    0    0    0    0    0    2    3    0  
   0    0    0    0    3    2    0    4    0    0    5    0    0    1    0  
   2    0    0    3    0    1    0    0    0    5    0    4    0    0    0  
   0    0    0    4    0    0    2    3    5    0    0    0    1    0    0  
   1    0    0    0    0    5    2    0    0    3    0    0    0    0    4  
   3    0    1    0    0    0    0    0    4    2    0    0    0    0    5  
   0    1    0    2    0    0    0    4    3    0    0    5    0    0    0  
   2    0    0    4    0    0    1    0    3    0    0    0    0    5    0  
   1    0    2    0    0    0    0    0    0    3    0    0    5    4    0  
   0    0    2    5    0    1    0    0    0    0    0    0    3    0    4  
   0    3    0    2    1    0    0    0    0    0    0    0    0    5    4  
   1    0    0    0    5    0    0    0    3    0    0    4    0    2    0  
   5    2    1    0    0    0    0    0    0    0    0    4    0    3    0  
   0    0    0    0    0    0    0    3    4    0    1    2    5    0    0  
   0    0    0    2    0    1    0    4    0    3    0    5    0    0    0  
   4    0    2    1    3    5    0    0    0    0    0    0    0    0    0  
   2    3    5    0    4    0    0    0    0    1    0    0    0    0    0  
   0    0    2    4    0    0    0    0    0    5    3    0    0    0    1  
   0    0    4    3    0    2    0    1    0    0    0    0    5    0    0  
   4    0    3    0    0    2    0    0    0    5    0    0    0    1    0  
   0    2    0    5    0    1    4    0    3    0    0    0    0    0    0  
   0    0    4    5    0    0    1    0    0    0    3    0    0    2    0  
   0    3    0    0    1    0    0    0    4    0    5    2    0    0    0  
   0    0    0    0    0    0    0    0    3    0    0    4    1    5    2  
   0    0    1    0    0    5    0    0    0    4    0    2    3    0    0  
   0    1    0    0    0    3    5    0    0    0    0    2    4    0    0  
   0    2    5    0    4    0    3    0    1    0    0    0    0    0    0  
   0    0    0    0    0    0    3    2    0    5    4    0    1    0    0  
   2    0    0    0    0    0    0    1    0    5    0    3    4    0    0  
   0    5    2    0    1    0    3    0    0    0    4    0    0    0    0  
   2    0    0    0    0    0    4    0    0    5    0    0    1    0    3  
   4    0    0    1    0    5    0    0    0    2    0    0    0    0    3  
   0    3    2    0    0    4    1    0    0    0    0    0    0    5    0  
   4    0    5    0    0    0    0    0    2    0    3    0    0    0    1  
   0    0    3    2    0    4    0    0    1    0    0    5    0    0    0  
   0    0    0    0    0    2    0    0    4    3    1    0    5    0    0  
   1    0    0    0    5    3    0    4    0    0    0    0    0    2    0  
   0    0    0    0    5    0    0    0    0    2    1    4    0    0    3  
   0    0    0    0    0    1    0    0    3    5    2    0    0    0    4  
   3    2    0    0    0    0    0    5    1    0    0    4    0    0    0  
   3    0    0    0    0    1    0    0    0    0    5    0    0    2    4  
   0    0    3    0    1    0    0    5    4    0    0    0    0    2    0  
   0    0    0    0    0    0    0    3    4    0    0    1    5    0    2  
   0    0    0    3    2    1    0    5    0    0    0    4    0    0    0  
   0    0    0    0    0    0    5    2    3    0    0    1    0    0    4  
   0    2    0    0    1    3    0    0    0    0    0    0    5    4    0  
   3    1    0    0    5    0    0    4    0    0    0    0    0    0    2  
   2    5    0    0    1    0    0    0    4    0    0    0    0    0    3  
   0    2    1    0    4    3    0    5    0    0    0    0    0    0    0  
   0    0    0    0    2    0    5    0    0    0    0    0    1    3    4  
   0    0    1    0    0    0    0    5    0    2    4    0    0    3    0  
   3    0    0    0    0    0    0    4    2    0    0    0    0    5    1  
   0    5    0    2    0    0    0    1    3    0    0    0    0    0    4  ] 
RESERVATION PRICES : [    0    0    6    6    0    0    6    7    6    0    0    0    0    0    0  
   0    0   10    0    0    0    0    9   10    0    0    0   11    0   11  
   0   15    0    0   18    0    0    0   17   14    0    0   14    0    0  
  22   22    0    0    0    0    0    0    0   20    0    0   18   21    0  
   0    0    0   19    0    0    0    0   24   23    0   25   20    0    0  
  24    0    0    0   29   28    0    0   33   26    0    0    0    0    0  
   0    0    0   37    0    0   34   32    0   37   38    0    0    0    0  
  33    0    0   32   33   33    0    0   28    0    0    0    0    0    0  
  29    0    0   32   36   28    0   36    0    0    0    0    0    0    0  
   0    0    0    0   36    0   38    0   30    0    0    0   35   38    0  
  38    0   29    0    0    0    0   29    0    0    0   33    0   38    0  
   0    0    0    0    0   43   36    0    0    0   42   34   41    0    0  
   0    0   48   42    0    0    0    0    0    0    0   50   46   40    0  
   0    0    0    0   40   50   46   48    0    0    0    0   45    0    0  
   0    0   48    0    0   54   52    0    0    0    0   40    0   41    0  
   0    0   57   56    0    0    0   56    0    0    0   54   52    0    0  
   0   63    0    0    0   54    0    0    0   48    0    0   56    0   65  
  60   61    0    0   57    0    0    0   55    0    0    0    0    0   66  
   0   55   54    0    0    0    0    0   53    0    0    0   57    0   68  
   0    0   78    0    0   59    0    0   65    0    0    0   66    0   59  
  79    0   78    0   69   65    0    0    0   80    0    0    0    0    0  
   0    0    0    0   72   83    0   77    0    0    0   73   78    0    0  
   0    0   74   86    0    0    0    0    0    0    0    0   69   87   66  
   0    0   78    0    0   87    0    0   77    0   73    0   96    0    0  
  96   96   94   76    0    0    0    0    0    0    0    0    0  103    0  
  97    0    0    0   76    0    0   91    0    0    0    0  101    0  102  
   0    0   88    0    0    0   88    0    0    0   87    0   94   84    0  
   0    0  111    0    0    0   88  114    0    0  101    0    0    0  101  
   0   88  113   90    0    0    0    0    0    0    0    0    0   96   89  
   0  102  110    0    0    0    0   90    0    0    0  116  111    0    0  
 120    0  100    0    0    0    0  122  118    0    0    0    0    0   91  
   0    0  104  121    0  106  113    0    0    0    0    0    0    0  112  
   0    0    0    0   94    0    0  102  108  113    0    0    0    0   97  
   0  118    0  115    0    0    0    0  113    0    0    0    0  113  129  
   0    0    0  110    0    0    0    0    0  126  133  114  104    0    0  
   0  106    0    0    0  133  117    0  106    0    0  142    0    0    0  
   0    0    0  131    0  132    0    0    0    0  139    0    0  145  121  
   0    0  114  137    0    0    0    0    0  122    0  138  151    0    0  
   0    0  147  137    0  151    0    0    0    0    0  117    0    0  142  
   0    0  127    0    0    0  158    0    0    0    0  126    0  118  130  
 156    0    0    0    0  126    0    0    0    0  122    0  130  160    0  
   0    0  135  122    0    0    0    0  153  152    0    0    0    0  137  
   0    0    0    0  166    0    0  154    0    0  130  164    0  137    0  
   0  141    0    0    0    0  123    0    0  166    0  125    0  168    0  
 147    0    0    0  161  141    0    0    0    0    0  161    0  155    0  
   0  168    0  135    0    0  160  174    0    0    0    0  178    0    0  
   0    0    0  183    0  134    0    0    0    0    0    0  140  133  132  
   0    0    0  137    0  137  137    0    0    0    0    0  144  149    0  
   0    0    0    0  192  140    0  163    0    0  142    0    0  149    0  
 190    0    0  150    0  158    0    0    0  173    0  155    0    0    0  
   0    0    0  201    0    0  201  172  180    0    0    0  159    0    0  
 164    0    0    0    0  195  160    0    0  176    0    0    0    0  191  
 185    0  182    0    0    0    0    0  194  183    0    0    0    0  203  
   0  153    0  181    0    0    0  185  159    0    0  165    0    0    0  
 183    0    0  154    0    0  173    0  176    0    0    0    0  187    0  
 191    0  203    0    0    0    0    0    0  203    0    0  201  174    0  
   0    0  194  217    0  176    0    0    0    0    0    0  212    0  200  
   0  196    0  199  214    0    0    0    0    0    0    0    0  199  174  
 200    0    0    0  229    0    0    0  200    0    0  191    0  173    0  
 210  218  209    0    0    0    0    0    0    0    0  187    0  210    0  
   0    0    0    0    0    0    0  209  179    0  234  227  175    0    0  
   0    0    0  207    0  226    0  235    0  240    0  226    0    0    0  
 197    0  250  231  199  187    0    0    0    0    0    0    0    0    0  
 193  248  197    0  250    0    0    0    0  251    0    0    0    0    0  
   0    0  189  223    0    0    0    0    0  234  245    0    0    0  183  
   0    0  248  203    0  197    0  223    0    0    0    0  249    0    0  
 187    0  245    0    0  255    0    0    0  219    0    0    0  245    0  
   0  256    0  255    0  244  261    0  219    0    0    0    0    0    0  
   0    0  214  207    0    0  243    0    0    0  204    0    0  244    0  
   0  267    0    0  261    0    0    0  261    0  238  204    0    0    0  
   0    0    0    0    0    0    0    0  214    0    0  229  256  202  224  
   0    0  219    0    0  270    0    0    0  214    0  244  250    0    0  
   0  209    0    0    0  240  214    0    0    0    0  209  277    0    0  
   0  254  254    0  251    0  285    0  209    0    0    0    0    0    0  
   0    0    0    0    0    0  263  239    0  233  213    0  249    0    0  
 249    0    0    0    0    0    0  248    0  224    0  221  263    0    0  
   0  236  256    0  283    0  272    0    0    0  232    0    0    0    0  
 278    0    0    0    0    0  270    0    0  235    0    0  277    0  217  
 269    0    0  232    0  234    0    0    0  269    0    0    0    0  279  
   0  244  231    0    0  304  225    0    0    0    0    0    0  260    0  
 242    0  300    0    0    0    0    0  308    0  252    0    0    0  291  
   0    0  232  266    0  242    0    0  261    0    0  229    0    0    0  
   0    0    0    0    0  274    0    0  259  280  256    0  275    0    0  
 274    0    0    0  249  271    0  279    0    0    0    0    0  293    0  
   0    0    0    0  289    0    0    0    0  235  271  286    0    0  245  
   0    0    0    0    0  258    0    0  296  255  316    0    0    0  313  
 285  331    0    0    0    0    0  265  327    0    0  241    0    0    0  
 287    0    0    0    0  299    0    0    0    0  269    0    0  305  272  
   0    0  316    0  318    0    0  252  243    0    0    0    0  264    0  
   0    0    0    0    0    0    0  305  309    0    0  286  267    0  258  
   0    0    0  348  336  312    0  334    0    0    0  332    0    0    0  
   0    0    0    0    0    0  276  262  336    0    0  349    0    0  346  
   0  349    0    0  261  263    0    0    0    0    0    0  267  303    0  
 297  310    0    0  310    0    0  281    0    0    0    0    0    0  311  
 309  292    0    0  274    0    0    0  262    0    0    0    0    0  323  
   0  275  309    0  283  293    0  276    0    0    0    0    0    0    0  
   0    0    0    0  268    0  326    0    0    0    0    0  307  293  265  
   0    0  336    0    0    0    0  360    0  365  271    0    0  357    0  
 335    0    0    0    0    0    0  322  319    0    0    0    0  322  289  
   0  297    0  373    0    0    0  278  292    0    0    0    0    0  377  ] 
 ] 
