K : 125
I : 10
C : 5
INSTANCE : 3
PREFERENCES : [    2    0    1    3    0    4    5    0    0    0  
   0    2    0    0    0    5    4    0    3    1  
   3    0    1    0    5    0    0    2    4    0  
   4    0    0    0    0    5    3    1    2    0  
   2    0    0    0    0    5    0    4    1    3  
   0    2    4    0    0    0    5    1    0    3  
   0    2    3    1    0    0    0    5    4    0  
   5    4    2    0    0    0    3    1    0    0  
   0    3    0    1    0    2    4    5    0    0  
   0    0    0    3    2    4    1    5    0    0  
   1    0    0    0    0    5    4    2    0    3  
   0    0    0    3    1    5    4    0    0    2  
   0    0    3    0    0    2    1    5    0    4  
   0    2    0    0    1    0    0    3    4    5  
   0    5    0    0    3    2    0    0    1    4  
   0    0    1    0    2    4    0    3    0    5  
   0    0    0    1    2    5    0    0    4    3  
   0    4    3    2    0    0    5    0    1    0  
   0    3    1    0    0    2    4    0    0    5  
   0    5    0    2    4    0    3    0    1    0  
   5    2    0    0    0    0    1    4    3    0  
   2    0    0    0    0    5    1    0    4    3  
   0    5    2    0    0    1    4    3    0    0  
   0    0    5    2    1    0    0    0    4    3  
   1    0    0    3    0    0    5    0    4    2  
   0    3    2    0    0    4    1    0    5    0  
   3    4    0    1    0    2    0    0    0    5  
   4    0    5    0    0    0    2    1    0    3  
   0    1    0    4    2    3    0    5    0    0  
   0    0    1    4    5    0    2    0    0    3  
   1    0    4    0    3    0    5    2    0    0  
   0    3    0    4    0    0    0    1    2    5  
   0    3    1    4    0    0    0    0    2    5  
   2    0    4    0    5    0    0    3    1    0  
   0    3    0    2    0    5    4    0    0    1  
   0    0    0    0    2    3    0    5    4    1  
   0    0    3    0    0    1    2    4    5    0  
   0    3    0    0    5    1    0    2    4    0  
   2    0    1    3    0    0    0    0    5    4  
   0    0    1    4    0    3    2    5    0    0  
   4    2    5    3    0    0    0    0    1    0  
   0    0    3    2    4    0    0    0    1    5  
   1    0    2    5    0    0    4    0    3    0  
   0    3    0    0    4    0    1    0    5    2  
   0    0    0    0    0    3    4    2    5    1  
   4    0    0    0    1    2    3    5    0    0  
   0    2    1    0    4    3    5    0    0    0  
   0    0    3    2    0    0    1    5    4    0  
   4    0    3    0    1    2    0    0    5    0  
   5    2    3    0    0    0    4    0    1    0  
   4    3    0    2    0    0    0    0    1    5  
   4    1    5    0    3    2    0    0    0    0  
   0    0    3    2    4    5    0    1    0    0  
   0    4    1    2    0    5    0    0    0    3  
   0    0    0    1    3    2    0    0    5    4  
   3    5    2    0    0    0    0    4    0    1  
   0    4    3    0    0    1    0    5    0    2  
   3    0    0    1    5    0    4    2    0    0  
   0    5    0    0    0    1    4    3    2    0  
   0    4    0    5    1    0    3    0    2    0  
   5    1    0    0    3    4    2    0    0    0  
   0    0    0    2    0    1    0    4    5    3  
   0    4    3    0    2    1    0    5    0    0  
   3    0    0    0    5    0    1    0    2    4  
   3    1    0    0    0    2    0    0    5    4  
   0    5    0    0    0    0    4    2    1    3  
   3    4    0    0    0    1    0    5    0    2  
   0    4    3    2    1    0    0    5    0    0  
   0    3    0    0    4    0    2    5    1    0  
   3    0    0    5    0    0    2    1    0    4  
   0    0    1    0    0    5    3    2    0    4  
   0    5    0    4    0    3    2    0    0    1  
   4    0    0    1    0    0    3    0    2    5  
   3    0    1    0    0    2    5    0    4    0  
   4    0    0    0    1    5    0    0    2    3  
   2    5    3    4    0    0    0    0    1    0  
   5    0    2    3    0    4    0    1    0    0  
   5    0    1    3    2    0    0    0    0    4  
   0    1    5    4    0    3    2    0    0    0  
   0    0    4    3    0    2    0    5    0    1  
   0    0    2    3    5    0    4    1    0    0  
   0    4    0    3    0    2    1    0    5    0  
   1    0    2    3    0    0    4    0    5    0  
   2    5    0    0    0    0    1    4    3    0  
   5    4    0    0    0    2    0    3    1    0  
   2    3    0    0    0    1    0    4    5    0  
   3    0    5    0    2    0    0    0    4    1  
   0    2    0    1    4    0    3    0    5    0  
   0    0    0    0    1    0    5    2    4    3  
   3    0    0    4    0    0    5    1    2    0  
   2    3    0    0    4    5    0    1    0    0  
   0    0    0    2    4    5    0    0    3    1  
   1    5    0    3    0    2    0    4    0    0  
   2    0    0    0    5    0    1    0    3    4  
   0    3    4    0    2    0    0    0    1    5  
   0    0    0    4    1    2    3    0    5    0  
   4    1    5    0    0    3    0    0    2    0  
   3    4    0    0    0    0    1    0    5    2  
   0    0    1    0    4    5    0    3    0    2  
   0    3    1    2    0    0    0    5    0    4  
   0    0    3    5    0    1    0    4    0    2  
   0    0    2    0    0    1    5    0    3    4  
   1    0    2    5    0    0    4    3    0    0  
   1    0    2    0    5    0    3    0    0    4  
   5    1    0    0    0    0    3    2    0    4  
   3    0    0    5    4    0    0    2    1    0  
   4    1    2    0    3    5    0    0    0    0  
   3    2    0    0    5    0    0    1    4    0  
   0    0    2    0    1    3    4    0    0    5  
   0    3    5    2    4    0    0    0    0    1  
   0    1    2    5    0    0    4    0    0    3  
   0    3    0    5    2    0    0    0    1    4  
   3    0    2    5    0    1    4    0    0    0  
   5    0    0    0    1    0    4    0    2    3  
   1    4    0    3    2    5    0    0    0    0  
   0    4    0    0    0    3    2    5    1    0  
   0    3    0    2    4    0    5    1    0    0  
   0    0    0    1    4    5    0    0    3    2  
   5    2    1    3    0    0    0    0    0    4  
   0    0    3    4    1    0    0    2    0    5  
   0    4    2    0    5    3    0    0    1    0  
   5    0    0    4    0    3    0    1    0    2  
   3    0    0    0    2    0    4    5    1    0  
   0    0    0    0    2    5    0    3    4    1  
   3    0    1    0    2    0    5    4    0    0  ] 
RESERVATION PRICES : [    9    0    9    8    0    9    9    0    0    0  
   0   11    0    0    0   13   12    0   11   12  
  14    0   13    0   15    0    0   16   14    0  
  18    0    0    0    0   17   20   16   18    0  
  26    0    0    0    0   23    0   28   21   22  
   0   26   23    0    0    0   22   23    0   24  
   0   26   33   27    0    0    0   30   31    0  
  28   34   27    0    0    0   31   32    0    0  
   0   34    0   32    0   29   30   27    0    0  
   0    0    0   39   29   40   35   40    0    0  
  37    0    0    0    0   35   31   40    0   31  
   0    0    0   37   42   40   35    0    0   44  
   0    0   35    0    0   47   36   36    0   41  
   0   51    0    0   43    0    0   40   42   43  
   0   48    0    0   40   47    0    0   45   40  
   0    0   41    0   41   40    0   40    0   41  
   0    0    0   52   54   47    0    0   50   48  
   0   57   57   45    0    0   56    0   48    0  
   0   58   60    0    0   50   60    0    0   49  
   0   53    0   59   63    0   50    0   65    0  
  63   73    0    0    0    0   69   55   68    0  
  62    0    0    0    0   56   56    0   69   64  
   0   75   62    0    0   79   79   62    0    0  
   0    0   77   70   78    0    0    0   80   70  
  71    0    0   61    0    0   65    0   78   83  
   0   84   79    0    0   76   85    0   70    0  
  67   69    0   86    0   86    0    0    0   83  
  91    0   82    0    0    0   74   73    0   86  
   0   92    0   76   87  103    0   92    0    0  
   0    0   89   90  100    0   88    0    0   78  
  82    0   85    0   89    0   80   92    0    0  
   0   98    0   75    0    0    0   75   96   89  
   0   86  106   97    0    0    0    0  110   96  
 109    0  110    0   91    0    0   94   97    0  
   0   88    0  109    0  101  114    0    0   88  
   0    0    0    0   93  106    0  106  117  107  
   0    0  114    0    0   95  118   98  104    0  
   0  126    0    0  107  111    0   99  111    0  
 131    0  135  105    0    0    0    0  104  135  
   0    0  133  117    0  101  134  111    0    0  
 123  113  139  141    0    0    0    0  129    0  
   0    0  121  104  138    0    0    0  122  122  
 118    0  143  109    0    0  109    0  124    0  
   0  119    0    0  122    0  144    0  130  124  
   0    0    0    0    0  121  154  141  152  124  
 147    0    0    0  141  133  135  119    0    0  
   0  131  134    0  151  131  159    0    0    0  
   0    0  158  168    0    0  127  135  157    0  
 160    0  125    0  133  128    0    0  145    0  
 129  169  157    0    0    0  169    0  144    0  
 178  162    0  172    0    0    0    0  160  181  
 187  167  137    0  163  142    0    0    0    0  
   0    0  175  174  191  160    0  151    0    0  
   0  189  181  138    0  186    0    0    0  186  
   0    0    0  165  187  155    0    0  190  192  
 151  179  192    0    0    0    0  169    0  183  
   0  168  198    0    0  192    0  167    0  180  
 185    0    0  154  174    0  204  181    0    0  
   0  151    0    0    0  151  192  150  195    0  
   0  197    0  212  163    0  167    0  154    0  
 167  158    0    0  165  165  179    0    0    0  
   0    0    0  187    0  170    0  189  167  195  
   0  166  184    0  208  178    0  184    0    0  
 197    0    0    0  206    0  221    0  168  220  
 217  220    0    0    0  170    0    0  198  219  
   0  182    0    0    0    0  163  219  203  202  
 180  215    0    0    0  218    0  220    0  209  
   0  217  177  179  197    0    0  176    0    0  
   0  222    0    0  192    0  233  206  180    0  
 238    0    0  179    0    0  209  174    0  188  
   0    0  199    0    0  228  193  237    0  234  
   0  199    0  208    0  233  248    0    0  185  
 186    0    0  208    0    0  236    0  197  243  
 212    0  246    0    0  211  195    0  208    0  
 216    0    0    0  251  231    0    0  217  242  
 199  267  262  204    0    0    0    0  202    0  
 223    0  270  227    0  264    0  267    0    0  
 232    0  248  258  260    0    0    0    0  236  
   0  216  275  201    0  237  257    0    0    0  
   0    0  262  251    0  251    0  249    0  274  
   0    0  253  288  209    0  209  229    0    0  
   0  288    0  258    0  279  278    0  219    0  
 244    0  263  238    0    0  256    0  225    0  
 295  233    0    0    0    0  234  225  293    0  
 228  251    0    0    0  251    0  293  272    0  
 270  284    0    0    0  250    0  248  268    0  
 271    0  244    0  255    0    0    0  243  298  
   0  236    0  247  241    0  316    0  322    0  
   0    0    0    0  269    0  284  250  311  271  
 280    0    0  253    0    0  261  235  232    0  
 240  291    0    0  258  256    0  246    0    0  
   0    0    0  326  330  254    0    0  283  315  
 285  260    0  282    0  275    0  320    0    0  
 265    0    0    0  301    0  247    0  274  295  
   0  281  339    0  260    0    0    0  296  341  
   0    0    0  326  284  285  300    0  327    0  
 333  345  333    0    0  254    0    0  323    0  
 338  275    0    0    0    0  339    0  346  332  
   0    0  327    0  292  283    0  353    0  316  
   0  262  345  282    0    0    0  334    0  339  
   0    0  280  337    0  350    0  325    0  272  
   0    0  316    0    0  312  275    0  301  271  
 353    0  301  278    0    0  331  327    0    0  
 359    0  334    0  340    0  322    0    0  306  
 275  306    0    0    0    0  326  296    0  364  
 386    0    0  372  317    0    0  323  388    0  
 384  357  289    0  289  337    0    0    0    0  
 362  316    0    0  305    0    0  312  354    0  
   0    0  363    0  323  355  380    0    0  313  
   0  365  384  398  338    0    0    0    0  336  
   0  294  292  337    0    0  397    0    0  405  
   0  392    0  339  393    0    0    0  345  364  
 323    0  404  345    0  343  358    0    0    0  
 375    0    0    0  305    0  340    0  362  417  
 333  408    0  370  389  306    0    0    0    0  
   0  336    0    0    0  362  411  406  428    0  
   0  345    0  381  340    0  409  424    0    0  
   0    0    0  380  368  420    0    0  340  392  
 414  334  404  328    0    0    0    0    0  344  
   0    0  360  435  387    0    0  337    0  334  
   0  368  396    0  422  349    0    0  394    0  
 419    0    0  356    0  344    0  445    0  420  
 389    0    0    0  448    0  369  347  351    0  
   0    0    0    0  461  358    0  457  367  430  
 344    0  415    0  436    0  363  360    0    0  ] 
 ] 
