K : 75
I : 5
C : 8
INSTANCE : 3
PREFERENCES : [    1    0    2    3    0  
   3    0    2    1    0  
   2    3    0    1    0  
   1    3    0    2    0  
   0    2    0    1    3  
   3    2    0    0    1  
   2    0    3    0    1  
   0    0    3    1    2  
   0    2    1    0    3  
   3    0    2    0    1  
   0    3    2    0    1  
   3    0    2    1    0  
   0    2    1    0    3  
   1    0    2    3    0  
   1    3    0    2    0  
   2    0    3    1    0  
   1    0    2    0    3  
   2    0    0    1    3  
   3    1    0    0    2  
   0    0    3    1    2  
   0    2    1    0    3  
   3    1    0    0    2  
   0    2    3    1    0  
   0    1    2    3    0  
   3    0    1    0    2  
   0    1    3    2    0  
   2    0    0    3    1  
   1    0    3    0    2  
   1    3    0    0    2  
   2    0    3    0    1  
   0    1    3    2    0  
   1    0    0    3    2  
   3    2    0    0    1  
   0    0    1    3    2  
   3    0    1    2    0  
   0    3    1    2    0  
   1    3    2    0    0  
   0    0    3    1    2  
   0    1    3    0    2  
   2    0    1    3    0  
   3    1    0    0    2  
   0    1    2    3    0  
   0    3    0    1    2  
   0    1    3    2    0  
   3    0    2    1    0  
   0    0    2    1    3  
   0    0    1    3    2  
   2    1    0    0    3  
   0    0    3    1    2  
   3    0    0    2    1  
   0    0    2    3    1  
   0    2    0    3    1  
   0    2    3    1    0  
   0    1    2    0    3  
   2    1    0    0    3  
   2    1    0    0    3  
   2    0    3    0    1  
   2    0    3    0    1  
   1    2    0    0    3  
   3    1    2    0    0  
   1    3    0    0    2  
   0    3    0    2    1  
   0    1    2    0    3  
   0    3    0    2    1  
   2    1    0    0    3  
   3    2    0    0    1  
   2    0    0    1    3  
   0    2    0    1    3  
   2    3    0    1    0  
   0    2    1    0    3  
   3    0    0    2    1  
   2    0    1    0    3  
   3    2    1    0    0  
   1    2    0    3    0  
   1    2    0    0    3  ] 
RESERVATION PRICES : [    7    0    6    7    0  
  14    0   13   13    0  
  12   14    0   13    0  
  12   15    0   15    0  
   0   22    0   19   18  
  23   24    0    0   27  
  24    0   24    0   27  
   0    0   37   28   30  
   0   33   37    0   36  
  42    0   39    0   33  
   0   40   40    0   50  
  51    0   41   47    0  
   0   51   59    0   49  
  50    0   62   59    0  
  62   64    0   66    0  
  61    0   60   54    0  
  66    0   56    0   54  
  60    0    0   68   67  
  80   71    0    0   77  
   0    0   75   64   76  
   0   84   90    0   75  
  75   86    0    0   93  
   0   83  100   83    0  
   0   86  100   95    0  
 101    0  102    0   84  
   0   88  103  105    0  
  98    0    0   97  113  
 116    0  101    0   90  
 102   98    0    0   96  
 120    0  102    0   94  
   0   99   95   97    0  
 120    0    0   98  124  
 107  107    0    0  129  
   0    0  118  120  134  
 116    0  146  109    0  
   0  143  116  117    0  
 140  126  142    0    0  
   0    0  137  117  145  
   0  149  132    0  158  
 137    0  146  148    0  
 146  165    0    0  137  
   0  135  155  151    0  
   0  158    0  126  170  
   0  142  155  141    0  
 132    0  169  145    0  
   0    0  142  134  180  
   0    0  154  140  156  
 163  179    0    0  189  
   0    0  168  171  156  
 141    0    0  184  176  
   0    0  191  144  149  
   0  154    0  145  200  
   0  187  191  150    0  
   0  154  152    0  176  
 190  205    0    0  202  
 171  156    0    0  167  
 209    0  182    0  163  
 207    0  178    0  173  
 225  202    0    0  192  
 188  209  183    0    0  
 179  196    0    0  222  
   0  190    0  181  217  
   0  230  227    0  235  
   0  193    0  240  208  
 233  198    0    0  240  
 226  205    0    0  251  
 237    0    0  250  254  
   0  221    0  232  235  
 228  259    0  214    0  
   0  211  207    0  223  
 237    0    0  216  238  
 241    0  222    0  219  
 221  270  231    0    0  
 230  204    0  208    0  
 257  231    0    0  250  ] 
 ] 
