K : 100
I : 10
C : 16
INSTANCE : 2
PREFERENCES : [    0    1    3    0    0    4    0    0    2    5  
   3    5    0    0    1    4    2    0    0    0  
   0    1    0    3    0    5    4    0    2    0  
   2    4    5    3    0    0    0    0    0    1  
   5    0    4    0    2    1    0    3    0    0  
   2    1    0    0    4    0    5    0    0    3  
   1    0    0    0    3    0    4    2    0    5  
   0    1    0    0    0    2    5    4    3    0  
   4    1    0    3    2    5    0    0    0    0  
   1    3    0    0    0    0    5    4    2    0  
   3    0    0    2    0    0    1    5    0    4  
   0    5    3    0    0    1    0    4    0    2  
   0    0    0    0    2    5    3    4    1    0  
   0    0    3    5    2    0    0    0    1    4  
   4    0    2    0    0    0    1    3    5    0  
   2    1    4    0    0    3    0    0    0    5  
   0    0    5    2    1    0    0    4    0    3  
   2    3    0    0    1    0    4    5    0    0  
   5    3    0    0    4    2    0    1    0    0  
   3    1    0    0    0    4    0    2    5    0  
   2    5    1    0    0    0    0    4    3    0  
   5    0    0    3    4    0    0    1    0    2  
   0    0    4    0    3    5    1    0    2    0  
   4    0    1    0    0    0    2    3    5    0  
   3    4    0    1    0    2    0    0    5    0  
   1    0    5    0    0    0    4    0    2    3  
   0    0    4    2    0    3    1    0    0    5  
   0    0    2    3    0    0    0    5    4    1  
   0    2    1    0    0    4    0    5    3    0  
   4    5    0    0    2    3    0    0    0    1  
   0    0    3    5    0    2    0    4    1    0  
   2    0    1    5    3    0    0    0    0    4  
   0    3    0    4    2    0    0    5    0    1  
   2    0    0    0    0    3    5    4    1    0  
   0    0    1    4    0    5    0    0    2    3  
   4    0    0    3    2    0    0    5    1    0  
   4    2    0    1    0    0    3    5    0    0  
   0    1    3    0    4    0    0    0    2    5  
   0    4    3    1    0    0    0    2    5    0  
   0    4    5    2    0    0    0    0    1    3  
   2    0    0    1    4    0    0    3    5    0  
   5    0    0    0    1    0    2    4    0    3  
   2    0    1    3    0    5    4    0    0    0  
   0    3    2    0    5    4    0    0    1    0  
   0    0    2    3    1    0    5    0    4    0  
   0    0    3    4    0    1    0    2    0    5  
   0    0    2    3    0    1    0    0    5    4  
   1    5    0    3    0    2    0    0    4    0  
   2    0    0    0    4    5    1    3    0    0  
   0    0    0    4    3    5    1    0    0    2  
   0    2    4    0    3    0    0    0    5    1  
   5    3    0    0    0    1    0    4    2    0  
   3    5    0    0    2    4    0    0    0    1  
   1    0    3    2    0    0    4    0    0    5  
   0    5    0    0    2    3    0    0    4    1  
   0    0    5    2    0    0    1    4    0    3  
   3    2    0    0    5    0    1    0    4    0  
   0    0    3    0    5    4    0    2    0    1  
   1    4    0    0    3    2    0    0    0    5  
   0    0    0    3    1    0    2    4    5    0  
   5    3    0    1    0    0    4    2    0    0  
   1    4    0    0    0    3    0    2    5    0  
   0    0    5    0    2    4    1    0    0    3  
   0    1    0    2    3    0    5    4    0    0  
   4    1    0    0    3    2    0    5    0    0  
   1    4    0    0    0    0    0    3    5    2  
   1    0    3    0    5    0    4    2    0    0  
   5    0    3    4    1    0    2    0    0    0  
   0    5    4    1    2    0    3    0    0    0  
   0    1    2    0    5    0    0    3    0    4  
   3    0    0    2    5    1    0    4    0    0  
   0    0    0    3    2    5    1    0    4    0  
   0    1    0    2    4    0    5    3    0    0  
   5    3    2    0    4    0    0    0    1    0  
   0    1    0    0    0    0    4    5    3    2  
   2    0    0    4    3    0    5    0    1    0  
   4    0    3    0    0    0    1    2    5    0  
   0    1    0    0    0    3    0    2    5    4  
   0    0    0    1    4    5    0    3    0    2  
   1    0    3    4    5    0    0    2    0    0  
   0    2    0    0    4    0    3    5    1    0  
   0    0    5    4    3    2    0    0    1    0  
   2    5    4    0    0    3    0    1    0    0  
   0    0    3    4    0    1    5    2    0    0  
   5    0    2    1    4    0    3    0    0    0  
   0    0    0    4    0    1    5    3    0    2  
   3    0    0    0    0    1    4    2    0    5  
   1    0    4    0    2    0    3    0    0    5  
   5    0    0    0    4    0    0    2    1    3  
   0    0    1    2    0    0    3    0    4    5  
   0    0    5    2    0    4    0    0    1    3  
   4    5    1    0    3    0    0    0    0    2  
   0    0    3    4    2    0    5    1    0    0  
   3    0    0    4    0    2    5    1    0    0  
   0    5    0    0    4    3    1    0    0    2  
   4    0    0    0    3    1    2    5    0    0  
   0    0    2    0    5    3    0    4    1    0  
   0    0    1    0    3    5    2    0    0    4  
   0    3    2    0    0    4    1    0    5    0  
   5    1    0    0    0    2    0    4    0    3  ] 
RESERVATION PRICES : [    0    7    6    0    0    7    0    0    6    6  
  10   11    0    0   11   10    9    0    0    0  
   0   15    0   16    0   13   15    0   17    0  
  18   21   21   19    0    0    0    0    0   17  
  27    0   23    0   25   22    0   24    0    0  
  29   29    0    0   25    0   24    0    0   26  
  24    0    0    0   24    0   25   31    0   24  
   0   30    0    0    0   29   29   26   34    0  
  34   35    0   38   34   32    0    0    0    0  
  43   40    0    0    0    0   36   39   44    0  
  40    0    0   34    0    0   37   34    0   46  
   0   38   46    0    0   37    0   41    0   43  
   0    0    0    0   48   42   40   46   51    0  
   0    0   41   43   42    0    0    0   47   40  
  56    0   48    0    0    0   54   48   56    0  
  49   65   66    0    0   50    0    0    0   52  
   0    0   57   57   61    0    0   55    0   54  
  54   73    0    0   55    0   63   69    0    0  
  74   76    0    0   74   59    0   63    0    0  
  71   63    0    0    0   65    0   69   76    0  
  78   65   79    0    0    0    0   64   76    0  
  86    0    0   66   86    0    0   72    0   83  
   0    0   76    0   88   83   72    0   72    0  
  76    0   93    0    0    0   87   94   97    0  
  80   74    0   75    0   95    0    0   95    0  
  78    0  104    0    0    0   76    0   91  100  
   0    0  108   85    0   85   81    0    0  107  
   0    0   88   90    0    0    0  109   91  102  
   0  120   90    0    0   87    0  109  112    0  
  94   92    0    0  115  114    0    0    0   93  
   0    0  116   95    0  123    0  123  120    0  
 120    0   94  105  118    0    0    0    0  125  
   0  120    0  128  118    0    0   96    0  103  
 129    0    0    0    0  102  121  111  131    0  
   0    0  105  121    0  105    0    0  145  129  
 141    0    0  113  118    0    0  139  124    0  
 150  113    0  122    0    0  115  136    0    0  
   0  120  155    0  136    0    0    0  113  150  
   0  127  145  127    0    0    0  118  132    0  
   0  144  120  140    0    0    0    0  158  129  
 131    0    0  156  172    0    0  140  140    0  
 161    0    0    0  170    0  153  157    0  169  
 174    0  175  159    0  153  139    0    0    0  
   0  163  149    0  162  139    0    0  166    0  
   0    0  153  165  153    0  155    0  158    0  
   0    0  182  133    0  175    0  161    0  178  
   0    0  153  178    0  152    0    0  161  141  
 181  175    0  181    0  178    0    0  140    0  
 140    0    0    0  194  174  177  142    0    0  
   0    0    0  195  161  185  189    0    0  153  
   0  168  167    0  166    0    0    0  159  151  
 153  154    0    0    0  164    0  202  158    0  
 175  189    0    0  160  164    0    0    0  158  
 188    0  186  206    0    0  211    0    0  184  
   0  219    0    0  190  185    0    0  206  186  
   0    0  200  208    0    0  184  195    0  185  
 188  227    0    0  214    0  211    0  222    0  
   0    0  177    0  216  232    0  208    0  200  
 206  241    0    0  219  175    0    0    0  234  
   0    0    0  176  241    0  216  219  209    0  
 197  188    0  218    0    0  207  184    0    0  
 207  182    0    0    0  182    0  240  184    0  
   0    0  195    0  191  215  230    0    0  238  
   0  227    0  232  199    0  218  196    0    0  
 237  229    0    0  221  223    0  242    0    0  
 187  192    0    0    0    0    0  226  215  217  
 204    0  241    0  193    0  203  217    0    0  
 259    0  212  233  241    0  202    0    0    0  
   0  220  200  194  207    0  194    0    0    0  
   0  253  258    0  200    0    0  200    0  232  
 218    0    0  248  272  272    0  229    0    0  
   0    0    0  254  255  231  279    0  242    0  
   0  247    0  263  253    0  208  273    0    0  
 274  257  212    0  254    0    0    0  267    0  
   0  235    0    0    0    0  260  269  278  265  
 241    0    0  241  240    0  251    0  260    0  
 290    0  232    0    0    0  231  237  263    0  
   0  219    0    0    0  283    0  301  232  280  
   0    0    0  293  245  225    0  227    0  258  
 270    0  267  286  262    0    0  235    0    0  
   0  243    0    0  223    0  232  305  245    0  
   0    0  252  247  270  253    0    0  261    0  
 252  237  252    0    0  270    0  303    0    0  
   0    0  315  230    0  302  253  285    0    0  
 280    0  249  292  269    0  315    0    0    0  
   0    0    0  295    0  282  304  250    0  316  
 246    0    0    0    0  319  319  244    0  302  
 318    0  295    0  299    0  316    0    0  326  
 298    0    0    0  310    0    0  332  341  281  
   0    0  286  276    0    0  323    0  281  340  
   0    0  304  317    0  256    0    0  331  316  
 356  360  281    0  259    0    0    0    0  356  
   0    0  358  260  322    0  302  267    0    0  
 353    0    0  283    0  269  330  345    0    0  
   0  292    0    0  360  290  360    0    0  351  
 354    0    0    0  337  320  283  346    0    0  
   0    0  307    0  264  301    0  320  339    0  
   0    0  350    0  349  303  276    0    0  279  
   0  345  362    0    0  303  311    0  271    0  
 335  335    0    0    0  310    0  311    0  339  ] 
 ] 
