K : 100
I : 5
C : 20
INSTANCE : 2
PREFERENCES : [    3    2    0    0    1  
   1    2    3    0    0  
   1    0    0    2    3  
   0    3    2    1    0  
   1    2    0    0    3  
   1    0    3    2    0  
   3    2    0    0    1  
   2    1    0    3    0  
   0    1    0    2    3  
   0    1    2    3    0  
   1    0    2    3    0  
   0    0    2    1    3  
   3    2    1    0    0  
   0    2    3    0    1  
   1    0    2    0    3  
   3    0    0    2    1  
   2    0    1    0    3  
   1    3    2    0    0  
   2    0    0    3    1  
   1    0    2    0    3  
   1    0    3    0    2  
   1    0    3    2    0  
   3    0    2    1    0  
   2    0    3    1    0  
   3    1    2    0    0  
   0    3    0    2    1  
   3    1    2    0    0  
   2    3    1    0    0  
   2    0    1    3    0  
   0    2    3    1    0  
   1    0    2    3    0  
   0    3    1    0    2  
   2    0    0    1    3  
   0    1    3    0    2  
   1    0    3    0    2  
   2    0    3    1    0  
   0    3    2    0    1  
   1    2    0    3    0  
   0    1    2    3    0  
   0    0    1    2    3  
   2    0    0    3    1  
   2    3    0    1    0  
   0    2    3    1    0  
   0    0    3    1    2  
   0    0    2    3    1  
   0    3    2    1    0  
   0    1    3    0    2  
   0    0    1    2    3  
   0    0    3    2    1  
   2    3    1    0    0  
   3    0    2    0    1  
   1    2    0    3    0  
   3    2    0    0    1  
   2    3    0    0    1  
   0    3    2    1    0  
   1    3    2    0    0  
   0    1    0    2    3  
   2    1    0    0    3  
   2    0    0    1    3  
   2    0    1    3    0  
   1    2    3    0    0  
   0    2    0    1    3  
   0    1    2    0    3  
   3    0    2    0    1  
   0    3    0    2    1  
   2    0    0    3    1  
   3    0    2    1    0  
   0    0    3    1    2  
   1    3    0    2    0  
   2    1    0    0    3  
   0    2    1    3    0  
   2    1    3    0    0  
   0    2    3    0    1  
   3    1    0    2    0  
   0    1    2    0    3  
   2    3    1    0    0  
   1    0    3    0    2  
   0    3    2    1    0  
   1    0    2    0    3  
   3    0    2    1    0  
   0    2    0    1    3  
   1    0    3    2    0  
   2    3    1    0    0  
   0    0    2    3    1  
   3    2    0    0    1  
   3    0    2    1    0  
   1    0    2    0    3  
   2    0    0    1    3  
   3    0    2    1    0  
   1    3    0    2    0  
   3    1    0    0    2  
   0    0    3    2    1  
   3    0    1    2    0  
   0    2    1    3    0  
   1    2    3    0    0  
   0    1    2    3    0  
   1    0    2    0    3  
   0    0    3    2    1  
   2    3    0    1    0  
   0    1    0    2    3  ] 
RESERVATION PRICES : [    6    6    0    0    6  
   9    9   11    0    0  
  15    0    0   12   15  
   0   18   21   18    0  
  17   21    0    0   20  
  23    0   26   21    0  
  25   27    0    0   31  
  27   37    0   28    0  
   0   35    0   34   36  
   0   29   32   37    0  
  33    0   43   42    0  
   0    0   46   36   45  
  48   51   47    0    0  
   0   51   54    0   55  
  52    0   48    0   59  
  53    0    0   56   50  
  63    0   57    0   67  
  51   63   53    0    0  
  59    0    0   59   58  
  64    0   61    0   57  
  70    0   76    0   73  
  81    0   73   60    0  
  81    0   65   65    0  
  77    0   77   84    0  
  72   78   91    0    0  
   0   86    0   84   93  
  78   88   84    0    0  
  88  105  101    0    0  
  85    0  102  108    0  
   0   86  112  100    0  
 120    0  114  103    0  
   0   94  123    0  119  
 126    0    0  109  106  
   0  137  116    0  115  
 131    0  110    0  126  
 117    0  126  135    0  
   0  141  138    0  144  
 116  144    0  115    0  
   0  135  117  115    0  
   0    0  149  144  149  
 133    0    0  137  123  
 128  157    0  164    0  
   0  157  156  156    0  
   0    0  163  130  151  
   0    0  182  135  137  
   0  180  138  150    0  
   0  166  175    0  173  
   0    0  143  141  154  
   0    0  174  164  155  
 171  180  177    0    0  
 195    0  160    0  152  
 154  155    0  174    0  
 196  175    0    0  209  
 165  178    0    0  203  
   0  177  166  197    0  
 207  169  173    0    0  
   0  189    0  183  177  
 191  228    0    0  171  
 202    0    0  194  175  
 196    0  204  194    0  
 241  234  240    0    0  
   0  185    0  245  198  
   0  233  246    0  206  
 254    0  182    0  248  
   0  193    0  189  243  
 228    0    0  262  208  
 235    0  193  191    0  
   0    0  260  214  198  
 238  243    0  259    0  
 199  240    0    0  196  
   0  262  209  214    0  
 224  251  251    0    0  
   0  240  260    0  266  
 249  244    0  268    0  
   0  254  235    0  274  
 280  244  222    0    0  
 215    0  250    0  264  
   0  287  242  240    0  
 229    0  298    0  279  
 263    0  240  246    0  
   0  256    0  237  270  
 228    0  243  254    0  
 248  283  295    0    0  
   0    0  313  232  247  
 267  311    0    0  293  
 256    0  283  272    0  
 306    0  329    0  318  
 324    0    0  325  280  
 256    0  291  247    0  
 296  322    0  266    0  
 259  291    0    0  282  
   0    0  281  303  283  
 265    0  286  292    0  
   0  333  356  300    0  
 332  317  294    0    0  
   0  347  314  264    0  
 347    0  291    0  358  
   0    0  311  281  345  
 312  324    0  346    0  
   0  361    0  341  333  ] 
 ] 
