K : 75
I : 5
C : 15
INSTANCE : 2
PREFERENCES : [    0    1    3    0    2  
   0    2    0    3    1  
   1    0    2    3    0  
   0    3    0    2    1  
   2    3    0    0    1  
   0    1    0    2    3  
   0    1    0    2    3  
   0    2    3    1    0  
   2    3    0    0    1  
   2    0    3    1    0  
   0    2    3    0    1  
   2    0    3    1    0  
   3    1    2    0    0  
   0    3    1    2    0  
   0    2    1    3    0  
   3    0    0    2    1  
   0    2    1    3    0  
   2    3    0    0    1  
   0    1    0    3    2  
   3    0    2    0    1  
   0    3    0    1    2  
   3    2    1    0    0  
   3    2    0    0    1  
   2    3    1    0    0  
   0    1    0    2    3  
   2    0    3    1    0  
   3    1    0    0    2  
   2    0    0    1    3  
   1    0    0    2    3  
   0    3    2    1    0  
   2    3    0    0    1  
   2    0    3    0    1  
   0    2    1    0    3  
   0    3    0    1    2  
   1    3    0    0    2  
   2    1    3    0    0  
   3    0    2    0    1  
   2    0    0    3    1  
   2    0    1    3    0  
   0    1    2    3    0  
   0    1    3    2    0  
   0    3    0    1    2  
   3    1    2    0    0  
   0    1    2    3    0  
   1    0    0    2    3  
   3    2    1    0    0  
   0    2    0    3    1  
   0    3    1    0    2  
   2    3    0    0    1  
   3    0    1    2    0  
   1    2    0    3    0  
   2    0    0    3    1  
   1    2    0    3    0  
   0    1    3    0    2  
   1    3    0    2    0  
   0    0    2    3    1  
   0    0    1    3    2  
   1    0    0    3    2  
   0    1    3    2    0  
   1    0    3    2    0  
   0    3    2    1    0  
   0    2    0    1    3  
   0    3    0    2    1  
   0    2    3    0    1  
   1    2    3    0    0  
   3    0    2    0    1  
   0    1    2    0    3  
   0    1    3    2    0  
   0    2    0    3    1  
   0    0    2    3    1  
   1    3    0    2    0  
   1    0    3    0    2  
   0    2    1    3    0  
   2    0    0    1    3  
   1    2    3    0    0  ] 
RESERVATION PRICES : [    0    6    7    0    7  
   0   13    0   12   12  
  19    0   15   17    0  
   0   16    0   21   16  
  25   23    0    0   26  
   0   29    0   28   30  
   0   28    0   27   28  
   0   35   32   34    0  
  30   30    0    0   35  
  37    0   29   36    0  
   0   37   32    0   31  
  44    0   38   42    0  
  36   45   41    0    0  
   0   44   46   49    0  
   0   52   51   46    0  
  53    0    0   59   45  
   0   51   64   48    0  
  63   67    0    0   52  
   0   75    0   55   67  
  57    0   61    0   73  
   0   82    0   71   78  
  79   86   76    0    0  
  71   72    0    0   80  
  70   89   86    0    0  
   0   95    0   76   90  
  79    0  100   85    0  
  96  100    0    0   86  
  91    0    0  107  115  
 110    0    0   98   99  
   0   99   85  117    0  
 121   92    0    0  123  
 105    0  103    0   97  
   0  109  104    0  105  
   0  107    0  101  123  
 113  115    0    0  143  
 113  118  123    0    0  
 144    0  122    0  125  
 145    0    0  134  142  
 133    0  128  111    0  
   0  146  120  128    0  
   0  131  150  150    0  
   0  151    0  132  119  
 162  127  129    0    0  
   0  133  148  175    0  
 175    0    0  172  165  
 173  173  160    0    0  
   0  133    0  157  183  
   0  155  136    0  181  
 174  160    0    0  185  
 190    0  188  175    0  
 177  167    0  150    0  
 157    0    0  182  164  
 201  206    0  178    0  
   0  206  174    0  208  
 191  159    0  193    0  
   0    0  167  206  158  
   0    0  192  182  166  
 207    0    0  167  211  
   0  208  159  216    0  
 170    0  177  162    0  
   0  220  183  207    0  
   0  217    0  178  189  
   0  231    0  186  209  
   0  214  183    0  220  
 232  177  195    0    0  
 186    0  208    0  189  
   0  242  189    0  182  
   0  238  194  229    0  
   0  236    0  251  195  
   0    0  194  226  237  
 200  228    0  256    0  
 201    0  258    0  211  
   0  258  254  222    0  
 223    0    0  255  237  
 241  259  232    0    0  ] 
 ] 
