K : 150
I : 5
C : 6
INSTANCE : 3
PREFERENCES : [    0    3    2    1    0  
   2    0    1    3    0  
   1    3    0    0    2  
   0    3    2    1    0  
   0    3    2    1    0  
   3    2    0    0    1  
   3    1    0    2    0  
   1    2    0    3    0  
   3    1    2    0    0  
   0    3    0    2    1  
   2    3    0    1    0  
   2    1    0    0    3  
   1    0    2    3    0  
   2    3    0    1    0  
   0    3    0    2    1  
   3    2    1    0    0  
   3    2    0    1    0  
   3    1    0    0    2  
   1    2    0    0    3  
   1    0    2    3    0  
   0    3    1    2    0  
   1    0    3    2    0  
   0    2    0    3    1  
   2    0    3    1    0  
   3    0    2    0    1  
   1    0    3    2    0  
   1    2    3    0    0  
   2    0    0    3    1  
   1    2    0    3    0  
   0    2    3    0    1  
   0    3    2    0    1  
   3    0    2    1    0  
   2    0    1    3    0  
   0    2    3    0    1  
   0    1    0    2    3  
   3    0    2    0    1  
   1    2    0    3    0  
   0    0    1    3    2  
   0    0    3    1    2  
   0    1    2    3    0  
   3    2    0    0    1  
   3    0    1    0    2  
   1    0    3    0    2  
   3    1    0    2    0  
   0    3    1    2    0  
   0    0    1    2    3  
   1    0    0    2    3  
   3    2    0    1    0  
   3    1    2    0    0  
   0    2    1    3    0  
   0    3    0    1    2  
   3    2    0    1    0  
   3    0    0    2    1  
   0    0    2    3    1  
   3    1    2    0    0  
   2    0    1    0    3  
   0    1    3    0    2  
   3    0    2    1    0  
   3    1    0    2    0  
   0    0    2    3    1  
   1    2    3    0    0  
   0    3    1    2    0  
   2    1    0    0    3  
   0    3    0    2    1  
   0    3    0    2    1  
   3    0    2    1    0  
   2    0    0    1    3  
   0    1    0    2    3  
   1    0    2    3    0  
   2    0    3    0    1  
   0    0    1    2    3  
   2    0    0    1    3  
   0    0    2    1    3  
   1    2    0    3    0  
   1    3    0    2    0  
   2    0    3    1    0  
   2    0    1    3    0  
   2    0    0    1    3  
   2    3    0    0    1  
   2    1    3    0    0  
   0    1    0    3    2  
   3    1    2    0    0  
   3    0    0    2    1  
   1    3    2    0    0  
   3    0    1    2    0  
   3    2    0    0    1  
   0    2    0    1    3  
   1    3    0    0    2  
   2    3    0    0    1  
   0    1    2    0    3  
   3    0    0    1    2  
   2    0    0    1    3  
   0    1    0    2    3  
   2    3    1    0    0  
   1    0    3    0    2  
   1    2    3    0    0  
   0    0    1    2    3  
   3    0    1    2    0  
   3    0    0    1    2  
   0    1    3    2    0  
   0    2    0    1    3  
   0    2    3    1    0  
   1    0    2    0    3  
   3    0    1    2    0  
   3    2    0    0    1  
   0    2    3    0    1  
   3    2    0    0    1  
   0    1    2    0    3  
   1    0    0    2    3  
   1    3    0    2    0  
   3    0    0    1    2  
   0    0    3    1    2  
   3    0    1    2    0  
   1    0    3    0    2  
   1    2    0    0    3  
   3    2    1    0    0  
   0    1    2    3    0  
   1    0    0    2    3  
   3    2    0    0    1  
   2    1    0    3    0  
   2    1    0    0    3  
   1    0    3    0    2  
   2    3    1    0    0  
   3    2    0    0    1  
   0    3    2    1    0  
   2    3    1    0    0  
   1    3    0    2    0  
   3    0    2    1    0  
   0    0    3    2    1  
   1    0    2    3    0  
   3    0    0    1    2  
   0    1    2    3    0  
   0    2    1    0    3  
   1    0    3    2    0  
   3    2    0    1    0  
   0    1    2    3    0  
   0    3    0    1    2  
   1    3    2    0    0  
   0    1    3    0    2  
   2    0    3    1    0  
   1    3    0    2    0  
   0    1    3    0    2  
   3    2    1    0    0  
   0    3    1    2    0  
   0    1    3    2    0  
   0    0    1    3    2  
   1    2    3    0    0  
   1    3    2    0    0  
   0    2    3    0    1  
   3    1    2    0    0  ] 
RESERVATION PRICES : [    0    6    6    6    0  
  14    0   14   11    0  
  18   15    0    0   16  
   0   18   16   15    0  
   0   21   19   22    0  
  27   24    0    0   28  
  27   29    0   27    0  
  33   37    0   28    0  
  33   29   32    0    0  
   0   39    0   43   37  
  34   35    0   38    0  
  42   45    0    0   36  
  41    0   43   46    0  
  40   41    0   47    0  
   0   44    0   42   42  
  55   57   48    0    0  
  47   62    0   53    0  
  66   66    0    0   68  
  50   58    0    0   61  
  67    0   63   54    0  
   0   75   73   77    0  
  71    0   62   65    0  
   0   82    0   73   74  
  65    0   76   72    0  
  73    0   68    0   75  
  86    0   76   79    0  
 100   90   82    0    0  
  90    0    0   90  100  
 104   93    0   94    0  
   0  107   95    0  113  
   0   85   97    0  114  
  95    0  101   91    0  
  89    0   87   96    0  
   0  123  106    0  121  
   0   95    0  107  121  
  93    0  112    0  113  
 126  121    0  110    0  
   0    0  121  115  129  
   0    0  107  132  122  
   0  142  115  107    0  
 145  128    0    0  114  
 136    0  152    0  126  
 141    0  144    0  143  
 153  157    0  158    0  
   0  131  169  128    0  
   0    0  159  161  168  
 176    0    0  149  131  
 146  143    0  139    0  
 151  180  163    0    0  
   0  139  174  160    0  
   0  149    0  151  182  
 161  191    0  186    0  
 165    0    0  171  150  
   0    0  150  178  167  
 195  190  175    0    0  
 203    0  200    0  211  
   0  170  183    0  203  
 180    0  164  187    0  
 195  169    0  164    0  
   0    0  224  225  189  
 195  199  223    0    0  
   0  211  214  227    0  
 207  222    0    0  226  
   0  191    0  178  240  
   0  237    0  238  194  
 193    0  243  218    0  
 237    0    0  229  206  
   0  247    0  238  218  
 229    0  207  231    0  
 229    0  230    0  263  
   0    0  257  243  243  
 207    0    0  252  218  
   0    0  241  223  210  
 268  280    0  211    0  
 270  271    0  250    0  
 247    0  211  249    0  
 213    0  228  260    0  
 211    0    0  243  270  
 280  238    0    0  292  
 303  236  282    0    0  
   0  245    0  250  234  
 224  255  242    0    0  
 298    0    0  265  233  
 252  226  301    0    0  
 260    0  239  272    0  
 300  278    0    0  278  
   0  252    0  261  264  
 304  303    0    0  303  
 255  314    0    0  255  
   0  270  285    0  263  
 278    0    0  281  290  
 254    0    0  252  320  
   0  340    0  259  335  
 335  323  296    0    0  
 254    0  326    0  291  
 273  334  338    0    0  
   0    0  338  276  328  
 257    0  310  266    0  
 310    0    0  291  286  
   0  265  298  262    0  
   0  364    0  319  343  
   0  291  302  275    0  
 278    0  334    0  348  
 362    0  317  298    0  
 300  339    0    0  322  
   0  341  393    0  318  
 370  310    0    0  378  
   0  366  315    0  293  
 385    0    0  372  387  
 306  342    0  330    0  
 392    0    0  331  377  
   0    0  399  320  313  
 396    0  362  349    0  
 332    0  399    0  365  
 421  400    0    0  406  
 321  321  401    0    0  
   0  418  428  428    0  
 388    0    0  428  435  
 414  369    0    0  401  
 319  398    0  361    0  
 418  388    0    0  348  
 373    0  342    0  410  
 421  377  391    0    0  
 446  459    0    0  376  
   0  393  370  434    0  
 406  408  379    0    0  
 375  463    0  360    0  
 427    0  377  416    0  
   0    0  461  417  437  
 470    0  417  454    0  
 350    0    0  472  380  
   0  489  476  362    0  
   0  399  395    0  459  
 408    0  373  444    0  
 397  455    0  432    0  
   0  398  377  425    0  
   0  427    0  473  425  
 453  375  389    0    0  
   0  453  410    0  527  
 458    0  393  449    0  
 456  518    0  506    0  
   0  447  495    0  389  
 450  399  427    0    0  
   0  455  453  506    0  
   0  473  473  497    0  
   0    0  499  490  414  
 472  412  508    0    0  
 530  529  415    0    0  
   0  488  416    0  403  
 463  455  408    0    0  ] 
 ] 
