K : 50
I : 10
C : 5
INSTANCE : 3
PREFERENCES : [    0    4    1    0    3    0    0    2    5    0  
   5    0    3    0    1    0    2    0    0    4  
   2    0    0    0    0    4    3    1    0    5  
   4    1    0    3    0    5    0    0    0    2  
   5    4    0    3    0    0    0    0    1    2  
   0    1    5    0    0    4    3    0    0    2  
   3    2    1    0    0    4    0    5    0    0  
   0    0    2    4    0    5    1    0    0    3  
   4    0    0    0    3    1    0    0    5    2  
   3    2    5    0    0    0    0    1    0    4  
   2    1    0    5    4    0    0    0    0    3  
   0    1    3    0    4    2    0    0    5    0  
   5    0    0    0    4    2    0    1    0    3  
   0    5    2    0    4    0    3    0    1    0  
   0    0    1    0    2    5    4    0    0    3  
   4    0    0    2    1    0    0    3    5    0  
   2    0    0    0    3    0    1    4    5    0  
   3    0    5    0    4    0    0    0    1    2  
   1    3    5    2    0    0    0    0    4    0  
   0    1    2    4    0    0    5    0    3    0  
   2    5    1    4    3    0    0    0    0    0  
   1    0    2    3    0    5    0    4    0    0  
   2    3    0    0    0    5    1    4    0    0  
   4    2    0    5    3    0    0    0    1    0  
   4    2    0    0    5    0    3    1    0    0  
   1    4    5    2    0    0    0    0    0    3  
   1    0    3    0    0    0    2    5    4    0  
   5    4    0    0    0    0    1    3    2    0  
   0    3    1    5    0    0    4    0    2    0  
   2    0    3    1    0    5    4    0    0    0  
   0    0    3    1    5    0    2    4    0    0  
   3    4    0    5    0    0    0    2    1    0  
   0    1    0    0    3    2    0    0    4    5  
   4    0    2    3    0    0    0    0    5    1  
   1    4    0    0    0    0    2    0    5    3  
   0    5    0    2    0    0    1    3    4    0  
   2    0    0    0    4    0    0    3    5    1  
   0    0    1    2    3    0    0    4    0    5  
   0    0    0    3    1    4    0    5    0    2  
   4    1    5    0    0    0    2    0    0    3  
   0    4    2    0    3    0    1    0    5    0  
   0    0    1    0    0    4    3    2    5    0  
   5    4    3    0    1    2    0    0    0    0  
   2    0    0    4    0    5    3    0    1    0  
   0    2    4    1    5    0    0    0    0    3  
   0    0    0    3    4    0    0    2    1    5  
   4    0    0    5    1    0    0    0    2    3  
   5    1    0    0    2    3    0    0    4    0  
   0    3    0    0    1    2    0    4    5    0  
   0    3    0    1    0    0    0    4    5    2  ] 
RESERVATION PRICES : [    0    9    9    0    9    0    0   10    9    0  
   9    0   10    0   10    0    9    0    0   10  
  15    0    0    0    0   17   14   16    0   16  
  18   17    0   16    0   20    0    0    0   19  
  24   26    0   24    0    0    0    0   22   23  
   0   24   31    0    0   24   32    0    0   25  
  34   26   27    0    0   35    0   30    0    0  
   0    0   34   38    0   34   38    0    0   32  
  40    0    0    0   40   34    0    0   45   41  
  43   36   34    0    0    0    0   34    0   43  
  33   34    0   39   36    0    0    0    0   40  
   0   41   43    0   40   40    0    0   44    0  
  47    0    0    0   45   51    0   53    0   39  
   0   49   46    0   56    0   50    0   50    0  
   0    0   53    0   59   56   52    0    0   50  
  61    0    0   60   65    0    0   68   64    0  
  70    0    0    0   58    0   61   68   55    0  
  68    0   70    0   69    0    0    0   77   59  
  81   74   62   63    0    0    0    0   66    0  
   0   60   60   64    0    0   73    0   64    0  
  70   64   79   68   64    0    0    0    0    0  
  80    0   85   83    0   74    0   87    0    0  
  70   91    0    0    0   94   79   92    0    0  
  85   74    0   85   78    0    0    0   85    0  
  98  103    0    0  103    0   90   93    0    0  
 104   98   99   91    0    0    0    0    0   84  
  83    0   94    0    0    0  115   95   90    0  
  86  106    0    0    0    0   88   98   95    0  
   0  117  109  118    0    0   89    0  110    0  
  90    0  110  106    0  115  101    0    0    0  
   0    0  114  110  119    0  107  103    0    0  
 115   93    0  100    0    0    0   96   96    0  
   0  110    0    0   92   98    0    0  111  123  
 127    0  109  130    0    0    0    0  110  119  
 106  126    0    0    0    0  106    0  134  127  
   0  133    0  134    0    0  135  122  110    0  
 136    0    0    0  111    0    0  102  125  113  
   0    0  126  109  143    0    0  143    0  127  
   0    0    0  130  129  142    0  127    0  125  
 121  148  118    0    0    0  141    0    0  131  
   0  149  131    0  156    0  146    0  159    0  
   0    0  139    0    0  150  156  137  145    0  
 124  169  162    0  172  167    0    0    0    0  
 139    0    0  177    0  164  151    0  128    0  
   0  161  155  167  132    0    0    0    0  178  
   0    0    0  143  167    0    0  145  167  137  
 150    0    0  168  161    0    0    0  159  173  
 174  177    0    0  160  154    0    0  155    0  
   0  156    0    0  162  164    0  155  154    0  
   0  174    0  161    0    0    0  185  171  149  ] 
 ] 
