K : 125
I : 15
C : 20
INSTANCE : 1
PREFERENCES : [    0    0    0    0    2    0    5    0    4    0    3    0    0    1    0  
   0    0    0    0    5    0    3    0    4    2    0    1    0    0    0  
   0    0    0    0    0    0    4    0    5    0    0    3    0    1    2  
   0    0    2    3    0    4    5    0    0    0    0    1    0    0    0  
   5    0    0    0    0    0    4    0    0    3    0    0    1    0    2  
   0    0    1    0    0    3    0    2    0    0    0    0    4    0    5  
   0    2    0    1    0    3    0    0    0    0    0    4    0    5    0  
   4    0    0    3    2    0    0    0    0    0    0    1    0    5    0  
   0    0    4    0    1    2    0    3    0    0    5    0    0    0    0  
   0    0    0    0    0    0    0    0    5    0    1    2    4    0    3  
   4    3    0    0    0    0    5    2    0    0    0    1    0    0    0  
   0    0    0    0    0    4    0    0    3    2    5    1    0    0    0  
   0    0    0    0    0    0    5    3    0    0    4    1    2    0    0  
   3    0    0    0    0    1    0    0    0    0    5    0    4    0    2  
   0    0    5    3    0    2    0    0    4    1    0    0    0    0    0  
   0    0    0    0    0    4    3    2    1    0    0    0    0    0    5  
   3    0    0    0    0    4    0    0    0    1    0    2    0    0    5  
   0    2    0    0    0    0    0    0    4    1    0    0    5    0    3  
   0    4    5    1    0    0    0    0    0    3    2    0    0    0    0  
   2    0    0    0    0    3    0    4    0    0    5    1    0    0    0  
   5    2    1    4    0    0    3    0    0    0    0    0    0    0    0  
   0    0    0    0    0    0    0    0    0    1    2    0    5    3    4  
   0    0    0    0    0    0    3    0    4    2    1    5    0    0    0  
   0    2    0    0    0    0    4    0    5    0    3    0    0    0    1  
   0    0    1    0    3    0    2    4    0    0    5    0    0    0    0  
   0    4    0    0    0    2    0    1    5    3    0    0    0    0    0  
   3    0    4    0    0    0    1    0    0    5    0    0    0    0    2  
   5    0    0    1    4    0    0    2    0    0    0    0    0    3    0  
   2    0    0    0    4    0    1    0    0    0    5    0    0    3    0  
   0    0    1    0    0    2    0    0    0    0    0    0    5    4    3  
   4    0    3    0    0    2    5    0    0    0    0    1    0    0    0  
   0    0    0    2    0    0    1    0    3    0    0    5    4    0    0  
   5    0    1    0    0    4    2    0    0    3    0    0    0    0    0  
   5    0    1    0    0    2    0    0    0    0    4    3    0    0    0  
   0    5    2    0    3    0    0    0    1    0    0    0    0    0    4  
   0    4    3    0    0    5    0    0    0    1    2    0    0    0    0  
   0    0    0    0    0    1    0    0    3    0    0    5    0    4    2  
   0    0    5    0    0    1    2    0    0    0    0    0    4    0    3  
   0    0    0    0    3    5    0    0    1    0    4    0    2    0    0  
   0    0    4    2    0    3    0    0    0    0    1    0    0    5    0  
   1    5    4    0    0    0    0    0    0    3    2    0    0    0    0  
   0    2    5    0    1    0    0    0    0    0    0    4    0    3    0  
   0    3    2    0    0    0    0    0    5    0    4    1    0    0    0  
   0    2    0    0    5    0    0    0    0    0    0    3    4    1    0  
   0    4    0    2    1    0    5    0    0    3    0    0    0    0    0  
   0    0    0    3    1    5    0    2    4    0    0    0    0    0    0  
   2    0    1    0    5    3    0    4    0    0    0    0    0    0    0  
   3    0    2    0    0    0    0    0    0    4    1    0    5    0    0  
   0    0    0    0    0    2    0    0    0    1    4    0    3    0    5  
   5    0    0    0    0    0    4    2    3    0    0    0    0    1    0  
   0    5    2    4    0    0    1    0    0    0    0    0    3    0    0  
   0    0    5    4    0    3    0    1    0    0    0    0    0    2    0  
   0    0    0    3    1    0    0    0    2    0    4    0    0    0    5  
   4    0    5    0    0    0    0    0    3    0    0    2    1    0    0  
   0    4    1    2    0    0    0    0    0    5    0    0    0    0    3  
   5    1    2    0    0    0    0    4    0    0    0    0    0    0    3  
   1    0    0    0    0    0    0    0    5    0    3    0    4    2    0  
   2    0    0    0    0    0    4    0    3    1    0    0    0    0    5  
   0    1    0    0    2    3    4    5    0    0    0    0    0    0    0  
   0    2    0    5    0    0    0    0    0    4    3    1    0    0    0  
   0    0    0    0    0    0    3    0    1    5    0    0    4    2    0  
   0    2    0    0    0    0    0    0    5    0    3    0    1    0    4  
   0    4    0    2    0    0    0    0    5    0    0    0    0    3    1  
   2    0    0    0    4    0    0    0    5    0    0    0    0    3    1  
   3    1    0    0    0    0    0    0    0    0    0    2    5    4    0  
   0    0    2    3    1    0    0    0    0    4    5    0    0    0    0  
   0    0    1    5    0    4    0    0    0    0    2    0    0    3    0  
   0    0    0    0    1    5    4    2    0    3    0    0    0    0    0  
   0    0    1    0    0    0    0    5    0    0    3    0    0    4    2  
   0    0    0    0    0    2    0    5    4    3    0    0    1    0    0  
   1    0    0    5    4    0    0    0    2    0    0    0    0    0    3  
   1    0    0    0    0    0    0    3    0    5    2    0    0    4    0  
   5    0    0    0    4    3    0    2    0    0    0    1    0    0    0  
   0    1    0    0    0    2    0    3    0    0    0    0    0    4    5  
   1    0    0    2    0    0    0    0    0    0    0    0    5    3    4  
   0    0    2    4    0    1    0    0    3    0    0    0    0    5    0  
   4    0    0    0    0    0    0    0    3    1    0    0    2    0    5  
   0    0    4    0    3    1    5    0    0    0    2    0    0    0    0  
   0    0    0    4    0    3    0    2    0    1    0    0    5    0    0  
   0    0    0    0    3    0    2    0    0    1    0    5    0    4    0  
   0    0    0    0    0    3    0    0    5    0    4    0    1    0    2  
   3    0    0    4    5    0    0    1    0    0    0    0    0    0    2  
   0    0    0    0    5    0    4    2    0    0    0    0    0    3    1  
   2    0    0    0    3    0    0    0    0    0    4    1    0    0    5  
   0    2    5    0    0    0    3    0    0    1    0    0    4    0    0  
   0    0    2    0    0    0    4    0    0    5    1    0    3    0    0  
   3    1    0    0    0    0    0    0    0    4    0    2    0    0    5  
   0    0    0    0    0    0    0    3    1    0    0    5    2    0    4  
   0    0    0    0    5    0    1    0    0    0    0    0    2    4    3  
   2    0    0    0    0    1    0    0    0    0    3    0    4    0    5  
   0    0    0    0    0    1    5    3    4    0    0    0    0    2    0  
   0    0    2    5    0    0    0    1    0    0    0    0    3    0    4  
   2    0    0    4    0    1    3    0    0    0    0    5    0    0    0  
   2    0    0    1    0    0    4    0    0    0    0    0    5    0    3  
   0    0    5    0    4    2    0    0    1    0    0    3    0    0    0  
   2    0    3    0    0    5    0    0    0    0    0    4    0    1    0  
   3    0    1    0    2    4    0    0    0    0    0    0    5    0    0  
   0    0    0    1    2    0    3    4    0    0    0    0    5    0    0  
   0    0    3    0    0    0    5    0    0    4    1    0    0    2    0  
   0    0    0    5    0    4    0    0    0    1    0    0    2    3    0  
   3    1    5    4    0    0    0    0    0    0    0    0    2    0    0  
   4    0    0    0    0    0    0    0    3    5    0    0    0    1    2  
   4    0    0    0    0    0    0    0    2    0    0    1    3    0    5  
   0    0    3    0    0    0    1    5    0    2    0    0    4    0    0  
   1    0    4    2    0    0    0    0    0    5    0    3    0    0    0  
   0    0    0    4    0    3    2    0    0    0    0    1    0    5    0  
   0    0    0    0    3    0    0    1    2    0    4    0    0    5    0  
   0    1    5    0    2    0    0    0    4    0    0    0    3    0    0  
   0    0    0    0    0    0    0    2    0    5    4    3    0    1    0  
   0    0    0    0    1    0    0    0    4    0    2    5    0    0    3  
   0    5    0    0    0    4    0    0    0    3    0    1    0    0    2  
   0    0    3    0    0    0    5    0    0    1    2    0    0    0    4  
   0    4    0    0    3    0    1    0    0    2    0    0    5    0    0  
   2    0    1    0    0    0    0    0    5    0    0    3    4    0    0  
   5    2    0    0    4    0    0    0    0    1    3    0    0    0    0  
   0    2    0    0    1    5    0    0    3    0    0    0    0    0    4  
   0    0    0    0    0    2    0    5    0    3    0    0    0    4    1  
   4    1    0    2    0    0    0    0    0    0    0    0    5    0    3  
   0    0    0    5    0    0    0    2    1    0    0    4    0    3    0  
   0    0    0    4    0    3    5    0    2    0    0    0    0    1    0  
   0    5    2    3    0    1    0    0    0    0    0    0    0    0    4  
   0    0    0    0    0    2    0    3    0    0    0    1    0    4    5  
   0    0    0    4    0    0    2    0    0    0    3    0    0    5    1  
   0    0    0    0    2    1    3    4    0    0    0    0    0    0    5  
   0    2    4    0    0    0    0    3    0    5    0    0    1    0    0  ] 
RESERVATION PRICES : [    0    0    0    0    7    0    8    0    7    0    8    0    0    8    0  
   0    0    0    0   10    0   11    0   11   11    0   11    0    0    0  
   0    0    0    0    0    0   19    0   17    0    0   18    0   14   17  
   0    0   19   19    0   21   20    0    0    0    0   20    0    0    0  
  22    0    0    0    0    0   25    0    0   27    0    0   28    0   23  
   0    0   22    0    0   28    0   23    0    0    0    0   29    0   30  
   0   30    0   28    0   33    0    0    0    0    0   30    0   36    0  
  33    0    0   32   34    0    0    0    0    0    0   30    0   35    0  
   0    0   39    0   36   40    0   41    0    0   35    0    0    0    0  
   0    0    0    0    0    0    0    0   34    0   31   31   30    0   37  
  42   37    0    0    0    0   41   32    0    0    0   38    0    0    0  
   0    0    0    0    0   43    0    0   49   42   44   39    0    0    0  
   0    0    0    0    0    0   48   50    0    0   48   53   47    0    0  
  43    0    0    0    0   51    0    0    0    0   50    0   47    0   54  
   0    0   51   62    0   52    0    0   47   57    0    0    0    0    0  
   0    0    0    0    0   49   50   59   53    0    0    0    0    0   56  
  60    0    0    0    0   61    0    0    0   51    0   60    0    0   58  
   0   57    0    0    0    0    0    0   63   55    0    0   66    0   56  
   0   64   57   57    0    0    0    0    0   70   63    0    0    0    0  
  56    0    0    0    0   66    0   59    0    0   53   62    0    0    0  
  64   69   66   71    0    0   72    0    0    0    0    0    0    0    0  
   0    0    0    0    0    0    0    0    0   63   69    0   76   80   71  
   0    0    0    0    0    0   71    0   89   88   87   68    0    0    0  
   0   82    0    0    0    0   76    0   68    0   76    0    0    0   71  
   0    0   74    0   90    0   82   69    0    0   91    0    0    0    0  
   0   80    0    0    0   72    0   93   77   92    0    0    0    0    0  
 101    0   99    0    0    0   74    0    0   90    0    0    0    0   81  
  84    0    0  105  100    0    0   94    0    0    0    0    0   81    0  
  98    0    0    0   81    0   98    0    0    0   91    0    0   91    0  
   0    0   85    0    0   84    0    0    0    0    0    0  114   99  112  
  91    0  114    0    0  116   95    0    0    0    0   87    0    0    0  
   0    0    0  111    0    0  100    0  117    0    0   93  117    0    0  
  96    0  117    0    0  101   95    0    0  116    0    0    0    0    0  
 128    0  131    0    0  105    0    0    0    0  109  104    0    0    0  
   0  124  120    0  110    0    0    0  122    0    0    0    0    0  133  
   0  102  132    0    0  128    0    0    0  105  117    0    0    0    0  
   0    0    0    0    0  143    0    0  118    0    0  111    0  109  142  
   0    0  137    0    0  125  112    0    0    0    0    0  125    0  132  
   0    0    0    0  119  109    0    0  110    0  125    0  148    0    0  
   0    0  138  128    0  118    0    0    0    0  126    0    0  140    0  
 117  146  147    0    0    0    0    0    0  137  133    0    0    0    0  
   0  142  116    0  145    0    0    0    0    0    0  116    0  150    0  
   0  146  130    0    0    0    0    0  128    0  124  120    0    0    0  
   0  143    0    0  124    0    0    0    0    0    0  129  155  145    0  
   0  163    0  165  123    0  158    0    0  146    0    0    0    0    0  
   0    0    0  154  131  160    0  150  129    0    0    0    0    0    0  
 137    0  152    0  141  173    0  175    0    0    0    0    0    0    0  
 158    0  140    0    0    0    0    0    0  170  149    0  165    0    0  
   0    0    0    0    0  152    0    0    0  155  184    0  165    0  138  
 162    0    0    0    0    0  170  189  154    0    0    0    0  145    0  
   0  182  153  140    0    0  167    0    0    0    0    0  153    0    0  
   0    0  177  163    0  181    0  180    0    0    0    0    0  175    0  
   0    0    0  160  150    0    0    0  185    0  192    0    0    0  191  
 165    0  200    0    0    0    0    0  184    0    0  164  149    0    0  
   0  157  193  201    0    0    0    0    0  175    0    0    0    0  168  
 197  154  197    0    0    0    0  213    0    0    0    0    0    0  167  
 194    0    0    0    0    0    0    0  166    0  188    0  182  164    0  
 178    0    0    0    0    0  167    0  203  220    0    0    0    0  181  
   0  174    0    0  197  168  213  199    0    0    0    0    0    0    0  
   0  224    0  223    0    0    0    0    0  212  178  220    0    0    0  
   0    0    0    0    0    0  185    0  205  224    0    0  179  230    0  
   0  212    0    0    0    0    0    0  231    0  229    0  230    0  194  
   0  236    0  211    0    0    0    0  198    0    0    0    0  179  185  
 240    0    0    0  235    0    0    0  232    0    0    0    0  215  196  
 195  234    0    0    0    0    0    0    0    0    0  210  250  216    0  
   0    0  220  246  246    0    0    0    0  225  224    0    0    0    0  
   0    0  239  216    0  240    0    0    0    0  231    0    0  195    0  
   0    0    0    0  239  195  218  215    0  211    0    0    0    0    0  
   0    0  264    0    0    0    0  203    0    0  245    0    0  240  241  
   0    0    0    0    0  249    0  249  243  268    0    0  244    0    0  
 267    0    0  277  208    0    0    0  230    0    0    0    0    0  229  
 283    0    0    0    0    0    0  219    0  261  206    0    0  240    0  
 259    0    0    0  262  245    0  206    0    0    0  238    0    0    0  
   0  268    0    0    0  284    0  205    0    0    0    0    0  225  246  
 256    0    0  207    0    0    0    0    0    0    0    0  258  225  238  
   0    0  289  291    0  290    0    0  235    0    0    0    0  211    0  
 231    0    0    0    0    0    0    0  264  230    0    0  220    0  216  
   0    0  260    0  259  226  264    0    0    0  252    0    0    0    0  
   0    0    0  243    0  224    0  288    0  218    0    0  231    0    0  
   0    0    0    0  232    0  288    0    0  241    0  296    0  292    0  
   0    0    0    0    0  298    0    0  311    0  261    0  279    0  246  
 250    0    0  271  263    0    0  286    0    0    0    0    0    0  279  
   0    0    0    0  302    0  281  246    0    0    0    0    0  281  262  
 256    0    0    0  288    0    0    0    0    0  239  258    0    0  303  
   0  275  261    0    0    0  271    0    0  264    0    0  260    0    0  
   0    0  249    0    0    0  263    0    0  252  268    0  293    0    0  
 294  252    0    0    0    0    0    0    0  330    0  287    0    0  247  
   0    0    0    0    0    0    0  272  280    0    0  253  326    0  346  
   0    0    0    0  264    0  345    0    0    0    0    0  346  336  266  
 272    0    0    0    0  318    0    0    0    0  272    0  341    0  344  
   0    0    0    0    0  316  308  290  322    0    0    0    0  255    0  
   0    0  294  307    0    0    0  316    0    0    0    0  315    0  264  
 357    0    0  265    0  298  348    0    0    0    0  288    0    0    0  
 270    0    0  261    0    0  266    0    0    0    0    0  347    0  311  
   0    0  347    0  289  343    0    0  284    0    0  359    0    0    0  
 308    0  341    0    0  276    0    0    0    0    0  289    0  330    0  
 271    0  352    0  272  353    0    0    0    0    0    0  338    0    0  
   0    0    0  323  367    0  268  336    0    0    0    0  283    0    0  
   0    0  327    0    0    0  311    0    0  334  367    0    0  309    0  
   0    0    0  366    0  334    0    0    0  353    0    0  324  331    0  
 286  316  305  376    0    0    0    0    0    0    0    0  306    0    0  
 338    0    0    0    0    0    0    0  279  287    0    0    0  341  344  
 339    0    0    0    0    0    0    0  299    0    0  370  321    0  381  
   0    0  368    0    0    0  334  335    0  290    0    0  351    0    0  
 297    0  377  362    0    0    0    0    0  318    0  300    0    0    0  
   0    0    0  391    0  320  344    0    0    0    0  316    0  292    0  
   0    0    0    0  292    0    0  290  391    0  383    0    0  334    0  
   0  375  331    0  364    0    0    0  342    0    0    0  386    0    0  
   0    0    0    0    0    0    0  386    0  329  374  372    0  328    0  
   0    0    0    0  307    0    0    0  411    0  388  359    0    0  411  
   0  355    0    0    0  396    0    0    0  343    0  342    0    0  359  
   0    0  329    0    0    0  372    0    0  365  388    0    0    0  418  
   0  401    0    0  319    0  318    0    0  404    0    0  410    0    0  
 329    0  426    0    0    0    0    0  410    0    0  380  377    0    0  
 330  373    0    0  374    0    0    0    0  340  391    0    0    0    0  
   0  407    0    0  431  350    0    0  386    0    0    0    0    0  440  
   0    0    0    0    0  378    0  419    0  337    0    0    0  398  373  
 434  325    0  431    0    0    0    0    0    0    0    0  367    0  375  
   0    0    0  377    0    0    0  378  365    0    0  344    0  447    0  
   0    0    0  338    0  335  452    0  375    0    0    0    0  415    0  
   0  431  432  457    0  387    0    0    0    0    0    0    0    0  349  
   0    0    0    0    0  439    0  387    0    0    0  460    0  339  337  
   0    0    0  373    0    0  429    0    0    0  412    0    0  375  385  
   0    0    0    0  388  336  413  354    0    0    0    0    0    0  389  
   0  442  447    0    0    0    0  447    0  405    0    0  394    0    0  ] 
 ] 
