K : 50
I : 15
C : 5
INSTANCE : 5
PREFERENCES : [    0    0    0    5    0    3    1    0    4    0    0    2    0    0    0  
   0    3    5    2    0    4    0    0    0    0    0    1    0    0    0  
   0    0    0    0    4    0    0    0    3    0    1    5    0    2    0  
   3    1    0    0    2    0    0    0    0    0    0    0    5    0    4  
   1    0    0    0    0    3    0    0    5    4    0    0    0    0    2  
   0    0    4    1    0    0    0    0    5    0    0    3    0    0    2  
   0    0    0    1    2    0    0    3    5    0    0    0    0    4    0  
   4    0    1    3    2    0    0    0    0    0    0    0    0    5    0  
   0    0    0    0    2    0    3    0    1    0    0    4    0    0    5  
   0    0    0    5    2    0    1    0    3    4    0    0    0    0    0  
   0    0    3    2    0    0    0    0    4    0    0    5    1    0    0  
   4    0    0    3    0    0    2    5    0    0    0    0    0    0    1  
   1    0    0    4    3    0    2    0    0    0    0    0    0    5    0  
   0    1    0    0    4    0    2    0    5    0    0    0    3    0    0  
   0    0    0    4    3    0    5    0    0    0    0    1    0    0    2  
   1    5    0    0    3    0    0    0    2    0    0    4    0    0    0  
   0    0    5    1    0    0    0    0    3    0    2    4    0    0    0  
   3    4    0    0    0    0    1    0    2    5    0    0    0    0    0  
   0    1    0    4    0    3    0    0    0    0    2    0    0    5    0  
   0    0    5    2    3    0    0    0    0    0    1    0    0    0    4  
   1    5    0    0    2    0    0    0    0    0    0    0    4    0    3  
   2    5    0    3    4    0    0    0    0    0    0    0    1    0    0  
   0    4    0    2    0    0    0    0    1    0    5    0    0    3    0  
   0    2    0    0    0    1    4    5    0    0    0    3    0    0    0  
   0    0    0    2    3    0    0    0    4    5    0    0    0    1    0  
   0    4    1    0    0    0    0    3    5    0    0    0    0    2    0  
   0    0    5    2    0    0    3    0    4    1    0    0    0    0    0  
   1    3    0    0    0    0    2    0    4    0    0    0    5    0    0  
   0    0    0    2    0    0    0    5    4    0    1    3    0    0    0  
   0    4    2    0    0    1    5    0    0    0    0    0    3    0    0  
   2    0    0    5    0    0    0    0    0    3    0    0    4    0    1  
   0    0    4    1    0    0    0    2    0    3    0    0    0    5    0  
   0    3    4    1    0    5    0    0    0    0    0    0    0    2    0  
   0    4    0    2    0    0    3    1    0    0    5    0    0    0    0  
   0    0    0    0    0    2    5    1    4    3    0    0    0    0    0  
   3    0    0    0    1    0    4    0    5    0    0    0    2    0    0  
   0    0    0    2    0    0    0    0    5    1    3    4    0    0    0  
   0    0    0    0    3    0    5    4    0    0    2    0    1    0    0  
   0    0    0    0    2    0    0    0    1    0    5    0    3    0    4  
   4    0    2    0    0    3    1    0    0    0    0    0    0    0    5  
   0    1    0    0    0    0    0    0    0    0    3    2    4    5    0  
   2    0    4    0    0    0    5    0    3    0    1    0    0    0    0  
   0    1    0    0    0    0    5    4    0    3    0    2    0    0    0  
   0    0    0    0    0    0    5    4    2    1    0    0    3    0    0  
   0    0    0    5    0    3    0    0    0    0    0    2    0    1    4  
   0    5    0    0    0    0    3    2    4    0    0    0    0    0    1  
   0    2    3    5    4    0    0    0    0    0    0    0    0    1    0  
   0    4    0    5    3    0    2    0    0    0    0    1    0    0    0  
   0    0    0    0    4    0    0    0    1    0    0    3    2    5    0  
   4    0    0    1    0    5    2    0    0    0    0    0    3    0    0  ] 
RESERVATION PRICES : [    0    0    0    5    0    6    6    0    5    0    0    5    0    0    0  
   0   10   11   12    0   12    0    0    0    0    0    9    0    0    0  
   0    0    0    0   13    0    0    0   12    0   16   16    0   12    0  
  17   16    0    0   21    0    0    0    0    0    0    0   20    0   19  
  19    0    0    0    0   21    0    0   23   25    0    0    0    0   23  
   0    0   27   24    0    0    0    0   25    0    0   26    0    0   24  
   0    0    0   32   33    0    0   26   33    0    0    0    0   26    0  
  28    0   32   27   34    0    0    0    0    0    0    0    0   33    0  
   0    0    0    0   42    0   31    0   34    0    0   31    0    0   34  
   0    0    0   35   36    0   37    0   41   36    0    0    0    0    0  
   0    0   42   41    0    0    0    0   46    0    0   45   47    0    0  
  35    0    0   40    0    0   42   43    0    0    0    0    0    0   42  
  46    0    0   37   43    0   38    0    0    0    0    0    0   48    0  
   0   54    0    0   55    0   56    0   56    0    0    0   48    0    0  
   0    0    0   46   58    0   56    0    0    0    0   45    0    0   52  
  58   53    0    0   49    0    0    0   55    0    0   57    0    0    0  
   0    0   58   52    0    0    0    0   57    0   52   57    0    0    0  
  58   60    0    0    0    0   55    0   54   51    0    0    0    0    0  
   0   68    0   57    0   57    0    0    0    0   60    0    0   63    0  
   0    0   66   67   71    0    0    0    0    0   72    0    0    0   61  
  74   78    0    0   65    0    0    0    0    0    0    0   79    0   68  
  79   67    0   69   84    0    0    0    0    0    0    0   64    0    0  
   0   74    0   70    0    0    0    0   75    0   82    0    0   71    0  
   0   94    0    0    0   76   91   73    0    0    0   91    0    0    0  
   0    0    0   90   96    0    0    0   96   91    0    0    0   76    0  
   0   94   97    0    0    0    0   90   80    0    0    0    0  104    0  
   0    0   89   86    0    0  100    0   99   79    0    0    0    0    0  
  90   93    0    0    0    0   88    0   99    0    0    0   83    0    0  
   0    0    0  103    0    0    0  102   99    0   88   99    0    0    0  
   0   91   86    0    0   87   94    0    0    0    0    0  102    0    0  
  93    0    0   88    0    0    0    0    0  114    0    0  101    0  102  
   0    0  115  115    0    0    0   99    0  122    0    0    0  114    0  
   0  100  105   98    0  119    0    0    0    0    0    0    0  119    0  
   0  107    0   94    0    0  106  118    0    0  104    0    0    0    0  
   0    0    0    0    0  100  103  128  132  109    0    0    0    0    0  
 107    0    0    0  133    0  127    0  116    0    0    0  116    0    0  
   0    0    0  123    0    0    0    0  111  115  114  107    0    0    0  
   0    0    0    0  113    0  148  121    0    0  143    0  134    0    0  
   0    0    0    0  136    0    0    0  120    0  111    0  123    0  141  
 117    0  142    0    0  149  154    0    0    0    0    0    0    0  142  
   0  140    0    0    0    0    0    0    0    0  138  143  121  149    0  
 159    0  164    0    0    0  131    0  126    0  133    0    0    0    0  
   0  120    0    0    0    0  166  121    0  144    0  138    0    0    0  
   0    0    0    0    0    0  151  153  129  152    0    0  147    0    0  
   0    0    0  143    0  166    0    0    0    0    0  140    0  146  151  
   0  152    0    0    0    0  161  165  152    0    0    0    0    0  125  
   0  125  130  158  167    0    0    0    0    0    0    0    0  162    0  
   0  146    0  135  166    0  161    0    0    0    0  157    0    0    0  
   0    0    0    0  150    0    0    0  151    0    0  179  140  139    0  
 180    0    0  167    0  138  138    0    0    0    0    0  159    0    0  ] 
 ] 
