K : 125
I : 15
C : 20
INSTANCE : 2
PREFERENCES : [    0    5    3    0    0    0    0    4    0    2    0    0    0    1    0  
   3    1    0    0    0    0    4    0    2    0    0    0    0    0    5  
   2    0    1    4    0    0    0    0    3    0    0    0    5    0    0  
   0    1    0    0    0    0    0    2    4    5    0    0    3    0    0  
   5    0    0    0    0    3    4    0    0    1    0    0    0    0    2  
   0    0    5    0    0    1    2    0    0    0    3    0    0    0    4  
   4    0    0    2    0    1    0    0    0    5    0    0    3    0    0  
   3    2    0    0    5    0    0    0    0    1    0    0    0    0    4  
   0    5    0    0    0    0    0    0    2    0    0    4    3    1    0  
   1    0    0    0    5    0    0    0    0    4    2    3    0    0    0  
   0    0    0    3    0    0    0    2    4    0    1    0    5    0    0  
   0    0    0    0    0    0    3    1    0    5    4    0    2    0    0  
   2    0    0    4    0    0    0    0    5    0    0    0    3    0    1  
   3    5    0    0    0    0    0    4    2    0    0    0    1    0    0  
   0    0    0    3    2    1    0    5    0    0    0    4    0    0    0  
   0    2    5    0    0    1    0    4    0    0    0    0    0    0    3  
   0    5    0    0    0    1    0    2    0    0    3    0    4    0    0  
   0    0    0    2    0    3    1    0    0    0    0    0    5    0    4  
   2    4    0    1    0    0    3    0    0    5    0    0    0    0    0  
   1    0    0    5    0    0    2    0    3    0    0    4    0    0    0  
   3    4    0    2    0    5    0    0    1    0    0    0    0    0    0  
   0    0    0    0    0    0    0    2    4    0    5    0    3    0    1  
   0    3    0    1    0    0    5    0    0    4    2    0    0    0    0  
   0    4    1    0    0    0    5    0    0    0    2    0    0    0    3  
   0    0    0    5    0    2    0    0    3    0    0    0    4    0    1  
   4    0    0    0    2    0    0    3    0    0    1    0    0    5    0  
   0    3    2    0    5    0    1    0    0    0    0    0    4    0    0  
   0    0    0    0    0    0    3    0    1    4    0    0    5    2    0  
   2    1    0    3    0    0    5    0    0    0    0    4    0    0    0  
   2    0    0    0    0    0    0    0    5    1    3    0    4    0    0  
   3    0    5    0    0    0    1    0    2    0    0    0    4    0    0  
   3    1    0    0    0    0    5    0    0    0    2    0    0    0    4  
   2    0    0    0    4    0    0    0    5    0    3    0    0    1    0  
   0    0    3    0    0    0    0    4    1    0    5    0    0    2    0  
   0    0    1    4    5    3    0    0    0    0    0    0    0    2    0  
   0    0    0    0    0    2    0    3    0    0    4    5    1    0    0  
   3    0    0    0    0    0    0    0    0    0    2    0    1    4    5  
   0    0    0    5    0    0    0    3    1    2    0    0    0    0    4  
   0    0    1    0    3    0    2    0    0    5    0    0    0    4    0  
   2    1    0    0    0    0    0    0    0    0    4    0    0    3    5  
   0    3    0    0    0    2    0    0    4    0    5    0    0    0    1  
   0    2    0    0    4    0    0    0    0    0    3    1    0    0    5  
   0    0    0    3    4    0    0    1    2    0    5    0    0    0    0  
   5    0    0    3    4    0    0    0    0    0    0    1    0    0    2  
   0    0    0    0    2    0    0    3    0    0    1    0    4    5    0  
   3    1    0    0    0    0    0    0    0    5    0    0    4    2    0  
   0    0    0    0    0    0    5    0    0    3    4    1    2    0    0  
   0    0    0    0    0    0    0    1    2    0    3    0    4    5    0  
   0    0    0    0    4    0    2    0    0    0    3    0    0    1    5  
   0    0    0    0    3    0    0    0    5    4    1    2    0    0    0  
   0    0    5    0    0    4    0    2    0    0    0    1    3    0    0  
   0    0    0    5    1    4    0    0    0    3    0    0    0    0    2  
   0    4    0    1    0    0    0    2    0    0    5    0    3    0    0  
   3    0    0    4    0    1    0    0    2    0    0    0    5    0    0  
   2    0    0    0    1    5    0    4    3    0    0    0    0    0    0  
   0    0    0    4    0    0    0    2    5    1    0    0    3    0    0  
   0    2    3    0    0    0    0    5    4    1    0    0    0    0    0  
   4    0    0    3    0    0    0    0    0    0    1    2    0    0    5  
   5    1    3    0    0    0    0    0    0    0    0    2    4    0    0  
   4    2    0    0    5    0    0    1    0    0    0    3    0    0    0  
   0    0    0    1    0    0    5    0    0    0    4    0    3    0    2  
   0    2    0    4    5    0    0    0    0    0    1    3    0    0    0  
   1    3    0    0    0    4    0    5    0    2    0    0    0    0    0  
   0    5    0    0    1    0    0    4    2    0    3    0    0    0    0  
   2    0    0    0    0    4    5    3    0    0    0    0    0    0    1  
   0    5    0    2    0    0    0    0    0    0    0    3    1    4    0  
   0    4    1    2    0    0    3    0    0    0    5    0    0    0    0  
   0    5    0    0    2    0    3    0    4    0    0    0    0    0    1  
   0    0    0    0    0    4    5    0    2    0    3    0    0    1    0  
   0    2    1    0    0    4    0    0    0    0    0    3    0    0    5  
   0    0    0    0    0    0    3    0    1    4    0    0    0    2    5  
   0    1    0    0    0    0    2    4    5    0    0    0    0    0    3  
   0    0    0    0    1    0    0    2    0    0    5    4    3    0    0  
   1    0    3    0    0    0    2    0    5    0    0    0    0    4    0  
   0    0    1    0    0    0    0    2    3    0    0    5    4    0    0  
   0    0    1    2    0    5    0    0    0    3    0    0    0    0    4  
   0    5    4    0    3    2    0    0    0    0    0    0    0    1    0  
   0    5    4    0    0    0    0    3    0    0    1    0    2    0    0  
   0    3    5    0    0    0    0    1    0    2    4    0    0    0    0  
   3    0    1    5    0    4    0    0    0    0    0    2    0    0    0  
   0    0    2    0    1    0    0    3    4    0    0    0    0    0    5  
   0    0    0    4    0    0    1    0    3    0    5    2    0    0    0  
   0    0    0    0    0    0    0    5    0    4    3    1    2    0    0  
   3    0    2    0    1    0    0    0    0    0    0    5    0    4    0  
   0    0    5    0    0    0    4    0    0    0    3    1    2    0    0  
   0    0    5    0    0    4    0    0    2    0    0    0    1    0    3  
   0    0    0    4    2    0    5    0    3    0    0    1    0    0    0  
   1    0    2    0    0    0    4    0    0    0    0    0    5    3    0  
   3    0    4    0    1    0    0    0    0    0    0    0    0    5    2  
   1    0    0    0    0    0    3    0    0    0    0    2    5    0    4  
   2    1    0    4    0    0    0    0    0    0    0    5    0    0    3  
   0    0    0    0    0    0    5    4    0    2    1    3    0    0    0  
   0    0    0    0    1    2    0    3    0    4    0    5    0    0    0  
   0    4    0    0    0    3    2    5    0    0    0    0    1    0    0  
   5    0    0    0    1    0    0    4    2    3    0    0    0    0    0  
   5    0    0    0    0    0    1    0    2    0    0    0    0    3    4  
   0    1    5    0    0    0    0    0    3    4    0    0    0    2    0  
   2    0    3    0    0    0    5    0    0    0    4    0    0    1    0  
   0    0    1    0    4    0    5    0    0    0    3    0    2    0    0  
   0    5    0    0    0    3    0    1    2    0    0    0    0    4    0  
   0    0    0    0    2    0    1    0    0    4    0    3    0    0    5  
   4    1    2    0    3    0    0    0    0    0    0    0    0    0    5  
   0    0    0    0    5    3    1    4    0    2    0    0    0    0    0  
   0    0    0    1    0    0    0    0    0    2    0    0    4    5    3  
   0    0    3    0    5    0    0    2    0    0    0    1    0    0    4  
   3    0    0    5    0    0    0    0    1    0    4    2    0    0    0  
   0    4    0    0    0    3    0    1    0    5    0    2    0    0    0  
   0    5    0    0    0    0    0    2    0    0    4    1    0    0    3  
   0    3    2    0    0    0    5    0    0    0    4    0    0    0    1  
   0    1    5    3    2    0    0    0    4    0    0    0    0    0    0  
   0    0    0    5    0    0    3    0    0    0    1    0    0    2    4  
   0    4    0    0    1    0    0    0    5    0    3    0    0    0    2  
   4    0    0    0    0    0    2    0    0    3    0    1    5    0    0  
   0    0    0    1    0    3    0    5    2    4    0    0    0    0    0  
   0    0    0    1    0    0    0    0    4    0    5    2    0    0    3  
   0    0    0    0    2    5    1    0    0    0    0    0    3    4    0  
   0    0    0    0    0    0    4    3    1    0    0    2    0    5    0  
   5    0    4    0    0    0    3    0    0    2    0    1    0    0    0  
   2    0    0    1    0    4    0    3    5    0    0    0    0    0    0  
   0    5    0    0    0    0    0    1    3    2    0    0    4    0    0  
   0    0    0    0    1    0    3    2    0    5    4    0    0    0    0  
   0    0    1    0    3    4    0    0    0    0    5    2    0    0    0  
   1    0    0    0    2    3    0    0    4    0    0    0    0    5    0  
   0    0    2    0    4    0    0    3    0    5    0    0    0    1    0  
   0    0    0    0    0    0    1    0    0    5    3    0    2    0    4  ] 
RESERVATION PRICES : [    0   10   10    0    0    0    0   10    0   10    0    0    0   10    0  
  10   12    0    0    0    0   10    0    9    0    0    0    0    0   11  
  15    0   15   16    0    0    0    0   13    0    0    0   17    0    0  
   0   23    0    0    0    0    0   23   21   18    0    0   24    0    0  
  21    0    0    0    0   23   19    0    0   22    0    0    0    0   18  
   0    0   24    0    0   26   24    0    0    0   23    0    0    0   22  
  22    0    0   26    0   26    0    0    0   27    0    0   22    0    0  
  26   28    0    0   28    0    0    0    0   29    0    0    0    0   26  
   0   30    0    0    0    0    0    0   28    0    0   27   29   29    0  
  31    0    0    0   32    0    0    0    0   33   33   39    0    0    0  
   0    0    0   44    0    0    0   45   47    0   42    0   47    0    0  
   0    0    0    0    0    0   43   45    0   36   47    0   40    0    0  
  45    0    0   52    0    0    0    0   52    0    0    0   47    0   53  
  56   51    0    0    0    0    0   51   45    0    0    0   47    0    0  
   0    0    0   57   49   53    0   55    0    0    0   44    0    0    0  
   0   63   57    0    0   51    0   59    0    0    0    0    0    0   47  
   0   53    0    0    0   54    0   53    0    0   51    0   60    0    0  
   0    0    0   64    0   64   62    0    0    0    0    0   64    0   54  
  60   63    0   65    0    0   57    0    0   73    0    0    0    0    0  
  73    0    0   59    0    0   61    0   73    0    0   57    0    0    0  
  70   77    0   62    0   72    0    0   69    0    0    0    0    0    0  
   0    0    0    0    0    0    0   85   87    0   67    0   64    0   75  
   0   68    0   80    0    0   63    0    0   65   72    0    0    0    0  
   0   81   83    0    0    0   90    0    0    0   77    0    0    0   80  
   0    0    0   92    0   87    0    0   69    0    0    0   74    0   92  
  96    0    0    0  103    0    0   99    0    0   94    0    0   83    0  
   0   91   93    0   95    0   97    0    0    0    0    0  102    0    0  
   0    0    0    0    0    0   87    0  105  102    0    0   98   78    0  
  84   95    0  107    0    0   89    0    0    0    0   92    0    0    0  
 102    0    0    0    0    0    0    0  101   87  114    0   82    0    0  
 114    0   84    0    0    0   94    0   84    0    0    0   83    0    0  
  96  106    0    0    0    0   99    0    0    0   89    0    0    0  115  
 122    0    0    0  110    0    0    0  118    0   99    0    0  108    0  
   0    0   96    0    0    0    0  115   95    0  113    0    0  117    0  
   0    0  119   89  110  116    0    0    0    0    0    0    0  115    0  
   0    0    0    0    0  107    0  110    0    0  116   97  107    0    0  
 120    0    0    0    0    0    0    0    0    0  105    0  102  102  118  
   0    0    0  117    0    0    0  124  135  102    0    0    0    0  123  
   0    0  107    0  142    0  143    0    0  121    0    0    0  118    0  
 124  108    0    0    0    0    0    0    0    0  141    0    0  147  144  
   0  120    0    0    0  124    0    0  140    0  111    0    0    0  113  
   0  133    0    0  119    0    0    0    0    0  154  122    0    0  131  
   0    0    0  132  136    0    0  158  129    0  154    0    0    0    0  
 147    0    0  122  145    0    0    0    0    0    0  140    0    0  159  
   0    0    0    0  130    0    0  168    0    0  162    0  133  143    0  
 149  135    0    0    0    0    0    0    0  132    0    0  174  163    0  
   0    0    0    0    0    0  146    0    0  176  174  149  139    0    0  
   0    0    0    0    0    0    0  152  142    0  164    0  168  148    0  
   0    0    0    0  142    0  190    0    0    0  185    0    0  185  155  
   0    0    0    0  166    0    0    0  159  185  152  184    0    0    0  
   0    0  195    0    0  162    0  152    0    0    0  180  163    0    0  
   0    0    0  194  183  163    0    0    0  178    0    0    0    0  189  
   0  172    0  175    0    0    0  178    0    0  179    0  170    0    0  
 199    0    0  161    0  198    0    0  195    0    0    0  156    0    0  
 212    0    0    0  190  206    0  212  196    0    0    0    0    0    0  
   0    0    0  168    0    0    0  201  202  197    0    0  156    0    0  
   0  216  198    0    0    0    0  223  196  217    0    0    0    0    0  
 173    0    0  192    0    0    0    0    0    0  208  226    0    0  216  
 173  189  223    0    0    0    0    0    0    0    0  190  207    0    0  
 219  219    0    0  173    0    0  221    0    0    0  196    0    0    0  
   0    0    0  233    0    0  238    0    0    0  189    0  230    0  210  
   0  218    0  205  232    0    0    0    0    0  224  199    0    0    0  
 244  208    0    0    0  194    0  198    0  222    0    0    0    0    0  
   0  183    0    0  209    0    0  221  250    0  250    0    0    0    0  
 199    0    0    0    0  239  247  225    0    0    0    0    0    0  209  
   0  219    0  247    0    0    0    0    0    0    0  220  206  196    0  
   0  247  266  262    0    0  242    0    0    0  229    0    0    0    0  
   0  221    0    0  223    0  251    0  251    0    0    0    0    0  236  
   0    0    0    0    0  257  196    0  205    0  263    0    0  245    0  
   0  248  234    0    0  270    0    0    0    0    0  234    0    0  245  
   0    0    0    0    0    0  237    0  244  262    0    0    0  227  202  
   0  278    0    0    0    0  205  233  249    0    0    0    0    0  217  
   0    0    0    0  241    0    0  234    0    0  285  217  225    0    0  
 253    0  212    0    0    0  216    0  242    0    0    0    0  252    0  
   0    0  279    0    0    0    0  268  231    0    0  286  260    0    0  
   0    0  246  291    0  247    0    0    0  249    0    0    0    0  298  
   0  270  251    0  303  293    0    0    0    0    0    0    0  224    0  
   0  273  239    0    0    0    0  296    0    0  309    0  291    0    0  
   0  267  263    0    0    0    0  271    0  289  312    0    0    0    0  
 319    0  315  308    0  251    0    0    0    0    0  263    0    0    0  
   0    0  241    0  291    0    0  314  304    0    0    0    0    0  289  
   0    0    0  242    0    0  246    0  326    0  283  258    0    0    0  
   0    0    0    0    0    0    0  309    0  266  278  261  299    0    0  
 321    0  244    0  284    0    0    0    0    0    0  328    0  247    0  
   0    0  292    0    0    0  287    0    0    0  316  306  326    0    0  
   0    0  305    0    0  304    0    0  265    0    0    0  349    0  345  
   0    0    0  290  294    0  295    0  328    0    0  328    0    0    0  
 309    0  272    0    0    0  278    0    0    0    0    0  255  331    0  
 251    0  344    0  259    0    0    0    0    0    0    0    0  303  343  
 340    0    0    0    0    0  340    0    0    0    0  321  272    0  269  
 271  261    0  325    0    0    0    0    0    0    0  321    0    0  291  
   0    0    0    0    0    0  343  277    0  350  347  285    0    0    0  
   0    0    0    0  269  334    0  302    0  259    0  282    0    0    0  
   0  298    0    0    0  281  312  328    0    0    0    0  318    0    0  
 286    0    0    0  301    0    0  260  281  338    0    0    0    0    0  
 326    0    0    0    0    0  267    0  342    0    0    0    0  363  292  
   0  302  263    0    0    0    0    0  301  343    0    0    0  311    0  
 305    0  281    0    0    0  326    0    0    0  284    0    0  362    0  
   0    0  271    0  320    0  375    0    0    0  345    0  294    0    0  
   0  336    0    0    0  328    0  309  310    0    0    0    0  360    0  
   0    0    0    0  331    0  305    0    0  345    0  304    0    0  369  
 339  327  346    0  307    0    0    0    0    0    0    0    0    0  305  
   0    0    0    0  364  282  356  345    0  280    0    0    0    0    0  
   0    0    0  299    0    0    0    0    0  342    0    0  312  346  387  
   0    0  290    0  309    0    0  310    0    0    0  396    0    0  288  
 346    0    0  373    0    0    0    0  311    0  367  324    0    0    0  
   0  332    0    0    0  392    0  339    0  297    0  396    0    0    0  
   0  357    0    0    0    0    0  397    0    0  335  344    0    0  402  
   0  301  393    0    0    0  384    0    0    0  327    0    0    0  311  
   0  378  328  389  326    0    0    0  372    0    0    0    0    0    0  
   0    0    0  311    0    0  307    0    0    0  360    0    0  316  369  
   0  396    0    0  301    0    0    0  375    0  356    0    0    0  322  
 309    0    0    0    0    0  365    0    0  385    0  326  407    0    0  
   0    0    0  346    0  393    0  420  329  392    0    0    0    0    0  
   0    0    0  418    0    0    0    0  429    0  383  335    0    0  395  
   0    0    0    0  411  351  372    0    0    0    0    0  380  352    0  
   0    0    0    0    0    0  372  386  364    0    0  439    0  329    0  
 408    0  331    0    0    0  383    0    0  425    0  387    0    0    0  
 381    0    0  358    0  371    0  418  331    0    0    0    0    0    0  
   0  387    0    0    0    0    0  376  391  406    0    0  428    0    0  
   0    0    0    0  372    0  449  344    0  427  345    0    0    0    0  
   0    0  361    0  343  418    0    0    0    0  406  446    0    0    0  
 423    0    0    0  452  344    0    0  415    0    0    0    0  387    0  
   0    0  458    0  358    0    0  410    0  411    0    0    0  426    0  
   0    0    0    0    0    0  337    0    0  365  433    0  345    0  370  ] 
 ] 
