K : 150
I : 10
C : 6
INSTANCE : 1
PREFERENCES : [    0    2    0    0    0    1    3    5    0    4  
   3    0    0    0    4    0    2    5    1    0  
   4    3    2    5    0    0    0    0    0    1  
   4    3    0    0    0    0    2    0    5    1  
   0    3    0    0    2    1    0    0    5    4  
   0    4    0    0    5    3    0    1    0    2  
   0    0    5    3    0    0    4    1    2    0  
   2    0    5    4    0    3    1    0    0    0  
   2    4    3    0    1    5    0    0    0    0  
   3    0    0    0    0    5    0    1    2    4  
   4    5    0    0    3    2    0    1    0    0  
   0    0    0    3    0    5    0    2    1    4  
   0    0    4    0    1    0    3    2    0    5  
   1    0    5    2    0    3    0    0    0    4  
   0    5    0    4    0    0    3    0    2    1  
   0    2    5    0    0    0    3    4    1    0  
   0    1    4    3    5    2    0    0    0    0  
   4    2    1    0    0    0    0    3    5    0  
   5    0    0    2    1    0    0    3    0    4  
   0    0    1    3    5    0    0    0    2    4  
   5    0    0    2    3    0    4    1    0    0  
   2    3    1    0    0    5    0    4    0    0  
   0    4    3    5    0    2    0    0    0    1  
   4    3    0    5    2    0    0    0    1    0  
   0    3    4    0    0    2    0    5    0    1  
   5    0    0    4    3    1    0    0    2    0  
   2    1    3    0    0    4    0    0    5    0  
   0    0    5    0    3    2    1    4    0    0  
   0    0    2    3    5    0    0    1    0    4  
   0    0    3    0    0    2    4    1    0    5  
   5    2    0    0    0    3    0    0    4    1  
   0    0    1    0    2    3    0    0    4    5  
   0    3    0    0    4    0    0    5    1    2  
   0    0    4    0    3    2    1    5    0    0  
   0    5    0    0    4    3    0    0    1    2  
   5    3    4    1    0    2    0    0    0    0  
   0    0    0    0    1    4    5    3    2    0  
   0    0    4    3    5    0    0    1    0    2  
   3    5    0    0    2    1    0    0    0    4  
   1    0    5    0    0    0    3    2    4    0  
   3    0    5    0    0    1    0    4    0    2  
   2    3    0    0    4    0    1    0    0    5  
   0    5    3    0    1    0    2    4    0    0  
   5    0    3    0    2    0    0    0    4    1  
   2    4    3    0    0    0    0    0    1    5  
   4    0    5    0    0    3    0    2    0    1  
   0    0    4    2    0    3    1    0    0    5  
   5    1    0    0    0    4    0    3    0    2  
   0    1    2    4    3    0    0    0    5    0  
   3    0    0    4    0    2    0    1    0    5  
   0    0    0    0    3    1    4    5    0    2  
   1    0    5    0    0    2    4    3    0    0  
   2    0    4    5    1    0    0    3    0    0  
   0    5    0    3    1    0    4    2    0    0  
   0    1    4    0    5    0    3    0    2    0  
   2    0    5    1    3    0    0    0    0    4  
   2    1    0    3    0    0    0    5    4    0  
   5    0    0    3    0    4    1    0    2    0  
   0    0    0    5    3    2    1    0    4    0  
   0    0    3    0    1    4    0    0    5    2  
   0    0    0    4    3    2    0    5    0    1  
   3    0    0    5    1    0    0    2    0    4  
   1    0    4    0    0    3    5    2    0    0  
   5    4    1    0    3    0    2    0    0    0  
   5    2    0    1    0    0    4    3    0    0  
   2    4    0    0    0    5    3    0    0    1  
   0    0    2    0    0    4    1    3    5    0  
   0    0    4    0    5    3    0    0    2    1  
   0    0    3    0    0    1    0    2    4    5  
   0    2    0    0    0    0    3    4    5    1  
   2    4    5    0    0    0    0    1    0    3  
   5    0    2    3    4    0    0    0    0    1  
   0    5    0    1    0    0    4    3    2    0  
   4    0    1    0    0    0    0    3    2    5  
   0    3    0    0    2    1    0    0    5    4  
   4    1    0    0    0    0    3    0    5    2  
   4    0    5    2    0    0    0    1    3    0  
   0    4    0    5    1    0    0    2    3    0  
   0    3    2    0    5    0    0    4    0    1  
   5    3    0    4    0    1    0    2    0    0  
   0    5    0    4    0    0    2    3    1    0  
   0    0    0    0    1    4    5    3    0    2  
   1    3    4    2    0    5    0    0    0    0  
   0    0    0    0    0    3    2    4    5    1  
   0    4    0    5    0    0    2    3    1    0  
   2    0    0    3    0    0    5    4    0    1  
   0    0    5    1    0    0    3    0    2    4  
   0    0    4    0    3    5    2    0    0    1  
   0    0    0    5    0    1    2    0    3    4  
   5    0    1    2    0    0    0    4    3    0  
   3    0    0    4    0    1    2    0    0    5  
   2    1    0    3    5    0    0    0    0    4  
   0    3    5    0    2    1    0    0    4    0  
   5    0    2    0    0    3    4    0    1    0  
   2    0    3    0    4    1    0    5    0    0  
   0    0    0    3    4    5    0    1    2    0  
   2    0    3    0    5    4    0    0    1    0  
   0    3    0    4    1    0    0    0    5    2  
   1    0    0    0    3    0    5    0    2    4  
   0    0    0    3    2    1    0    4    0    5  
   0    5    0    2    4    0    0    0    3    1  
   5    3    0    0    4    0    0    1    2    0  
   1    5    2    0    0    0    0    4    0    3  
   4    1    5    2    0    0    0    3    0    0  
   4    5    0    0    3    2    0    1    0    0  
   5    1    0    3    4    0    0    0    0    2  
   3    0    1    0    0    4    0    0    2    5  
   0    0    0    5    3    4    1    2    0    0  
   1    5    0    3    0    0    0    4    0    2  
   0    5    0    1    0    0    0    4    3    2  
   2    1    4    0    0    0    3    5    0    0  
   5    0    0    2    4    0    0    1    3    0  
   4    2    0    0    3    0    0    1    5    0  
   1    2    0    0    3    5    4    0    0    0  
   0    2    3    0    1    5    0    0    0    4  
   0    4    1    3    2    0    0    0    5    0  
   4    0    0    0    1    2    0    0    5    3  
   0    1    5    3    0    0    4    0    0    2  
   3    4    0    1    0    0    0    0    2    5  
   0    5    0    0    0    4    2    3    1    0  
   0    0    0    0    2    1    5    3    4    0  
   3    4    2    0    0    1    0    0    5    0  
   0    1    4    0    5    2    0    3    0    0  
   0    0    1    0    0    0    5    3    4    2  
   0    2    1    4    0    3    5    0    0    0  
   0    5    4    0    0    1    0    0    2    3  
   4    5    1    2    0    0    0    0    0    3  
   0    3    2    4    5    0    0    1    0    0  
   5    4    2    0    0    3    0    1    0    0  
   5    0    0    4    0    0    0    2    3    1  
   0    1    3    0    0    4    2    5    0    0  
   3    0    5    0    4    0    2    1    0    0  
   0    5    2    0    4    0    3    0    1    0  
   0    0    0    4    5    1    3    0    0    2  
   0    0    4    0    0    1    5    2    0    3  
   3    4    5    2    0    0    0    0    1    0  
   0    1    0    4    5    3    0    0    0    2  
   0    0    0    3    2    1    0    4    5    0  
   0    3    1    0    0    0    0    4    5    2  
   0    0    5    0    4    2    1    0    3    0  
   2    0    3    1    0    0    0    4    5    0  
   4    5    0    0    1    3    0    0    0    2  
   0    0    0    4    5    0    0    1    2    3  
   3    0    0    1    5    0    0    2    0    4  
   0    2    5    0    0    0    0    4    3    1  
   2    0    1    5    0    0    3    4    0    0  
   4    0    3    0    2    1    0    5    0    0  
   0    2    0    0    4    3    5    1    0    0  
   0    5    4    2    0    0    1    0    0    3  
   0    0    3    0    5    0    2    1    4    0  ] 
RESERVATION PRICES : [    0    6    0    0    0    7    7    7    0    6  
   6    0    0    0    6    0    6    6    7    0  
  11   11   10   10    0    0    0    0    0   11  
  17   15    0    0    0    0   14    0   17   15  
   0   20    0    0   18   17    0    0   20   18  
   0   18    0    0   18   19    0   17    0   18  
   0    0   23   19    0    0   19   26   22    0  
  25    0   23   19    0   21   21    0    0    0  
  25   19   21    0   25   26    0    0    0    0  
  30    0    0    0    0   28    0   25   26   27  
  29   32    0    0   34   32    0   34    0    0  
   0    0    0   29    0   30    0   37   35   30  
   0    0   37    0   37    0   43   38    0   35  
  47    0   46   45    0   35    0    0    0   38  
   0   53    0   46    0    0   44    0   50   48  
   0   53   52    0    0    0   46   53   46    0  
   0   53   49   57   59   60    0    0    0    0  
  58   67   61    0    0    0    0   51   56    0  
  70    0    0   63   71    0    0   62    0   68  
   0    0   62   68   61    0    0    0   74   62  
  68    0    0   64   63    0   64   60    0    0  
  68   65   66    0    0   69    0   74    0    0  
   0   89   79   94    0   75    0    0    0   88  
  81   90    0   72   77    0    0    0   89    0  
   0   70   84    0    0   69    0   89    0   78  
  97    0    0   78   76   94    0    0   85    0  
  81   91   78    0    0   94    0    0  104    0  
   0    0  106    0  100   88  103   95    0    0  
   0    0   90  105   85    0    0  105    0   81  
   0    0   88    0    0   98   95   83    0  104  
  94  118    0    0    0   98    0    0  101  101  
   0    0  114    0   91  106    0    0  115   90  
   0  103    0    0  123    0    0   96   93   95  
   0    0  117    0  117   99  129  132    0    0  
   0  108    0    0  108  114    0    0  115  131  
 119  137   99  104    0  109    0    0    0    0  
   0    0    0    0  124  136  130  104  129    0  
   0    0  120  120  120    0    0  129    0  113  
 110  138    0    0  121  121    0    0    0  108  
 125    0  114    0    0    0  128  148  114    0  
 139    0  141    0    0  129    0  149    0  130  
 151  155    0    0  156    0  137    0    0  116  
   0  128  143    0  150    0  161  134    0    0  
 164    0  145    0  140    0    0    0  168  162  
 135  160  161    0    0    0    0    0  148  171  
 166    0  146    0    0  145    0  158    0  176  
   0    0  174  182    0  137  175    0    0  159  
 170  169    0    0    0  175    0  155    0  160  
   0  152  190  165  178    0    0    0  179    0  
 156    0    0  162    0  186    0  192    0  183  
   0    0    0    0  160  180  150  167    0  149  
 168    0  204    0    0  198  152  178    0    0  
 211    0  161  178  205    0    0  182    0    0  
   0  193    0  179  201    0  194  208    0    0  
   0  218  190    0  168    0  181    0  189    0  
 199    0  166  215  171    0    0    0    0  222  
 214  212    0  197    0    0    0  179  191    0  
 226    0    0  185    0  211  203    0  209    0  
   0    0    0  234  194  203  224    0  238    0  
   0    0  195    0  173  221    0    0  224  197  
   0    0    0  200  227  186    0  237    0  194  
 209    0    0  188  197    0    0  230    0  193  
 234    0  206    0    0  230  183  200    0    0  
 216  202  199    0  210    0  244    0    0    0  
 223  189    0  215    0    0  235  181    0    0  
 225  220    0    0    0  203  213    0    0  231  
   0    0  194    0    0  199  220  225  203    0  
   0    0  241    0  249  214    0    0  210  204  
   0    0  240    0    0  223    0  253  228  257  
   0  270    0    0    0    0  253  196  244  202  
 272  258  273    0    0    0    0  246    0  253  
 206    0  209  202  230    0    0    0    0  249  
   0  235    0  247    0    0  217  265  257    0  
 241    0  241    0    0    0    0  256  267  256  
   0  267    0    0  218  225    0    0  213  249  
 227  247    0    0    0    0  251    0  241  282  
 268    0  214  278    0    0    0  219  238    0  
   0  258    0  288  220    0    0  226  276    0  
   0  255  249    0  238    0    0  301    0  288  
 244  241    0  303    0  244    0  227    0    0  
   0  223    0  240    0    0  245  283  263    0  
   0    0    0    0  272  307  278  269    0  271  
 306  276  236  300    0  236    0    0    0    0  
   0    0    0    0    0  292  314  261  271  288  
   0  238    0  254    0    0  256  317  237    0  
 284    0    0  320    0    0  308  301    0  306  
   0    0  269  241    0    0  253    0  241  299  
   0    0  276    0  238  240  243    0    0  278  
   0    0    0  244    0  262  313    0  330  327  
 279    0  332  300    0    0    0  291  292    0  
 292    0    0  278    0  278  292    0    0  246  
 341  317    0  312  285    0    0    0    0  334  
   0  259  293    0  271  260    0    0  346    0  
 299    0  321    0    0  294  351    0  328    0  
 360    0  281    0  276  324    0  301    0    0  
   0    0    0  313  320  300    0  349  304    0  
 282    0  302    0  341  290    0    0  309    0  
   0  290    0  347  332    0    0    0  351  276  
 289    0    0    0  275    0  269    0  375  334  
   0    0    0  298  302  361    0  299    0  280  
   0  296    0  381  316    0    0    0  349  282  
 336  316    0    0  368    0    0  353  335    0  
 305  314  315    0    0    0    0  308    0  286  
 332  358  295  358    0    0    0  318    0    0  
 296  384    0    0  342  391    0  309    0    0  
 340  337    0  353  396    0    0    0    0  293  
 404    0  369    0    0  385    0    0  317  336  
   0    0    0  395  316  317  405  326    0    0  
 327  363    0  412    0    0    0  400    0  340  
   0  381    0  338    0    0    0  390  382  374  
 381  345  371    0    0    0  341  326    0    0  
 424    0    0  327  370    0    0  329  340    0  
 321  379    0    0  434    0    0  434  385    0  
 420  318    0    0  405  376  316    0    0    0  
   0  348  436    0  324  420    0    0    0  359  
   0  351  437  330  389    0    0    0  366    0  
 363    0    0    0  360  360    0    0  417  394  
   0  343  413  346    0    0  332    0    0  431  
 331  342    0  415    0    0    0    0  396  423  
   0  381    0    0    0  390  352  449  425    0  
   0    0    0    0  451  334  414  463  441    0  
 367  357  472    0    0  421    0    0  377    0  
   0  390  469    0  358  396    0  390    0    0  
   0    0  451    0    0    0  362  460  427  408  
   0  416  447  374    0  453  467    0    0    0  
   0  382  450    0    0  465    0    0  346  347  
 428  369  420  355    0    0    0    0    0  459  
   0  449  459  455  380    0    0  352    0    0  
 416  472  406    0    0  421    0  477    0    0  
 398    0    0  446    0    0    0  375  372  364  
   0  402  472    0    0  365  446  462    0    0  
 501    0  431    0  480    0  450  394    0    0  
   0  447  450    0  428    0  458    0  488    0  
   0    0    0  451  383  483  372    0    0  384  
   0    0  425    0    0  504  411  452    0  428  
 390  373  513  389    0    0    0    0  487    0  
   0  510    0  473  467  465    0    0    0  410  
   0    0    0  456  461  440    0  488  523    0  
   0  504  469    0    0    0    0  421  424  450  
   0    0  511    0  485  493  442    0  408    0  
 502    0  464  390    0    0    0  432  488    0  
 459  460    0    0  519  477    0    0    0  490  
   0    0    0  433  452    0    0  422  470  466  
 455    0    0  401  539    0    0  394    0  504  
   0  541  455    0    0    0    0  479  527  407  
 435    0  490  529    0    0  526  524    0    0  
 465    0  471    0  547  397    0  439    0    0  
   0  521    0    0  443  416  423  454    0    0  
   0  558  452  434    0    0  528    0    0  473  
   0    0  511    0  512    0  466  426  560    0  ] 
 ] 
