K : 75
I : 10
C : 3
INSTANCE : 2
PREFERENCES : [    0    0    3    5    2    0    4    0    0    1  
   0    0    3    1    4    0    2    0    0    5  
   0    1    4    3    0    0    5    0    2    0  
   4    0    0    0    0    1    2    3    5    0  
   0    0    0    0    4    2    1    5    3    0  
   0    2    4    5    0    0    1    0    0    3  
   0    1    0    0    5    2    0    4    0    3  
   0    2    0    1    3    0    4    0    0    5  
   5    0    1    4    2    0    3    0    0    0  
   0    3    0    2    4    0    5    0    0    1  
   5    4    0    0    3    1    2    0    0    0  
   0    5    4    1    0    3    0    0    0    2  
   1    2    0    0    4    0    3    0    0    5  
   0    4    0    3    0    0    1    0    2    5  
   5    0    0    1    0    0    0    4    2    3  
   0    1    0    0    5    3    0    4    2    0  
   0    0    0    2    0    5    4    3    0    1  
   4    1    3    0    0    2    5    0    0    0  
   2    5    0    4    0    3    0    0    0    1  
   4    0    5    0    3    1    0    0    2    0  
   1    2    0    5    0    0    4    3    0    0  
   5    4    3    0    0    2    1    0    0    0  
   0    2    0    4    3    1    0    5    0    0  
   0    3    4    0    1    0    0    5    2    0  
   0    1    2    5    0    0    0    4    3    0  
   4    0    0    2    0    3    0    5    1    0  
   5    0    1    2    4    3    0    0    0    0  
   0    0    5    0    3    1    2    0    0    4  
   3    0    0    4    0    5    0    0    1    2  
   0    1    0    0    3    2    0    4    5    0  
   0    3    0    1    4    2    5    0    0    0  
   1    3    5    0    4    0    0    0    2    0  
   0    2    4    5    1    0    0    3    0    0  
   0    1    0    2    3    4    0    0    5    0  
   2    5    3    0    4    0    0    0    1    0  
   0    0    3    2    5    4    0    0    0    1  
   0    0    0    2    0    1    4    5    0    3  
   0    0    0    4    2    0    1    3    0    5  
   1    0    4    3    0    2    0    0    5    0  
   2    3    5    0    0    4    0    0    0    1  
   5    0    1    0    0    4    0    3    2    0  
   0    0    2    5    0    0    1    4    0    3  
   4    0    0    0    3    5    1    0    2    0  
   3    0    0    5    0    0    1    0    4    2  
   0    0    4    5    0    3    0    2    0    1  
   3    2    5    0    0    4    0    0    0    1  
   0    5    0    0    1    3    0    2    0    4  
   0    5    0    4    0    2    0    3    1    0  
   4    5    0    0    0    0    0    1    2    3  
   4    0    0    3    1    2    5    0    0    0  
   0    5    4    0    0    3    0    0    2    1  
   2    0    0    0    4    0    0    1    3    5  
   0    1    0    0    4    2    5    0    3    0  
   0    4    0    3    1    0    0    0    2    5  
   0    0    1    2    4    3    0    0    5    0  
   0    2    5    0    0    4    0    0    1    3  
   0    4    1    0    0    0    3    0    2    5  
   0    5    4    3    0    0    1    0    0    2  
   3    1    0    4    0    0    0    5    2    0  
   1    0    0    4    2    0    0    3    5    0  
   0    4    1    2    0    3    5    0    0    0  
   1    3    0    5    2    0    0    0    4    0  
   0    0    0    0    4    0    1    2    5    3  
   0    0    0    0    5    2    3    4    0    1  
   2    0    4    0    0    1    0    3    5    0  
   1    3    0    0    0    0    0    5    4    2  
   0    0    0    5    0    2    1    4    3    0  
   4    0    0    0    3    5    0    0    1    2  
   0    0    0    0    2    3    0    1    5    4  
   0    5    2    0    3    0    1    0    0    4  
   2    4    5    0    0    3    0    0    1    0  
   2    4    3    0    0    0    0    0    1    5  
   0    4    2    0    0    1    3    5    0    0  
   0    5    3    2    4    0    0    1    0    0  
   3    0    5    1    2    0    4    0    0    0  ] 
RESERVATION PRICES : [    0    0    8    8    9    0    9    0    0    7  
   0    0    7    8    7    0    8    0    0    8  
   0   11   11   10    0    0   10    0   10    0  
  13    0    0    0    0   17   17   16   15    0  
   0    0    0    0   20   20   19   15   18    0  
   0   19   20   20    0    0   18    0    0   20  
   0   20    0    0   21   25    0   20    0   20  
   0   29    0   23   27    0   30    0    0   30  
  31    0   29   32   31    0   27    0    0    0  
   0   39    0   37   34    0   36    0    0   35  
  33   40    0    0   38   34   34    0    0    0  
   0   45   43   45    0   48    0    0    0   43  
  41   41    0    0   45    0   49    0    0   48  
   0   55    0   46    0    0   54    0   44   49  
  54    0    0   66    0    0    0   56   60   62  
   0   62    0    0   52   60    0   53   54    0  
   0    0    0   59    0   54   51   53    0   51  
  58   54   69    0    0   72   63    0    0    0  
  76   59    0   76    0   73    0    0    0   72  
  65    0   60    0   56   56    0    0   66    0  
  79   79    0   75    0    0   63   62    0    0  
  73   73   80    0    0   71   73    0    0    0  
   0   70    0   89   83   73    0   81    0    0  
   0   89   90    0   76    0    0   88   69    0  
   0   94   88   88    0    0    0   79   78    0  
 100    0    0   90    0  101    0   76   85    0  
 106    0  108  105   94   90    0    0    0    0  
   0    0   88    0  105   81   82    0    0   85  
 106    0    0   87    0   86    0    0  106  109  
   0   96    0    0   97  114    0   99   91    0  
   0  125    0  116  125   93  111    0    0    0  
 100  119   95    0  124    0    0    0   90    0  
   0  109  115  108  100    0    0  102    0    0  
   0  108    0  112  105  109    0    0   97    0  
 121  127  124    0  124    0    0    0  109    0  
   0    0  117  142  129  138    0    0    0  135  
   0    0    0  128    0  111  119  107    0  144  
   0    0    0  114  128    0  108  131    0  122  
 145    0  137  111    0  133    0    0  140    0  
 125  152  145    0    0  155    0    0    0  118  
 160    0  125    0    0  139    0  140  146    0  
   0    0  156  155    0    0  152  138    0  128  
 158    0    0    0  170  165  155    0  124    0  
 128    0    0  147    0    0  137    0  132  127  
   0    0  136  136    0  168    0  129    0  169  
 167  144  175    0    0  172    0    0    0  174  
   0  171    0    0  174  160    0  132    0  155  
   0  170    0  138    0  155    0  135  182    0  
 183  169    0    0    0    0    0  165  166  149  
 147    0    0  160  138  144  184    0    0    0  
   0  184  138    0    0  141    0    0  137  139  
 146    0    0    0  156    0    0  146  156  136  
   0  192    0    0  151  175  174    0  188    0  
   0  182    0  193  173    0    0    0  164  178  
   0    0  176  149  171  194    0    0  157    0  
   0  156  194    0    0  159    0    0  199  199  
   0  157  210    0    0    0  167    0  197  161  
   0  187  179  165    0    0  169    0    0  168  
 206  163    0  209    0    0    0  178  169    0  
 188    0    0  225  211    0    0  187  198    0  
   0  193  196  186    0  208  233    0    0    0  
 173  208    0  207  174    0    0    0  223    0  
   0    0    0    0  185    0  179  227  231  206  
   0    0    0    0  229  185  192  204    0  194  
 194    0  215    0    0  182    0  187  191    0  
 189  242    0    0    0    0    0  256  228  188  
   0    0    0  212    0  220  227  256  203    0  
 205    0    0    0  200  258    0    0  227  257  
   0    0    0    0  206  198    0  219  259  214  
   0  233  226    0  241    0  233    0    0  227  
 225  206  269    0    0  200    0    0  218    0  
 217  215  217    0    0    0    0    0  266  271  
   0  233  206    0    0  230  258  226    0    0  
   0  220  278  212  266    0    0  208    0    0  
 249    0  212  238  261    0  229    0    0    0  ] 
 ] 
