K : 150
I : 15
C : 24
INSTANCE : 3
PREFERENCES : [    3    4    0    0    5    0    0    2    0    0    0    1    0    0    0  
   0    5    3    0    0    2    0    0    0    1    0    0    0    4    0  
   0    1    0    0    0    5    0    0    4    2    0    0    0    3    0  
   4    0    1    0    5    0    0    0    2    0    0    0    0    0    3  
   2    4    0    3    0    0    0    1    0    5    0    0    0    0    0  
   0    4    0    0    0    0    1    0    0    0    5    2    0    0    3  
   2    0    4    0    5    0    0    0    0    1    0    0    3    0    0  
   5    0    0    1    0    3    2    0    0    0    4    0    0    0    0  
   0    5    0    3    0    0    1    4    0    0    0    2    0    0    0  
   0    3    0    5    4    0    2    0    0    0    1    0    0    0    0  
   0    1    0    0    0    2    0    4    0    0    0    5    3    0    0  
   2    0    0    1    0    4    3    5    0    0    0    0    0    0    0  
   0    5    0    0    1    0    0    0    0    0    0    0    3    2    4  
   0    0    0    0    0    2    1    3    4    0    0    0    0    0    5  
   0    0    0    1    5    0    0    0    0    0    3    0    0    2    4  
   5    4    0    0    0    3    0    0    0    0    0    0    1    2    0  
   0    0    0    0    0    0    4    5    1    0    2    0    0    3    0  
   4    5    0    1    0    0    2    0    0    0    0    3    0    0    0  
   0    3    0    4    0    0    0    0    0    5    0    0    1    0    2  
   0    0    0    2    5    0    3    0    0    1    0    0    0    0    4  
   5    0    1    0    0    0    0    4    0    2    0    0    3    0    0  
   0    0    3    0    5    0    1    0    2    0    0    4    0    0    0  
   0    0    0    0    3    0    0    5    0    4    0    1    0    0    2  
   0    0    1    0    0    2    0    5    3    0    0    4    0    0    0  
   0    0    0    1    0    2    0    0    0    0    4    0    3    5    0  
   0    0    0    0    0    3    0    0    4    0    0    5    2    1    0  
   0    0    0    0    2    1    0    0    0    5    0    0    4    0    3  
   0    2    0    0    0    0    5    0    1    0    3    0    0    4    0  
   5    0    0    1    0    4    0    0    3    0    0    0    2    0    0  
   0    0    0    0    0    4    2    0    5    0    3    1    0    0    0  
   3    0    0    4    0    0    0    0    0    2    1    0    0    0    5  
   3    0    2    0    0    0    0    0    0    5    0    0    1    0    4  
   0    3    0    0    4    1    0    5    2    0    0    0    0    0    0  
   0    0    0    3    0    2    0    0    4    0    0    0    0    1    5  
   0    0    2    0    0    0    0    0    0    0    4    5    1    3    0  
   0    0    0    0    5    2    0    3    0    0    0    0    1    4    0  
   0    0    0    5    2    1    0    4    3    0    0    0    0    0    0  
   0    0    1    0    5    0    0    0    0    2    3    0    0    0    4  
   0    0    2    0    0    0    1    0    0    3    4    0    0    5    0  
   0    1    0    0    0    0    0    3    0    2    0    5    0    4    0  
   0    0    0    0    2    3    0    5    0    0    0    0    4    0    1  
   0    2    0    0    0    0    0    0    5    0    0    0    4    3    1  
   1    0    0    0    3    0    0    0    0    0    0    5    4    2    0  
   0    1    3    0    0    0    0    0    5    0    0    0    0    2    4  
   4    0    3    0    0    1    0    2    5    0    0    0    0    0    0  
   0    2    0    0    0    0    0    1    3    4    0    5    0    0    0  
   2    1    0    0    0    0    0    0    0    3    0    0    5    4    0  
   3    0    0    0    1    2    4    0    0    0    0    0    0    5    0  
   0    2    0    0    3    0    0    0    0    0    0    5    4    0    1  
   0    0    3    0    5    0    0    1    0    0    2    4    0    0    0  
   0    4    0    5    0    0    0    0    0    1    2    0    0    3    0  
   0    0    0    0    0    3    0    5    4    0    1    0    2    0    0  
   0    0    0    0    0    0    0    0    3    5    0    1    4    0    2  
   2    4    0    0    0    3    0    0    0    0    5    0    1    0    0  
   0    4    0    0    0    0    0    0    1    0    3    2    0    0    5  
   0    0    4    3    1    0    2    0    0    5    0    0    0    0    0  
   0    0    0    0    0    0    0    0    1    5    0    4    2    3    0  
   4    0    2    5    0    0    1    0    0    3    0    0    0    0    0  
   0    4    0    0    0    3    0    0    2    0    0    1    5    0    0  
   0    0    0    0    3    0    0    0    2    0    0    0    4    1    5  
   0    0    0    0    0    0    0    4    5    0    0    3    0    2    1  
   3    0    0    0    0    0    0    4    1    0    5    0    0    2    0  
   3    0    1    0    4    0    0    0    0    0    0    0    5    2    0  
   0    0    0    0    0    4    5    0    1    0    0    0    3    0    2  
   1    5    0    3    0    0    4    0    0    0    0    0    0    2    0  
   1    0    2    0    3    0    0    5    0    4    0    0    0    0    0  
   5    2    0    0    0    0    0    0    0    0    1    0    0    4    3  
   0    1    5    0    0    3    2    0    0    4    0    0    0    0    0  
   3    1    0    0    0    0    0    0    2    0    0    0    4    0    5  
   0    0    0    0    2    0    3    0    0    0    1    0    5    0    4  
   0    3    2    4    0    0    0    0    5    0    0    0    0    1    0  
   0    0    5    0    0    0    0    0    0    4    0    2    1    0    3  
   0    0    4    0    0    0    0    0    0    0    2    0    1    5    3  
   0    5    0    0    0    0    0    0    2    0    1    0    4    0    3  
   0    0    0    2    0    1    0    0    0    5    0    0    0    4    3  
   0    3    0    0    0    0    0    0    2    0    0    0    5    1    4  
   1    0    0    0    5    0    3    0    4    2    0    0    0    0    0  
   5    0    3    4    0    0    2    0    0    0    0    1    0    0    0  
   0    0    0    5    0    0    3    0    0    0    1    4    2    0    0  
   4    0    0    2    5    0    0    1    0    0    0    0    0    3    0  
   0    0    0    0    5    2    1    0    0    4    0    0    3    0    0  
   0    0    5    0    1    0    0    0    2    3    0    0    4    0    0  
   0    2    0    1    0    0    3    0    4    0    0    0    5    0    0  
   2    1    0    0    0    0    5    0    0    4    0    0    0    0    3  
   0    0    0    5    0    2    1    4    0    0    0    0    0    0    3  
   2    5    0    0    0    0    0    0    0    4    0    0    0    3    1  
   4    5    0    1    0    0    0    2    0    0    0    0    0    3    0  
   0    0    0    0    0    0    1    3    2    0    0    5    0    0    4  
   1    2    0    0    0    0    0    5    0    0    0    0    3    4    0  
   0    4    0    3    0    0    5    0    0    0    0    2    0    0    1  
   0    1    0    0    3    0    0    5    0    0    4    2    0    0    0  
   0    1    0    0    0    0    0    4    3    2    5    0    0    0    0  
   0    0    0    3    2    0    0    0    0    0    1    0    0    4    5  
   0    0    0    1    0    0    0    3    0    0    4    2    0    0    5  
   2    4    0    0    0    3    5    0    0    1    0    0    0    0    0  
   0    3    2    1    4    0    0    0    0    0    5    0    0    0    0  
   2    4    0    0    1    0    0    3    5    0    0    0    0    0    0  
   3    0    0    5    0    0    0    0    0    1    0    0    4    2    0  
   0    0    0    5    0    0    0    0    1    0    0    0    3    4    2  
   4    1    0    2    0    3    0    0    0    0    0    5    0    0    0  
   0    1    3    2    0    0    5    0    0    0    0    0    0    0    4  
   4    0    0    0    0    0    0    0    1    0    5    2    3    0    0  
   3    1    0    0    0    2    0    4    0    5    0    0    0    0    0  
   0    0    1    2    0    0    0    5    4    0    0    3    0    0    0  
   0    3    0    0    0    0    0    0    4    5    0    1    0    0    2  
   0    0    0    0    0    0    0    4    0    2    3    0    0    1    5  
   5    0    0    0    3    0    0    0    0    0    2    0    0    4    1  
   0    0    0    0    2    0    3    0    0    0    0    5    1    4    0  
   5    0    0    0    0    1    2    0    0    0    0    4    3    0    0  
   0    0    3    1    0    0    4    0    0    0    2    5    0    0    0  
   0    2    5    0    0    3    0    0    0    0    0    0    0    1    4  
   5    2    0    3    0    0    0    1    4    0    0    0    0    0    0  
   0    5    4    0    0    1    2    0    0    0    0    0    0    0    3  
   4    0    0    0    0    0    0    1    5    2    0    0    0    3    0  
   0    1    0    0    0    0    2    4    0    0    0    3    5    0    0  
   3    0    1    0    0    0    0    2    4    0    5    0    0    0    0  
   0    0    0    5    0    0    0    3    1    0    4    0    0    0    2  
   0    0    0    1    0    0    0    2    0    0    4    0    5    0    3  
   1    0    0    0    0    0    0    0    2    0    4    0    5    0    3  
   4    0    1    0    0    0    2    0    3    0    0    0    5    0    0  
   0    0    2    5    0    0    3    0    0    0    0    0    0    4    1  
   0    0    0    2    0    0    3    0    5    0    4    0    1    0    0  
   0    0    2    4    0    5    0    0    0    1    3    0    0    0    0  
   0    0    1    0    0    3    0    0    2    0    0    0    0    4    5  
   0    4    0    0    0    2    5    0    3    0    0    0    0    0    1  
   1    0    3    0    0    4    0    0    5    2    0    0    0    0    0  
   3    0    0    0    1    4    0    5    0    0    0    2    0    0    0  
   3    0    0    0    1    0    0    0    0    4    0    0    5    2    0  
   4    0    0    0    0    0    0    3    0    0    0    2    0    1    5  
   2    0    0    0    5    0    0    0    4    3    1    0    0    0    0  
   0    0    2    0    0    0    0    1    0    3    0    5    0    4    0  
   1    0    0    2    0    3    0    0    0    5    0    4    0    0    0  
   0    0    5    0    0    0    4    0    0    0    1    3    2    0    0  
   0    0    0    0    0    0    0    5    0    1    2    0    0    4    3  
   0    0    0    0    0    2    0    5    0    0    0    3    4    1    0  
   3    0    0    0    0    1    4    0    5    0    0    0    2    0    0  
   0    5    0    0    0    0    0    0    2    0    3    0    0    1    4  
   0    1    0    3    0    0    0    0    2    0    0    0    0    5    4  
   0    3    0    0    0    0    4    0    0    0    1    2    0    5    0  
   1    0    0    2    0    0    3    5    0    0    4    0    0    0    0  
   0    0    5    4    0    2    0    0    0    0    1    3    0    0    0  
   0    0    4    5    0    3    0    0    0    0    2    1    0    0    0  
   5    4    2    0    0    0    0    0    0    1    0    3    0    0    0  
   1    0    0    4    2    0    0    0    0    0    0    3    5    0    0  
   0    0    0    1    0    0    3    5    0    0    4    0    0    2    0  
   0    0    0    0    2    0    0    0    5    0    1    3    0    4    0  
   0    5    0    0    0    4    0    1    3    0    0    0    0    0    2  
   0    0    4    1    0    0    0    0    0    0    5    3    0    2    0  
   3    0    1    0    0    0    2    0    0    5    0    0    0    0    4  
   0    0    5    0    1    2    3    0    0    0    0    0    0    0    4  ] 
RESERVATION PRICES : [   10   10    0    0    9    0    0    8    0    0    0    8    0    0    0  
   0    9   11    0    0   10    0    0    0   11    0    0    0   11    0  
   0   16    0    0    0   13    0    0   14   13    0    0    0   14    0  
  17    0   22    0   18    0    0    0   20    0    0    0    0    0   17  
  23   21    0   20    0    0    0   21    0   21    0    0    0    0    0  
   0   28    0    0    0    0   25    0    0    0   28   28    0    0   21  
  24    0   26    0   29    0    0    0    0   22    0    0   22    0    0  
  32    0    0   30    0   33   34    0    0    0   30    0    0    0    0  
   0   34    0   40    0    0   32   32    0    0    0   31    0    0    0  
   0   35    0   40   37    0   45    0    0    0   41    0    0    0    0  
   0   42    0    0    0   50    0   44    0    0    0   49   38    0    0  
  39    0    0   41    0   52   47   39    0    0    0    0    0    0    0  
   0   49    0    0   51    0    0    0    0    0    0    0   44   51   49  
   0    0    0    0    0   50   47   50   51    0    0    0    0    0   56  
   0    0    0   48   45    0    0    0    0    0   46    0    0   49   61  
  55   57    0    0    0   51    0    0    0    0    0    0   62   59    0  
   0    0    0    0    0    0   52   71   66    0   70    0    0   70    0  
  58   60    0   80    0    0   63    0    0    0    0   69    0    0    0  
   0   70    0   77    0    0    0    0    0   66    0    0   69    0   82  
   0    0    0   75   82    0   69    0    0   85    0    0    0    0   77  
  67    0   65    0    0    0    0   85    0   85    0    0   74    0    0  
   0    0   66    0   76    0   73    0   88    0    0   86    0    0    0  
   0    0    0    0   80    0    0   94    0   70    0   94    0    0   73  
   0    0   85    0    0   83    0   97   78    0    0   99    0    0    0  
   0    0    0   82    0   87    0    0    0    0   84    0  108   85    0  
   0    0    0    0    0   91    0    0   91    0    0  106  106  104    0  
   0    0    0    0  104  111    0    0    0   97    0    0   89    0   86  
   0   93    0    0    0    0  114    0  118    0   88    0    0  111    0  
  99    0    0  106    0  107    0    0  114    0    0    0  100    0    0  
   0    0    0    0    0  113  110    0  127    0  110  112    0    0    0  
 121    0    0  111    0    0    0    0    0  114   97    0    0    0  108  
 102    0  132    0    0    0    0    0    0  104    0    0  125    0  122  
   0  107    0    0  133  140    0  133  108    0    0    0    0    0    0  
   0    0    0  111    0  136    0    0  142    0    0    0    0  140  133  
   0    0  128    0    0    0    0    0    0    0  124  147  120  124    0  
   0    0    0    0  113  142    0  127    0    0    0    0  141  132    0  
   0    0    0  140  116  124    0  123  129    0    0    0    0    0    0  
   0    0  145    0  156    0    0    0    0  134  119    0    0    0  122  
   0    0  143    0    0    0  121    0    0  154  163    0    0  166    0  
   0  123    0    0    0    0    0  155    0  160    0  126    0  138    0  
   0    0    0    0  132  145    0  163    0    0    0    0  168    0  167  
   0  156    0    0    0    0    0    0  172    0    0    0  157  128  153  
 176    0    0    0  172    0    0    0    0    0    0  177  139  140    0  
   0  181  169    0    0    0    0    0  134    0    0    0    0  173  162  
 173    0  171    0    0  166    0  156  173    0    0    0    0    0    0  
   0  151    0    0    0    0    0  140  138  159    0  160    0    0    0  
 188  195    0    0    0    0    0    0    0  146    0    0  159  183    0  
 185    0    0    0  184  163  183    0    0    0    0    0    0  154    0  
   0  191    0    0  175    0    0    0    0    0    0  146  184    0  180  
   0    0  176    0  157    0    0  166    0    0  160  160    0    0    0  
   0  188    0  180    0    0    0    0    0  165  195    0    0  168    0  
   0    0    0    0    0  165    0  202  179    0  153    0  187    0    0  
   0    0    0    0    0    0    0    0  182  191    0  187  201    0  189  
 166  208    0    0    0  155    0    0    0    0  204    0  213    0    0  
   0  207    0    0    0    0    0    0  210    0  175  211    0    0  166  
   0    0  168  188  215    0  216    0    0  167    0    0    0    0    0  
   0    0    0    0    0    0    0    0  205  185    0  184  166  180    0  
 163    0  210  226    0    0  190    0    0  188    0    0    0    0    0  
   0  184    0    0    0  179    0    0  173    0    0  210  225    0    0  
   0    0    0    0  208    0    0    0  170    0    0    0  227  201  175  
   0    0    0    0    0    0    0  200  229    0    0  207    0  237  188  
 183    0    0    0    0    0    0  186  196    0  193    0    0  232    0  
 205    0  208    0  186    0    0    0    0    0    0    0  214  188    0  
   0    0    0    0    0  189  183    0  194    0    0    0  193    0  205  
 242  216    0  193    0    0  193    0    0    0    0    0    0  227    0  
 184    0  218    0  224    0    0  193    0  184    0    0    0    0    0  
 207  254    0    0    0    0    0    0    0    0  202    0    0  227  236  
   0  200  204    0    0  240  259    0    0  210    0    0    0    0    0  
 206  195    0    0    0    0    0    0  236    0    0    0  198    0  245  
   0    0    0    0  273    0  205    0    0    0  230    0  244    0  222  
   0  218  234  254    0    0    0    0  246    0    0    0    0  228    0  
   0    0  255    0    0    0    0    0    0  273    0  207  236    0  270  
   0    0  234    0    0    0    0    0    0    0  222    0  277  238  271  
   0  284    0    0    0    0    0    0  277    0  285    0  220    0  258  
   0    0    0  229    0  284    0    0    0  237    0    0    0  288  225  
   0  251    0    0    0    0    0    0  223    0    0    0  212  285  265  
 295    0    0    0  215    0  251    0  253  241    0    0    0    0    0  
 240    0  240  226    0    0  227    0    0    0    0  224    0    0    0  
   0    0    0  224    0    0  283    0    0    0  248  275  282    0    0  
 247    0    0  226  221    0    0  250    0    0    0    0    0  288    0  
   0    0    0    0  269  309  226    0    0  254    0    0  240    0    0  
   0    0  286    0  268    0    0    0  243  277    0    0  244    0    0  
   0  267    0  277    0    0  319    0  272    0    0    0  292    0    0  
 302  277    0    0    0    0  261    0    0  241    0    0    0    0  302  
   0    0    0  293    0  234  277  272    0    0    0    0    0    0  241  
 290  307    0    0    0    0    0    0    0  258    0    0    0  297  264  
 240  283    0  276    0    0    0  240    0    0    0    0    0  289    0  
   0    0    0    0    0    0  320  258  244    0    0  290    0    0  301  
 273  277    0    0    0    0    0  290    0    0    0    0  291  270    0  
   0  268    0  247    0    0  277    0    0    0    0  281    0    0  252  
   0  310    0    0  313    0    0  253    0    0  273  261    0    0    0  
   0  266    0    0    0    0    0  277  286  275  345    0    0    0    0  
   0    0    0  304  339    0    0    0    0    0  315    0    0  272  269  
   0    0    0  333    0    0    0  284    0    0  298  281    0    0  350  
 289  284    0    0    0  341  331    0    0  350    0    0    0    0    0  
   0  340  283  295  318    0    0    0    0    0  320    0    0    0    0  
 261  273    0    0  261    0    0  354  304    0    0    0    0    0    0  
 301    0    0  314    0    0    0    0    0  355    0    0  299  322    0  
   0    0    0  318    0    0    0    0  349    0    0    0  335  344  303  
 295  271    0  343    0  356    0    0    0    0    0  274    0    0    0  
   0  305  286  322    0    0  275    0    0    0    0    0    0    0  323  
 322    0    0    0    0    0    0    0  277    0  330  373  355    0    0  
 354  285    0    0    0  319    0  291    0  344    0    0    0    0    0  
   0    0  349  352    0    0    0  357  290    0    0  391    0    0    0  
   0  337    0    0    0    0    0    0  293  354    0  337    0    0  328  
   0    0    0    0    0    0    0  361    0  293  289    0    0  319  357  
 388    0    0    0  344    0    0    0    0    0  354    0    0  394  399  
   0    0    0    0  373    0  342    0    0    0    0  392  303  328    0  
 369    0    0    0    0  324  314    0    0    0    0  386  312    0    0  
   0    0  346  409    0    0  363    0    0    0  422  367    0    0    0  
   0  312  320    0    0  413    0    0    0    0    0    0    0  354  311  
 349  400    0  346    0    0    0  316  406    0    0    0    0    0    0  
   0  413  355    0    0  325  385    0    0    0    0    0    0    0  403  
 321    0    0    0    0    0    0  396  407  420    0    0    0  383    0  
   0  353    0    0    0    0  371  340    0    0    0  394  345    0    0  
 346    0  368    0    0    0    0  425  335    0  389    0    0    0    0  
   0    0    0  356    0    0    0  359  338    0  385    0    0    0  364  
   0    0    0  363    0    0    0  370    0    0  371    0  381    0  359  
 444    0    0    0    0    0    0    0  402    0  325    0  375    0  345  
 434    0  415    0    0    0  419    0  436    0    0    0  336    0    0  
   0    0  399  423    0    0  381    0    0    0    0    0    0  403  449  
   0    0    0  392    0    0  455    0  376    0  349    0  446    0    0  
   0    0  371  468    0  359    0    0    0  375  413    0    0    0    0  
   0    0  366    0    0  345    0    0  386    0    0    0    0  402  361  
   0  447    0    0    0  345  347    0  389    0    0    0    0    0  418  
 465    0  475    0    0  421    0    0  440  392    0    0    0    0    0  
 393    0    0    0  397  426    0  358    0    0    0  477    0    0    0  
 353    0    0    0  479    0    0    0    0  484    0    0  410  410    0  
 407    0    0    0    0    0    0  367    0    0    0  454    0  365  441  
 409    0    0    0  367    0    0    0  384  373  444    0    0    0    0  
   0    0  453    0    0    0    0  380    0  376    0  437    0  417    0  
 426    0    0  446    0  408    0    0    0  389    0  360    0    0    0  
   0    0  476    0    0    0  430    0    0    0  384  483  500    0    0  
   0    0    0    0    0    0    0  413    0  468  431    0    0  389  391  
   0    0    0    0    0  388    0  459    0    0    0  379  468  387    0  
 493    0    0    0    0  461  447    0  476    0    0    0  494    0    0  
   0  400    0    0    0    0    0    0  514    0  432    0    0  514  474  
   0  483    0  425    0    0    0    0  420    0    0    0    0  377  389  
   0  521    0    0    0    0  459    0    0    0  422  497    0  506    0  
 502    0    0  451    0    0  458  444    0    0  432    0    0    0    0  
   0    0  430  501    0  511    0    0    0    0  507  380    0    0    0  
   0    0  423  460    0  440    0    0    0    0  444  467    0    0    0  
 392  465  392    0    0    0    0    0    0  535    0  415    0    0    0  
 429    0    0  524  490    0    0    0    0    0    0  491  481    0    0  
   0    0    0  414    0    0  509  441    0    0  525    0    0  443    0  
   0    0    0    0  517    0    0    0  544    0  544  415    0  480    0  
   0  524    0    0    0  400    0  424  486    0    0    0    0    0  411  
   0    0  465  406    0    0    0    0    0    0  517  424    0  508    0  
 527    0  410    0    0    0  491    0    0  500    0    0    0    0  401  
   0    0  542    0  522  553  523    0    0    0    0    0    0    0  513  ] 
 ] 
