K : 150
I : 10
C : 6
INSTANCE : 2
PREFERENCES : [    2    4    1    5    3    0    0    0    0    0  
   0    0    0    1    4    2    0    5    3    0  
   0    0    1    4    2    0    5    3    0    0  
   0    0    2    0    0    5    1    3    4    0  
   1    0    4    0    2    3    5    0    0    0  
   0    0    3    4    0    5    1    0    0    2  
   3    0    2    0    4    0    1    0    0    5  
   0    3    5    4    0    1    0    0    2    0  
   0    1    0    0    4    3    0    5    0    2  
   0    1    0    2    0    0    4    3    0    5  
   0    0    0    5    3    4    0    2    0    1  
   0    5    2    4    0    0    0    1    0    3  
   1    0    0    2    4    0    5    3    0    0  
   0    0    0    2    1    0    3    5    0    4  
   0    5    0    1    0    4    3    0    2    0  
   0    0    0    1    2    4    0    5    3    0  
   0    5    0    3    2    0    0    1    0    4  
   0    1    2    0    0    3    4    0    5    0  
   5    0    1    0    0    3    2    0    0    4  
   2    4    0    0    3    0    0    1    5    0  
   0    0    0    5    3    0    1    4    0    2  
   2    0    0    5    0    3    4    1    0    0  
   1    5    0    0    0    0    0    2    3    4  
   3    0    0    2    0    1    4    0    5    0  
   0    5    0    3    1    4    2    0    0    0  
   0    1    0    3    5    0    0    2    4    0  
   4    1    2    0    0    5    0    3    0    0  
   1    0    3    2    0    4    0    0    5    0  
   1    4    0    5    0    0    3    0    2    0  
   0    0    0    1    5    3    0    0    4    2  
   0    0    0    5    3    2    4    1    0    0  
   0    5    0    0    0    2    0    3    1    4  
   1    5    0    3    0    0    4    0    2    0  
   2    3    0    0    1    0    5    4    0    0  
   0    1    5    0    2    3    4    0    0    0  
   0    5    0    3    0    2    1    0    0    4  
   0    2    5    3    4    0    1    0    0    0  
   0    5    0    0    2    4    3    1    0    0  
   2    0    4    5    0    0    1    0    0    3  
   0    1    5    2    0    4    0    0    3    0  
   0    3    0    1    0    5    2    0    4    0  
   2    0    0    1    0    0    3    5    4    0  
   2    0    0    0    0    3    1    5    4    0  
   2    0    0    4    0    0    1    5    3    0  
   3    2    0    0    5    1    0    0    0    4  
   0    5    0    2    4    1    0    0    3    0  
   0    0    4    2    0    1    3    5    0    0  
   2    3    0    1    0    0    0    0    4    5  
   1    3    0    0    4    2    5    0    0    0  
   2    5    0    0    0    1    3    4    0    0  
   0    0    5    0    3    1    4    2    0    0  
   5    4    2    0    0    1    3    0    0    0  
   0    3    0    4    0    2    5    0    1    0  
   1    4    0    0    2    3    0    5    0    0  
   1    0    0    2    5    0    3    0    0    4  
   4    5    1    2    0    3    0    0    0    0  
   0    5    1    3    2    0    0    0    4    0  
   0    5    0    3    0    0    2    4    1    0  
   3    4    0    0    1    2    0    0    5    0  
   3    0    0    4    0    0    0    1    5    2  
   0    2    3    0    1    5    0    0    0    4  
   3    4    0    0    5    0    0    0    2    1  
   3    0    0    1    2    0    4    0    5    0  
   2    0    0    0    0    0    5    1    3    4  
   0    5    0    2    4    0    0    0    3    1  
   5    0    0    0    4    2    3    1    0    0  
   3    1    4    2    0    0    0    0    5    0  
   0    2    4    3    1    0    0    5    0    0  
   2    3    0    4    0    5    1    0    0    0  
   3    0    0    0    2    4    0    5    0    1  
   0    0    0    0    3    1    4    0    5    2  
   1    0    5    0    0    2    4    0    0    3  
   0    3    0    5    4    0    1    2    0    0  
   5    4    0    2    0    1    0    3    0    0  
   4    0    0    0    1    5    2    3    0    0  
   0    0    4    1    3    2    0    0    0    5  
   3    0    0    4    0    0    5    0    1    2  
   0    5    4    3    2    0    1    0    0    0  
   0    0    1    2    5    3    0    0    4    0  
   2    4    0    0    5    0    0    3    1    0  
   0    1    0    4    5    0    0    0    3    2  
   4    0    5    1    0    0    2    0    0    3  
   1    0    0    0    4    5    0    2    0    3  
   2    3    0    0    5    0    0    4    1    0  
   0    0    0    4    0    0    5    3    2    1  
   0    0    0    1    3    5    0    4    0    2  
   3    0    0    2    0    0    0    4    5    1  
   2    1    0    0    0    0    4    0    3    5  
   4    0    3    0    0    5    0    2    0    1  
   2    0    0    4    1    0    0    0    5    3  
   0    0    5    0    0    0    1    2    4    3  
   0    4    0    0    3    2    1    0    0    5  
   5    0    0    2    1    0    3    0    4    0  
   3    0    0    0    4    5    0    0    1    2  
   3    4    2    5    1    0    0    0    0    0  
   1    0    0    0    2    5    0    4    3    0  
   2    0    1    0    4    0    0    3    0    5  
   0    5    0    2    3    4    0    1    0    0  
   0    0    0    2    0    1    3    4    0    5  
   0    0    1    3    2    5    0    4    0    0  
   0    0    4    0    0    3    0    1    5    2  
   0    1    2    3    4    0    0    0    5    0  
   0    0    0    0    1    3    2    5    0    4  
   0    0    5    1    0    2    4    0    3    0  
   0    0    1    2    0    4    0    0    5    3  
   1    0    0    2    3    5    0    0    0    4  
   1    2    0    0    4    5    0    3    0    0  
   0    5    3    4    0    0    0    1    0    2  
   2    1    0    0    0    0    3    4    5    0  
   0    3    0    2    4    0    0    0    5    1  
   4    0    0    1    5    0    0    3    0    2  
   0    4    5    3    0    0    0    1    2    0  
   4    5    2    0    0    0    0    3    0    1  
   0    4    2    0    5    1    0    3    0    0  
   0    0    2    0    5    0    1    4    0    3  
   0    3    1    0    0    0    4    0    5    2  
   4    2    0    3    0    0    5    0    1    0  
   5    2    0    1    3    0    0    0    4    0  
   1    2    3    0    0    5    0    0    0    4  
   5    0    0    3    4    0    2    0    0    1  
   0    0    0    0    4    0    2    1    5    3  
   0    0    0    1    2    0    0    4    3    5  
   5    3    0    4    2    0    0    0    0    1  
   0    4    5    0    0    1    0    2    3    0  
   5    4    2    0    3    0    0    0    0    1  
   0    0    5    0    3    4    0    1    2    0  
   4    0    5    3    0    2    0    0    1    0  
   0    1    5    0    2    0    4    0    3    0  
   0    2    3    4    1    0    0    5    0    0  
   4    5    0    0    0    2    1    3    0    0  
   4    0    5    0    1    0    3    0    2    0  
   2    0    3    4    1    0    0    5    0    0  
   3    0    0    1    4    0    2    0    0    5  
   0    3    0    1    4    2    0    5    0    0  
   5    0    3    0    0    4    0    1    0    2  
   2    0    0    4    3    0    0    1    5    0  
   3    5    0    1    0    4    0    0    2    0  
   0    1    4    5    3    0    0    0    2    0  
   3    0    0    0    2    4    1    0    5    0  
   0    0    1    0    3    4    2    0    0    5  
   3    2    0    0    0    0    4    0    5    1  
   5    0    0    0    0    2    4    0    3    1  
   1    5    3    0    0    2    4    0    0    0  
   0    0    0    3    0    4    2    5    1    0  
   1    0    4    5    2    0    0    3    0    0  
   5    0    0    2    1    3    0    0    0    4  
   0    3    0    2    0    5    4    1    0    0  
   2    3    1    0    0    0    4    0    5    0  
   0    0    1    2    3    0    5    0    0    4  
   0    0    3    1    0    0    5    2    0    4  ] 
RESERVATION PRICES : [    5    5    5    6    6    0    0    0    0    0  
   0    0    0   13   10   10    0   12   11    0  
   0    0   10   13   11    0   13   11    0    0  
   0    0   12    0    0   10   12   13   11    0  
  14    0   18    0   18   17   16    0    0    0  
   0    0   15   16    0   16   14    0    0   17  
  20    0   19    0   16    0   19    0    0   19  
   0   22   26   28    0   24    0    0   24    0  
   0   24    0    0   27   21    0   28    0   25  
   0   31    0   29    0    0   26   28    0   29  
   0    0    0   37   32   36    0   36    0   30  
   0   34   34   35    0    0    0   37    0   28  
  30    0    0   27   28    0   33   30    0    0  
   0    0    0   37   34    0   38   32    0   36  
   0   39    0   45    0   40   40    0   35    0  
   0    0    0   43   42   37    0   38   35    0  
   0   35    0   39   42    0    0   35    0   39  
   0   40   40    0    0   48   43    0   38    0  
  54    0   44    0    0   41   40    0    0   54  
  55   44    0    0   42    0    0   46   49    0  
   0    0    0   45   60    0   60   46    0   60  
  61    0    0   61    0   54   52   59    0    0  
  56   61    0    0    0    0    0   65   68   55  
  73    0    0   59    0   70   59    0   54    0  
   0   56    0   76   68   58   74    0    0    0  
   0   77    0   64   63    0    0   77   66    0  
  69   70   65    0    0   75    0   74    0    0  
  94    0   85   69    0   75    0    0   87    0  
  80   92    0   80    0    0   70    0   81    0  
   0    0    0   92  100  102    0    0   97   86  
   0    0    0  104   77  103   85   98    0    0  
   0   91    0    0    0   81    0   86   93   79  
  88   90    0   82    0    0   92    0   87    0  
  85  111    0    0  108    0  106  107    0    0  
   0  105   90    0  113   83   94    0    0    0  
   0   95    0   98    0   99   99    0    0  111  
   0   87  115  106  116    0  114    0    0    0  
   0   92    0    0  102   95   95   92    0    0  
 107    0  106  104    0    0  113    0    0  111  
   0  100   98  110    0  104    0    0  114    0  
   0  107    0  104    0  117  121    0  123    0  
 139    0    0  111    0    0  127  113  115    0  
 127    0    0    0    0  125  114  125  118    0  
 119    0    0  152    0    0  124  118  122    0  
 113  129    0    0  130  114    0    0    0  113  
   0  141    0  157  125  131    0    0  118    0  
   0    0  141  120    0  131  142  155    0    0  
 143  123    0  152    0    0    0    0  151  166  
 153  149    0    0  129  167  158    0    0    0  
 130  150    0    0    0  137  149  152    0    0  
   0    0  157    0  137  138  180  174    0    0  
 161  132  145    0    0  183  178    0    0    0  
   0  174    0  150    0  145  147    0  139    0  
 153  168    0    0  170  162    0  155    0    0  
 196    0    0  178  143    0  152    0    0  176  
 159  169  151  151    0  190    0    0    0    0  
   0  168  148  154  151    0    0    0  185    0  
   0  182    0  160    0    0  170  170  152    0  
 168  163    0    0  157  171    0    0  200    0  
 172    0    0  167    0    0    0  208  193  201  
   0  218  202    0  173  206    0    0    0  223  
 190  201    0    0  198    0    0    0  176  198  
 221    0    0  223  184    0  191    0  196    0  
 176    0    0    0    0    0  196  231  172  224  
   0  204    0  203  182    0    0    0  175  180  
 177    0    0    0  231  200  214  212    0    0  
 233  180  174  190    0    0    0    0  178    0  
   0  248  206  224  189    0    0  207    0    0  
 231  204    0  209    0  209  235    0    0    0  
 249    0    0    0  188  203    0  210    0  213  
   0    0    0    0  256  244  258    0  242  227  
 204    0  248    0    0  246  221    0    0  237  
   0  246    0  213  198    0  243  230    0    0  
 269  254    0  216    0  247    0  239    0    0  
 269    0    0    0  233  246  256  212    0    0  
   0    0  216  254  259  273    0    0    0  231  
 217    0    0  239    0    0  222    0  227  212  
   0  241  244  282  246    0  257    0    0    0  
   0    0  276  229  257  257    0    0  234    0  
 261  254    0    0  224    0    0  251  280    0  
   0  226    0  248  266    0    0    0  223  272  
 260    0  292  288    0    0  230    0    0  249  
 266    0    0    0  302  290    0  234    0  286  
 243  219    0    0  274    0    0  273  246    0  
   0    0    0  253    0    0  310  279  267  258  
   0    0    0  245  295  275    0  226    0  285  
 300    0    0  313    0    0    0  269  286  272  
 278  311    0    0    0    0  235    0  253  293  
 287    0  310    0    0  245    0  235    0  316  
 287    0    0  246  305    0    0    0  325  268  
   0    0  340    0    0    0  288  308  270  328  
   0  255    0    0  341  282  284    0    0  326  
 299    0    0  259  285    0  287    0  283    0  
 307    0    0    0  320  338    0    0  310  289  
 256  277  329  353  338    0    0    0    0    0  
 297    0    0    0  278  326    0  292  284    0  
 323    0  280    0  342    0    0  340    0  337  
   0  302    0  302  330  317    0  325    0    0  
   0    0    0  352    0  327  265  295    0  271  
   0    0  365  263  307  348    0  367    0    0  
   0    0  279    0    0  289    0  370  363  288  
   0  353  360  273  279    0    0    0  300    0  
   0    0    0    0  282  359  292  311    0  379  
   0    0  367  329    0  336  333    0  344    0  
   0    0  371  281    0  305    0    0  385  358  
 343    0    0  372  306  281    0    0    0  300  
 345  349    0    0  349  306    0  356    0    0  
   0  382  379  383    0    0    0  301    0  350  
 333  345    0    0    0    0  324  386  365    0  
   0  367    0  391  365    0    0    0  408  352  
 299    0    0  321  385    0    0  339    0  333  
   0  404  341  350    0    0    0  400  334    0  
 390  364  425    0    0    0    0  365    0  373  
   0  328  423    0  400  328    0  322    0    0  
   0    0  346    0  330    0  397  417    0  355  
   0  369  338    0    0    0  330    0  384  415  
 373  431    0  424    0    0  329    0  390    0  
 361  416    0  395  440    0    0    0  389    0  
 397  433  332    0    0  409    0    0    0  347  
 428    0    0  426  393    0  347    0    0  370  
   0    0    0    0  374    0  337  366  352  382  
   0    0    0  413  352    0    0  399  413  407  
 460  331    0  368  443    0    0    0    0  428  
   0  346  395    0    0  358    0  373  427    0  
 346  418  370    0  406    0    0    0    0  359  
   0    0  371    0  396  447    0  338  429    0  
 422    0  412  457    0  426    0    0  372    0  
   0  357  439    0  379    0  422    0  421    0  
   0  345  449  441  414    0    0  355    0    0  
 376  387    0    0    0  466  380  348    0    0  
 451    0  482    0  360    0  394    0  436    0  
 434    0  442  463  477    0    0  420    0    0  
 394    0    0  416  381    0  398    0    0  386  
   0  441    0  441  382  397    0  377    0    0  
 491    0  469    0    0  434    0  472    0  380  
 500    0    0  429  423    0    0  366  398    0  
 435  501    0  449    0  392    0    0  423    0  
   0  403  460  446  452    0    0    0  505    0  
 507    0    0    0  471  438  452    0  511    0  
   0    0  438    0  486  459  522    0    0  406  
 494  531    0    0    0    0  494    0  463  483  
 516    0    0    0    0  483  414    0  401  530  
 457  426  500    0    0  416  482    0    0    0  
   0    0    0  524    0  436  394  472  446    0  
 402    0  550  529  411    0    0  432    0    0  
 419    0    0  533  534  501    0    0    0  441  
   0  521    0  406    0  446  528  430    0    0  
 493  430  548    0    0    0  549    0  528    0  
   0    0  539  407  510    0  559    0    0  516  
   0    0  446  550    0    0  418  414    0  555  ] 
 ] 
