K : 150
I : 5
C : 15
INSTANCE : 4
PREFERENCES : [    0    1    0    3    2  
   2    0    1    3    0  
   1    2    0    3    0  
   2    1    3    0    0  
   3    0    0    1    2  
   2    1    0    3    0  
   3    0    2    0    1  
   0    3    1    0    2  
   2    3    0    0    1  
   2    3    1    0    0  
   0    0    1    3    2  
   2    1    0    3    0  
   2    3    0    0    1  
   0    2    0    3    1  
   2    0    0    3    1  
   1    0    2    3    0  
   0    2    0    1    3  
   1    3    2    0    0  
   2    0    0    3    1  
   0    1    0    2    3  
   2    1    0    0    3  
   1    2    3    0    0  
   0    3    0    1    2  
   1    0    2    3    0  
   0    1    3    0    2  
   3    2    0    1    0  
   1    2    0    0    3  
   2    0    3    1    0  
   1    3    0    2    0  
   0    2    1    3    0  
   3    1    0    0    2  
   0    0    1    3    2  
   0    0    3    2    1  
   1    2    3    0    0  
   3    0    0    1    2  
   2    3    1    0    0  
   2    3    0    1    0  
   3    0    2    0    1  
   2    0    1    3    0  
   0    1    0    2    3  
   0    0    1    2    3  
   2    1    0    3    0  
   3    1    0    0    2  
   3    1    2    0    0  
   1    2    0    3    0  
   1    0    3    0    2  
   3    0    1    0    2  
   1    0    2    0    3  
   1    3    0    2    0  
   1    0    3    2    0  
   0    2    1    0    3  
   1    3    2    0    0  
   0    3    2    0    1  
   0    0    3    2    1  
   0    0    3    2    1  
   0    0    1    3    2  
   0    1    3    0    2  
   3    1    0    0    2  
   0    3    0    2    1  
   2    1    0    0    3  
   2    0    1    0    3  
   1    0    2    3    0  
   1    3    0    2    0  
   0    2    0    3    1  
   0    0    2    1    3  
   3    2    1    0    0  
   0    2    3    1    0  
   3    0    0    1    2  
   3    0    2    1    0  
   0    2    0    3    1  
   0    1    0    2    3  
   3    1    2    0    0  
   0    3    2    1    0  
   1    0    0    3    2  
   3    0    1    0    2  
   3    0    0    2    1  
   0    0    3    2    1  
   3    0    0    1    2  
   3    0    1    0    2  
   0    1    0    3    2  
   3    0    1    0    2  
   2    0    0    1    3  
   0    1    2    0    3  
   0    2    0    1    3  
   0    3    1    0    2  
   3    2    0    1    0  
   0    2    1    0    3  
   0    0    2    3    1  
   0    2    0    3    1  
   0    1    2    0    3  
   0    2    1    3    0  
   2    3    0    1    0  
   1    0    0    2    3  
   1    3    0    2    0  
   3    1    0    0    2  
   2    0    1    0    3  
   0    1    3    2    0  
   1    3    0    2    0  
   3    0    1    0    2  
   2    1    0    0    3  
   0    3    0    2    1  
   2    3    0    1    0  
   2    1    0    3    0  
   0    0    1    2    3  
   0    0    2    3    1  
   2    1    0    3    0  
   0    2    1    3    0  
   1    2    0    0    3  
   0    3    2    0    1  
   3    2    1    0    0  
   3    1    0    2    0  
   0    3    1    2    0  
   0    1    3    2    0  
   1    2    3    0    0  
   1    2    3    0    0  
   2    1    0    0    3  
   3    1    0    2    0  
   0    3    0    2    1  
   3    0    0    1    2  
   0    0    1    2    3  
   1    2    0    3    0  
   1    0    0    3    2  
   3    0    0    2    1  
   1    2    0    0    3  
   3    0    0    2    1  
   0    0    2    3    1  
   0    3    2    1    0  
   0    3    1    0    2  
   1    0    3    0    2  
   2    3    0    0    1  
   0    1    2    0    3  
   0    2    3    1    0  
   0    1    2    0    3  
   0    0    2    1    3  
   1    0    0    3    2  
   2    0    1    0    3  
   3    0    2    1    0  
   1    2    0    3    0  
   3    2    0    0    1  
   0    1    2    3    0  
   3    2    0    1    0  
   2    0    1    3    0  
   1    0    2    0    3  
   0    3    0    1    2  
   2    3    1    0    0  
   2    1    3    0    0  
   0    1    0    2    3  
   0    1    2    0    3  
   0    2    3    1    0  
   0    2    3    1    0  ] 
RESERVATION PRICES : [    0   10    0    9    9  
   8    0    8    8    0  
  11    9    0    9    0  
  15   17   18    0    0  
  21    0    0   19   18  
  28   21    0   26    0  
  25    0   24    0   31  
   0   28   26    0   27  
  34   27    0    0   26  
  38   31   37    0    0  
   0    0   38   41   41  
  41   46    0   45    0  
  52   46    0    0   53  
   0   58    0   54   60  
  61    0    0   47   62  
  52    0   65   61    0  
   0   61    0   72   59  
  67   66   72    0    0  
  61    0    0   75   76  
   0   69    0   81   78  
  78   86    0    0   82  
  78   67   65    0    0  
   0   74    0   74   79  
  91    0   87   81    0  
   0   82   75    0   74  
  94   74    0  102    0  
  93   83    0    0   85  
 101    0   84   98    0  
  88  105    0   90    0  
   0   88  105   95    0  
  91  121    0    0  107  
   0    0   94   95  111  
   0    0  102  122  118  
 110  101  121    0    0  
 114    0    0  123  140  
 131  112  134    0    0  
 131  124    0  132    0  
 121    0  129    0  150  
 152    0  135  121    0  
   0  161    0  132  126  
   0    0  119  123  133  
 150  124    0  125    0  
 128  145    0    0  129  
 170  139  133    0    0  
 136  175    0  146    0  
 181    0  150    0  159  
 136    0  144    0  142  
 156    0  146    0  168  
 189  141    0  174    0  
 153    0  160  171    0  
   0  200  149    0  162  
 165  185  167    0    0  
   0  193  200    0  178  
   0    0  216  201  180  
   0    0  199  167  173  
   0    0  199  177  198  
   0  180  218    0  182  
 201  201    0    0  214  
   0  218    0  179  185  
 203  190    0    0  199  
 193    0  184    0  226  
 190    0  205  203    0  
 183  188    0  213    0  
   0  187    0  233  229  
   0    0  223  218  191  
 217  193  195    0    0  
   0  209  233  255    0  
 217    0    0  191  228  
 238    0  228  265    0  
   0  234    0  221  244  
   0  249    0  213  218  
 251  235  240    0    0  
   0  261  230  227    0  
 277    0    0  235  251  
 219    0  216    0  222  
 244    0    0  247  279  
   0    0  277  259  212  
 279    0    0  258  299  
 285    0  298    0  295  
   0  297    0  298  295  
 297    0  249    0  252  
 280    0    0  241  281  
   0  249  286    0  317  
   0  240    0  302  257  
   0  297  266    0  300  
 255  306    0  309    0  
   0  313  275    0  291  
   0    0  291  284  335  
   0  264    0  284  321  
   0  260  264    0  318  
   0  334  344  303    0  
 307  293    0  331    0  
 259    0    0  297  314  
 309  362    0  335    0  
 272  261    0    0  336  
 267    0  286    0  362  
   0  304  288  337    0  
 355  330    0  316    0  
 310    0  343    0  281  
 317  353    0    0  346  
   0  310    0  291  370  
 348  384    0  287    0  
 311  393    0  369    0  
   0    0  394  354  326  
   0    0  378  380  400  
 398  365    0  353    0  
   0  400  385  378    0  
 405  406    0    0  371  
   0  388  301    0  385  
 417  352  328    0    0  
 321  371    0  316    0  
   0  349  406  354    0  
   0  384  423  361    0  
 407  391  373    0    0  
 358  344  387    0    0  
 406  403    0    0  384  
 359  358    0  411    0  
   0  399    0  409  438  
 426    0    0  428  435  
   0    0  370  393  451  
 438  387    0  458    0  
 352    0    0  410  343  
 352    0    0  451  444  
 384  358    0    0  371  
 458    0    0  399  383  
   0    0  453  435  442  
   0  358  382  389    0  
   0  425  369    0  378  
 411    0  355    0  470  
 467  467    0    0  401  
   0  374  394    0  495  
   0  462  487  425    0  
   0  492  372    0  454  
   0    0  502  478  391  
 417    0    0  459  432  
 499    0  441    0  396  
 456    0  432  443    0  
 379  418    0  503    0  
 453  383    0    0  408  
   0  504  414  444    0  
 446  515    0  502    0  
 398    0  537  537    0  
 515    0  455    0  477  
   0  415    0  415  458  
 482  394  410    0    0  
 481  554  444    0    0  
   0  467    0  461  498  
   0  428  425    0  468  
   0  472  546  486    0  
   0  502  541  427    0  ] 
 ] 
