K : 75
I : 10
C : 15
INSTANCE : 3
PREFERENCES : [    1    3    0    2    4    0    0    5    0    0  
   0    0    5    3    0    0    1    4    0    2  
   0    0    0    0    0    3    4    2    5    1  
   4    2    0    0    5    0    0    1    0    3  
   0    0    5    3    4    0    2    0    1    0  
   0    0    0    2    3    4    1    5    0    0  
   1    0    0    0    4    2    0    0    3    5  
   0    0    0    0    1    4    0    2    3    5  
   0    5    4    0    2    0    0    0    3    1  
   1    0    0    3    2    5    0    0    0    4  
   0    5    3    4    0    2    0    0    1    0  
   0    4    1    0    0    0    0    5    3    2  
   2    4    0    1    0    0    5    0    3    0  
   5    0    0    1    0    3    2    4    0    0  
   0    0    2    0    4    0    0    5    3    1  
   0    2    0    1    0    0    3    0    5    4  
   0    5    0    0    0    3    2    4    0    1  
   4    0    2    0    3    0    0    5    1    0  
   4    0    1    0    0    0    2    0    5    3  
   0    4    2    3    0    0    0    1    0    5  
   3    0    0    1    0    5    4    0    2    0  
   2    5    4    0    1    0    0    0    3    0  
   0    0    0    4    0    2    0    3    1    5  
   0    4    0    5    2    1    3    0    0    0  
   0    0    1    4    0    0    5    3    2    0  
   3    0    4    0    0    5    0    1    0    2  
   2    1    0    0    0    0    3    4    0    5  
   4    2    0    1    3    0    5    0    0    0  
   5    1    4    2    0    0    0    0    3    0  
   0    1    0    0    2    0    0    4    5    3  
   4    0    0    5    3    0    0    1    0    2  
   0    4    1    2    5    0    0    0    0    3  
   0    0    5    3    0    4    1    2    0    0  
   0    0    1    5    4    0    0    0    3    2  
   5    0    1    2    4    0    0    0    3    0  
   2    0    0    0    0    1    4    0    5    3  
   0    0    5    0    0    0    2    4    1    3  
   0    0    0    4    5    2    1    0    0    3  
   5    0    3    0    2    0    0    1    0    4  
   0    3    0    4    0    0    0    2    5    1  
   0    4    0    2    0    1    0    5    3    0  
   4    5    3    0    0    0    1    2    0    0  
   0    0    3    0    2    4    1    0    5    0  
   0    2    1    4    5    0    0    0    0    3  
   0    3    0    0    4    0    0    1    2    5  
   0    3    0    0    0    2    1    0    5    4  
   5    0    1    4    0    0    3    0    2    0  
   5    4    0    0    2    0    3    1    0    0  
   5    2    0    0    1    0    0    0    4    3  
   1    2    0    5    0    0    0    0    3    4  
   0    1    3    2    0    0    0    0    4    5  
   5    4    3    2    0    0    0    0    0    1  
   5    1    2    0    4    0    3    0    0    0  
   0    3    4    0    0    2    0    5    0    1  
   3    4    0    0    5    0    1    2    0    0  
   2    4    0    0    0    3    1    0    0    5  
   3    0    0    5    0    4    0    0    2    1  
   0    5    0    4    2    1    0    3    0    0  
   0    5    0    4    1    3    0    0    0    2  
   0    4    5    0    3    0    0    1    0    2  
   5    0    0    0    3    2    4    1    0    0  
   0    0    1    4    0    0    0    3    5    2  
   0    0    3    5    0    1    0    4    2    0  
   1    0    5    0    4    3    0    0    0    2  
   0    1    0    4    0    5    2    0    3    0  
   0    2    4    0    5    3    0    1    0    0  
   0    2    0    0    1    0    4    5    0    3  
   0    0    0    0    2    1    3    0    5    4  
   1    2    0    3    4    0    0    0    0    5  
   3    5    0    4    0    0    1    2    0    0  
   0    2    1    0    0    4    0    3    5    0  
   1    0    4    2    3    0    0    0    5    0  
   3    0    1    5    0    0    4    0    2    0  
   0    1    0    4    5    0    2    3    0    0  
   0    0    2    0    4    3    5    0    0    1  ] 
RESERVATION PRICES : [    8    8    0    8    8    0    0    9    0    0  
   0    0   13   14    0    0   11   12    0   12  
   0    0    0    0    0   13   14   13   12   12  
  19   19    0    0   16    0    0   18    0   15  
   0    0   24   22   24    0   22    0   24    0  
   0    0    0   21   22   23   18   20    0    0  
  24    0    0    0   27   26    0    0   21   23  
   0    0    0    0   24   24    0   23   30   29  
   0   32   27    0   34    0    0    0   36   32  
  34    0    0   34   31   35    0    0    0   31  
   0   29   29   32    0   31    0    0   31    0  
   0   34   42    0    0    0    0   44   37   45  
  40   45    0   37    0    0   47    0   48    0  
  48    0    0   54    0   40   46   54    0    0  
   0    0   45    0   47    0    0   53   46   46  
   0   48    0   59    0    0   50    0   64   50  
   0   68    0    0    0   57   49   64    0   62  
  67    0   73    0   60    0    0   54   67    0  
  62    0   70    0    0    0   65    0   66   76  
   0   78   76   77    0    0    0   70    0   73  
  82    0    0   79    0   73   73    0   65    0  
  84   79   68    0   72    0    0    0   61    0  
   0    0    0   76    0   76    0   72   87   78  
   0   68    0   81   86   73   75    0    0    0  
   0    0   93   73    0    0   92   85   95    0  
  76    0  100    0    0   93    0   85    0   81  
  99   82    0    0    0    0   80  101    0  103  
 102   96    0  100  101    0  105    0    0    0  
  92   91  105   96    0    0    0    0  101    0  
   0  101    0    0  120    0    0   99  121   88  
 106    0    0  107  119    0    0  119    0  107  
   0   92  108  110  122    0    0    0    0  126  
   0    0  114   96    0  108  106  117    0    0  
   0    0  122  119  106    0    0    0  121  126  
 124    0  137  127  122    0    0    0  138    0  
 125    0    0    0    0  109  113    0  105  114  
   0    0  130    0    0    0  137  146  124  132  
   0    0    0  115  152  153  110    0    0  115  
 131    0  142    0  128    0    0  146    0  116  
   0  163    0  133    0    0    0  147  133  162  
   0  131    0  141    0  143    0  159  125    0  
 144  164  145    0    0    0  169  125    0    0  
   0    0  157    0  166  144  175    0  166    0  
   0  146  129  157  148    0    0    0    0  147  
   0  141    0    0  154    0    0  178  154  177  
   0  144    0    0    0  173  170    0  188  139  
 144    0  149  178    0    0  182    0  154    0  
 166  148    0    0  150    0  177  193    0    0  
 144  169    0    0  195    0    0    0  149  187  
 150  198    0  152    0    0    0    0  158  170  
   0  167  166  202    0    0    0    0  182  154  
 194  190  151  158    0    0    0    0    0  156  
 200  183  179    0  166    0  150    0    0    0  
   0  165  193    0    0  204    0  172    0  175  
 167  204    0    0  165    0  166  193    0    0  
 214  196    0    0    0  212  176    0    0  205  
 223    0    0  200    0  200    0    0  191  211  
   0  201    0  189  185  213    0  193    0    0  
   0  198    0  179  208  199    0    0    0  190  
   0  223  176    0  233    0    0  211    0  204  
 185    0    0    0  194  227  189  186    0    0  
   0    0  173  194    0    0    0  224  226  188  
   0    0  201  202    0  185    0  209  201    0  
 244    0  179    0  240  210    0    0    0  185  
   0  242    0  188    0  233  238    0  194    0  
   0  188  191    0  194  234    0  247    0    0  
   0  205    0    0  221    0  254  235    0  210  
   0    0    0    0  216  233  194    0  211  250  
 247  259    0  225  202    0    0    0    0  211  
 199  265    0  236    0    0  251  243    0    0  
   0  214  216    0    0  214    0  227  220    0  
 270    0  253  270  268    0    0    0  256    0  
 203    0  218  223    0    0  250    0  257    0  
   0  244    0  231  252    0  237  268    0    0  
   0    0  262    0  230  236  244    0    0  278  ] 
 ] 
