K : 50
I : 10
C : 8
INSTANCE : 3
PREFERENCES : [    0    0    0    1    2    5    0    0    4    3  
   5    1    3    0    2    0    4    0    0    0  
   0    3    4    0    0    0    2    5    1    0  
   4    0    1    0    3    0    0    5    0    2  
   2    4    0    0    0    0    5    3    0    1  
   0    0    5    1    0    0    3    4    2    0  
   0    3    1    0    2    5    4    0    0    0  
   0    1    0    5    0    4    3    2    0    0  
   5    1    0    2    0    3    0    0    0    4  
   0    1    2    0    3    0    0    4    0    5  
   0    3    0    5    4    0    1    0    2    0  
   2    0    0    5    0    1    3    4    0    0  
   0    0    0    0    5    0    3    2    4    1  
   0    0    3    0    4    0    2    1    0    5  
   3    0    0    2    4    0    0    1    5    0  
   1    0    4    0    3    5    0    2    0    0  
   4    5    3    0    0    0    1    0    0    2  
   1    2    5    0    0    3    0    0    0    4  
   3    4    5    2    1    0    0    0    0    0  
   0    0    0    0    4    5    3    1    0    2  
   1    0    0    0    4    3    0    0    5    2  
   5    0    1    3    0    0    4    0    2    0  
   0    2    5    3    1    0    0    0    4    0  
   4    5    0    1    0    3    0    0    2    0  
   0    1    0    3    0    0    4    2    5    0  
   0    0    5    1    3    2    0    4    0    0  
   2    3    0    0    4    0    0    1    0    5  
   0    0    0    2    4    0    1    3    0    5  
   3    0    0    0    0    1    2    0    5    4  
   3    4    5    0    1    2    0    0    0    0  
   0    1    0    0    2    5    4    0    0    3  
   0    3    0    0    2    0    4    5    0    1  
   5    4    1    0    0    2    0    3    0    0  
   0    0    2    1    4    3    0    0    0    5  
   0    0    1    5    0    0    0    3    4    2  
   0    0    0    5    1    4    2    0    0    3  
   2    4    0    0    1    5    0    0    3    0  
   4    0    1    3    0    0    2    0    5    0  
   2    5    0    0    4    1    3    0    0    0  
   3    0    5    1    0    0    0    0    2    4  
   0    2    0    0    3    0    1    0    4    5  
   4    2    1    3    5    0    0    0    0    0  
   3    0    0    0    1    0    4    5    0    2  
   2    5    0    1    0    3    0    0    0    4  
   2    0    0    0    0    3    0    5    4    1  
   3    0    0    2    4    0    0    0    5    1  
   2    5    4    1    0    0    3    0    0    0  
   0    0    0    0    0    5    3    4    1    2  
   0    0    0    3    1    4    2    0    5    0  
   0    4    3    5    0    2    0    0    1    0  ] 
RESERVATION PRICES : [    0    0    0    8    7    8    0    0    7    7  
   9    9   11    0   10    0   11    0    0    0  
   0   12   11    0    0    0    9   11   12    0  
  17    0   16    0   14    0    0   14    0   17  
  19   16    0    0    0    0   17   19    0   17  
   0    0   25   24    0    0   20   23   23    0  
   0   29   27    0   31   27   27    0    0    0  
   0   31    0   31    0   37   30   28    0    0  
  29   35    0   37    0   34    0    0    0   29  
   0   36   43    0   38    0    0   43    0   42  
   0   37    0   42   42    0   44    0   51    0  
  37    0    0   42    0   47   37   51    0    0  
   0    0    0    0   42    0   53   42   42   49  
   0    0   51    0   41    0   54   46    0   50  
  45    0    0   46   52    0    0   46   48    0  
  59    0   51    0   61   65    0   57    0    0  
  54   60   63    0    0    0   65    0    0   60  
  66   68   63    0    0   63    0    0    0   65  
  59   62   70   64   63    0    0    0    0    0  
   0    0    0    0   66   62   64   68    0   75  
  71    0    0    0   72   65    0    0   86   70  
  80    0   93   88    0    0   76    0   89    0  
   0   81   70   86   95    0    0    0   81    0  
  87   82    0   86    0  102    0    0  101    0  
   0  102    0   80    0    0   94   91  100    0  
   0    0  100   82   78   97    0   83    0    0  
 100   89    0    0   86    0    0   89    0   82  
   0    0    0  108  113    0  112  105    0   86  
  89    0    0    0    0  105  122    0  114   91  
 117  113  116    0  101   90    0    0    0    0  
   0   97    0    0  104  107  120    0    0   95  
   0  108    0    0  104    0  110  123    0  121  
 110  122  120    0    0  120    0  100    0    0  
   0    0  120  138  133  121    0    0    0  133  
   0    0  115  104    0    0    0  117  114  120  
   0    0    0  103  123  108  115    0    0  114  
 132  134    0    0  141  127    0    0  125    0  
 109    0  135  145    0    0  137    0  118    0  
 133  131    0    0  149  114  129    0    0    0  
 149    0  132  121    0    0    0    0  143  157  
   0  152    0    0  161    0  165    0  137  129  
 152  129  152  151  154    0    0    0    0    0  
 165    0    0    0  168    0  159  129    0  140  
 137  157    0  139    0  165    0    0    0  143  
 147    0    0    0    0  151    0  143  178  143  
 144    0    0  137  149    0    0    0  182  131  
 173  154  133  170    0    0  140    0    0    0  
   0    0    0    0    0  183  179  133  138  149  
   0    0    0  154  141  179  187    0  149    0  
   0  164  184  166    0  149    0    0  139    0  ] 
 ] 
