K : 100
I : 15
C : 20
INSTANCE : 2
PREFERENCES : [    3    0    0    0    0    1    4    0    0    0    2    5    0    0    0  
   5    2    3    0    1    0    0    0    0    0    0    0    4    0    0  
   0    3    0    0    0    0    4    0    5    0    0    0    0    2    1  
   1    0    5    0    0    0    4    0    0    0    0    3    0    2    0  
   1    5    0    3    0    0    2    0    0    0    4    0    0    0    0  
   0    0    0    0    2    3    0    0    5    0    0    1    4    0    0  
   5    0    0    2    0    0    0    0    4    3    0    0    0    1    0  
   0    3    0    4    0    2    0    0    0    0    1    5    0    0    0  
   4    0    3    2    0    1    0    0    5    0    0    0    0    0    0  
   0    0    3    0    0    0    1    0    0    5    0    0    0    2    4  
   0    0    4    0    0    0    0    2    5    0    0    0    0    1    3  
   0    3    4    0    0    0    0    2    5    0    0    0    1    0    0  
   0    0    1    0    0    4    5    0    0    0    0    0    0    2    3  
   0    4    5    3    2    0    0    0    0    0    0    1    0    0    0  
   1    0    0    0    0    0    0    2    0    0    0    3    5    0    4  
   0    0    0    5    1    4    0    0    0    0    0    3    0    0    2  
   5    0    0    0    0    2    0    4    1    0    0    0    0    0    3  
   0    0    0    2    0    0    0    5    0    4    0    1    3    0    0  
   2    0    3    0    0    0    0    0    0    1    5    4    0    0    0  
   0    0    4    0    0    1    0    2    0    0    0    0    3    5    0  
   0    5    0    0    0    0    3    0    4    1    0    0    2    0    0  
   0    0    0    0    1    0    0    0    0    0    3    2    4    0    5  
   0    0    5    0    0    0    0    1    2    0    4    0    0    3    0  
   0    3    0    0    0    4    0    0    0    1    2    5    0    0    0  
   5    0    1    0    2    0    3    0    0    0    0    0    0    0    4  
   0    0    0    0    3    5    0    0    4    2    1    0    0    0    0  
   0    5    1    0    0    0    0    3    0    0    0    0    0    4    2  
   3    0    0    0    1    0    0    0    5    2    0    0    4    0    0  
   0    0    0    0    2    4    5    0    0    0    0    0    0    1    3  
   3    0    0    2    0    0    1    0    4    0    0    0    0    5    0  
   0    0    0    0    2    4    1    0    0    0    0    0    5    0    3  
   0    0    0    1    3    0    0    0    0    4    5    0    2    0    0  
   0    3    0    0    0    0    0    0    1    0    2    4    0    0    5  
   4    0    0    0    0    0    0    2    0    0    0    1    3    0    5  
   0    0    2    0    0    3    1    5    0    4    0    0    0    0    0  
   0    3    0    0    0    0    1    0    0    0    4    0    0    2    5  
   0    0    0    5    1    0    0    2    4    0    0    0    3    0    0  
   0    0    0    3    0    0    0    0    0    5    0    2    1    4    0  
   0    4    0    0    0    0    0    1    0    2    3    0    5    0    0  
   0    3    0    1    0    0    2    0    5    0    0    0    4    0    0  
   0    0    0    2    5    4    0    0    0    3    0    0    1    0    0  
   0    0    3    0    0    1    0    2    0    0    5    4    0    0    0  
   0    0    2    4    0    0    0    3    1    0    0    5    0    0    0  
   0    0    3    0    0    0    1    0    0    5    0    2    0    0    4  
   0    0    0    4    0    1    3    0    0    0    0    2    0    0    5  
   3    0    0    0    0    2    5    1    0    0    0    0    0    4    0  
   0    0    4    0    3    0    0    0    0    2    0    0    5    1    0  
   3    1    0    0    0    0    0    0    5    2    0    0    0    0    4  
   0    4    3    0    0    0    5    0    0    0    0    0    0    2    1  
   0    0    0    0    0    1    0    0    0    3    0    2    4    5    0  
   0    0    0    0    0    4    0    0    1    3    5    0    0    2    0  
   0    4    0    0    0    2    5    1    0    0    0    0    3    0    0  
   0    4    0    0    0    0    1    3    0    0    5    2    0    0    0  
   0    5    0    0    4    2    1    0    0    0    0    0    0    3    0  
   0    0    1    0    3    2    0    0    4    0    0    0    0    5    0  
   1    0    0    0    0    0    2    0    0    5    3    0    0    0    4  
   0    0    0    1    0    0    0    0    0    0    3    0    2    4    5  
   0    0    0    0    2    0    0    5    0    1    0    0    3    4    0  
   2    4    0    0    0    0    0    5    0    1    0    0    3    0    0  
   0    0    0    1    0    0    0    0    3    0    0    2    0    5    4  
   0    0    0    1    0    3    0    0    4    2    5    0    0    0    0  
   1    0    4    2    0    0    0    0    0    0    0    0    3    5    0  
   0    0    0    0    3    1    0    0    0    0    2    4    5    0    0  
   2    5    0    3    4    0    1    0    0    0    0    0    0    0    0  
   0    3    1    5    2    4    0    0    0    0    0    0    0    0    0  
   3    0    0    0    2    5    0    0    1    0    4    0    0    0    0  
   0    0    0    2    1    0    0    0    0    0    3    0    5    4    0  
   0    0    1    0    3    0    0    0    2    0    5    0    0    0    4  
   0    0    0    3    2    1    0    5    4    0    0    0    0    0    0  
   0    0    0    0    4    5    0    0    0    1    0    0    0    3    2  
   1    2    0    4    0    0    0    0    0    0    0    0    3    5    0  
   0    0    5    0    0    0    0    0    3    4    1    0    0    2    0  
   0    0    1    5    0    0    0    2    3    0    0    0    0    4    0  
   0    0    3    0    2    0    0    1    0    0    0    4    0    5    0  
   0    0    0    2    1    0    0    5    4    0    0    0    0    0    3  
   5    0    0    0    0    0    1    0    3    4    2    0    0    0    0  
   0    5    0    0    4    3    0    0    2    0    1    0    0    0    0  
   0    2    0    3    0    5    0    0    0    4    1    0    0    0    0  
   0    0    0    0    0    2    0    3    0    1    0    0    4    5    0  
   0    5    1    3    4    0    0    0    0    0    2    0    0    0    0  
   0    0    0    4    0    3    5    0    1    0    0    2    0    0    0  
   0    0    0    0    0    0    0    0    4    3    2    5    1    0    0  
   0    1    0    0    0    0    0    5    0    4    0    2    0    0    3  
   2    0    0    1    0    0    5    3    0    4    0    0    0    0    0  
   4    0    0    2    0    5    1    0    0    0    0    3    0    0    0  
   0    1    2    0    5    0    0    0    3    0    0    0    0    4    0  
   0    0    0    3    0    0    0    0    0    1    0    4    2    5    0  
   5    0    1    0    0    2    0    0    0    0    0    4    0    3    0  
   0    5    2    0    0    4    0    0    1    3    0    0    0    0    0  
   2    0    0    4    0    0    0    0    0    0    1    3    0    5    0  
   0    0    4    0    0    1    0    0    0    2    0    0    3    5    0  
   0    0    3    0    0    5    0    0    0    0    0    4    0    2    1  
   0    0    2    0    1    0    0    5    4    0    0    0    3    0    0  
   3    0    0    0    0    0    0    1    4    0    0    2    0    0    5  
   2    3    0    0    0    0    5    0    4    0    0    1    0    0    0  
   0    0    1    5    0    0    0    0    0    2    0    0    3    4    0  
   0    0    3    0    0    0    0    5    0    0    2    0    0    1    4  
   0    3    0    0    4    0    0    1    2    0    0    0    5    0    0  
   4    0    3    0    0    0    0    2    1    5    0    0    0    0    0  
   0    0    5    1    0    0    0    4    0    0    0    0    3    2    0  ] 
RESERVATION PRICES : [    9    0    0    0    0    9   10    0    0    0   10    8    0    0    0  
  11    9   11    0   11    0    0    0    0    0    0    0    9    0    0  
   0   11    0    0    0    0    9    0   11    0    0    0    0   11   11  
  12    0   14    0    0    0   12    0    0    0    0   14    0   16    0  
  19   20    0   18    0    0   20    0    0    0   16    0    0    0    0  
   0    0    0    0   21   22    0    0   27    0    0   20   24    0    0  
  32    0    0   24    0    0    0    0   30   31    0    0    0   33    0  
   0   34    0   31    0   31    0    0    0    0   33   35    0    0    0  
  38    0   31   38    0   36    0    0   35    0    0    0    0    0    0  
   0    0   44    0    0    0   34    0    0   44    0    0    0   45   42  
   0    0   38    0    0    0    0   39   49    0    0    0    0   37   49  
   0   41   46    0    0    0    0   54   44    0    0    0   45    0    0  
   0    0   43    0    0   43   41    0    0    0    0    0    0   53   45  
   0   50   45   49   57    0    0    0    0    0    0   59    0    0    0  
  54    0    0    0    0    0    0   57    0    0    0   60   50    0   61  
   0    0    0   58   51   51    0    0    0    0    0   54    0    0   54  
  66    0    0    0    0   64    0   55   61    0    0    0    0    0   53  
   0    0    0   57    0    0    0   70    0   57    0   72   55    0    0  
  61    0   68    0    0    0    0    0    0   74   77   82    0    0    0  
   0    0   83    0    0   74    0   77    0    0    0    0   68   88    0  
   0   92    0    0    0    0   68    0   68   76    0    0   72    0    0  
   0    0    0    0   83    0    0    0    0    0   90   91   87    0   84  
   0    0   74    0    0    0    0   80   76    0   76    0    0   93    0  
   0   79    0    0    0   98    0    0    0   84   99  101    0    0    0  
  89    0   90    0   84    0  103    0    0    0    0    0    0    0   98  
   0    0    0    0   84   94    0    0   97   92   89    0    0    0    0  
   0   96  109    0    0    0    0   99    0    0    0    0    0   87   88  
  87    0    0    0  101    0    0    0   95  114    0    0  110    0    0  
   0    0    0    0  102  114   91    0    0    0    0    0    0   96   88  
  90    0    0  100    0    0  109    0  118    0    0    0    0  105    0  
   0    0    0    0  109   95  111    0    0    0    0    0  107    0  117  
   0    0    0  106  107    0    0    0    0  110   89    0  115    0    0  
   0  120    0    0    0    0    0    0  111    0  114  117    0    0  113  
 117    0    0    0    0    0    0   99    0    0    0  106  123    0  112  
   0    0  139    0    0  133  127  117    0  128    0    0    0    0    0  
   0  139    0    0    0    0  131    0    0    0  130    0    0  141  130  
   0    0    0  139  124    0    0  128  115    0    0    0  121    0    0  
   0    0    0  110    0    0    0    0    0  152    0  138  141  111    0  
   0  134    0    0    0    0    0  136    0  120  125    0  140    0    0  
   0  128    0  143    0    0  133    0  142    0    0    0  159    0    0  
   0    0    0  124  116  136    0    0    0  128    0    0  153    0    0  
   0    0  140    0    0  157    0  147    0    0  155  147    0    0    0  
   0    0  148  127    0    0    0  127  146    0    0  159    0    0    0  
   0    0  142    0    0    0  130    0    0  166    0  150    0    0  175  
   0    0    0  147    0  171  142    0    0    0    0  130    0    0  140  
 168    0    0    0    0  143  161  182    0    0    0    0    0  153    0  
   0    0  154    0  135    0    0    0    0  158    0    0  167  136    0  
 161  150    0    0    0    0    0    0  152  181    0    0    0    0  144  
   0  171  169    0    0    0  171    0    0    0    0    0    0  155  184  
   0    0    0    0    0  188    0    0    0  197    0  157  170  162    0  
   0    0    0    0    0  172    0    0  164  151  148    0    0  155    0  
   0  185    0    0    0  158  174  197    0    0    0    0  206    0    0  
   0  195    0    0    0    0  181  185    0    0  152  172    0    0    0  
   0  189    0    0  190  174  171    0    0    0    0    0    0  155    0  
   0    0  205    0  188  187    0    0  171    0    0    0    0  156    0  
 187    0    0    0    0    0  168    0    0  157  198    0    0    0  186  
   0    0    0  208    0    0    0    0    0    0  184    0  167  176  176  
   0    0    0    0  186    0    0  211    0  181    0    0  174  169    0  
 220  176    0    0    0    0    0  187    0  174    0    0  173    0    0  
   0    0    0  182    0    0    0    0  197    0    0  221    0  209  217  
   0    0    0  228    0  203    0    0  232  240  240    0    0    0    0  
 238    0  178  185    0    0    0    0    0    0    0    0  190  229    0  
   0    0    0    0  190  232    0    0    0    0  207  207  241    0    0  
 208  209    0  243  216    0  187    0    0    0    0    0    0    0    0  
   0  197  242  243  212  238    0    0    0    0    0    0    0    0    0  
 200    0    0    0  231  236    0    0  235    0  187    0    0    0    0  
   0    0    0  243  216    0    0    0    0    0  197    0  238  216    0  
   0    0  245    0  220    0    0    0  213    0  228    0    0    0  222  
   0    0    0  233  248  244    0  205  248    0    0    0    0    0    0  
   0    0    0    0  253  239    0    0    0  254    0    0    0  271  223  
 231  244    0  200    0    0    0    0    0    0    0    0  242  225    0  
   0    0  223    0    0    0    0    0  260  227  243    0    0  216    0  
   0    0  205  205    0    0    0  236  233    0    0    0    0  211    0  
   0    0  212    0  255    0    0  224    0    0    0  231    0  292    0  
   0    0    0  290  269    0    0  288  262    0    0    0    0    0  293  
 245    0    0    0    0    0  279    0  274  231  278    0    0    0    0  
   0  226    0    0  232  242    0    0  235    0  253    0    0    0    0  
   0  288    0  279    0  244    0    0    0  297  279    0    0    0    0  
   0    0    0    0    0  281    0  285    0  222    0    0  232  240    0  
   0  309  224  259  296    0    0    0    0    0  245    0    0    0    0  
   0    0    0  231    0  249  236    0  274    0    0  303    0    0    0  
   0    0    0    0    0    0    0    0  287  313  317  288  299    0    0  
   0  285    0    0    0    0    0  290    0  301    0  292    0    0  279  
 263    0    0  255    0    0  255  313    0  242    0    0    0    0    0  
 252    0    0  325    0  262  258    0    0    0    0  321    0    0    0  
   0  251  279    0  262    0    0    0  321    0    0    0    0  306    0  
   0    0    0  313    0    0    0    0    0  283    0  308  276  320    0  
 324    0  306    0    0  285    0    0    0    0    0  249    0  259    0  
   0  307  299    0    0  300    0    0  272  316    0    0    0    0    0  
 292    0    0  271    0    0    0    0    0    0  264  258    0  330    0  
   0    0  341    0    0  308    0    0    0  280    0    0  273  339    0  
   0    0  336    0    0  334    0    0    0    0    0  348    0  341  251  
   0    0  303    0  272    0    0  351  331    0    0    0  269    0    0  
 358    0    0    0    0    0    0  278  262    0    0  283    0    0  341  
 270  299    0    0    0    0  331    0  309    0    0  281    0    0    0  
   0    0  332  291    0    0    0    0    0  337    0    0  322  299    0  
   0    0  278    0    0    0    0  367    0    0  364    0    0  296  301  
   0  276    0    0  288    0    0  301  332    0    0    0  369    0    0  
 374    0  360    0    0    0    0  353  326  327    0    0    0    0    0  
   0    0  374  296    0    0    0  287    0    0    0    0  360  301    0  ] 
 ] 
