K : 50
I : 15
C : 2
INSTANCE : 1
PREFERENCES : [    4    0    0    0    1    0    0    0    0    0    0    0    3    5    2  
   3    0    0    0    2    0    5    0    0    0    1    4    0    0    0  
   2    3    0    0    5    0    0    4    0    1    0    0    0    0    0  
   0    0    5    4    2    0    0    0    0    0    0    0    3    0    1  
   1    0    0    0    0    0    0    0    3    4    0    0    2    5    0  
   0    0    0    0    0    0    2    3    1    0    0    4    0    0    5  
   0    4    5    0    0    2    0    0    3    0    0    0    0    0    1  
   0    0    0    5    0    0    0    4    0    1    0    3    0    0    2  
   1    0    0    0    2    3    0    0    0    0    0    0    4    5    0  
   0    4    0    0    5    0    0    1    0    0    0    0    3    2    0  
   0    5    0    3    4    0    0    0    0    0    0    1    0    2    0  
   0    0    0    0    1    0    4    5    2    0    0    0    0    0    3  
   0    0    0    5    0    0    0    3    0    4    2    1    0    0    0  
   0    0    0    0    0    4    0    5    2    0    0    0    3    0    1  
   3    0    2    0    0    4    0    0    0    0    5    1    0    0    0  
   1    0    2    3    0    5    0    0    4    0    0    0    0    0    0  
   0    0    0    2    4    0    0    3    0    0    0    5    0    1    0  
   0    0    0    0    0    5    4    3    0    0    0    1    0    0    2  
   0    0    0    2    0    0    0    3    0    4    0    1    5    0    0  
   3    4    0    0    0    1    0    0    2    0    5    0    0    0    0  
   0    0    5    0    0    3    0    0    4    1    0    0    2    0    0  
   4    0    1    5    0    0    0    2    0    0    0    0    0    0    3  
   0    0    2    0    0    0    1    0    0    4    5    0    3    0    0  
   0    2    5    0    0    0    0    1    3    0    0    0    4    0    0  
   0    0    0    2    0    4    0    0    0    5    0    0    0    1    3  
   0    3    2    0    0    1    4    0    5    0    0    0    0    0    0  
   0    0    0    4    0    0    3    0    0    1    0    0    5    2    0  
   4    0    1    0    0    0    0    0    0    5    3    0    0    2    0  
   0    0    2    4    5    0    1    0    0    0    3    0    0    0    0  
   0    0    1    0    0    0    5    0    0    0    4    0    2    0    3  
   0    0    0    0    0    0    2    0    3    5    4    0    0    1    0  
   0    4    0    0    0    5    0    0    0    3    2    0    0    1    0  
   0    5    3    2    0    0    1    0    0    0    0    0    0    4    0  
   3    5    2    0    0    0    4    0    1    0    0    0    0    0    0  
   0    5    0    3    0    1    0    2    0    0    0    0    0    0    4  
   0    0    0    0    1    4    0    2    3    0    0    0    0    0    5  
   0    0    0    4    2    0    0    5    0    1    0    0    0    3    0  
   5    3    0    0    0    0    0    0    0    4    0    2    0    0    1  
   1    0    2    3    0    0    0    0    0    5    0    0    0    0    4  
   0    3    0    0    5    0    2    1    0    4    0    0    0    0    0  
   0    3    0    0    0    5    0    0    4    0    1    0    0    2    0  
   3    0    4    0    5    0    0    2    0    1    0    0    0    0    0  
   0    0    0    0    0    1    2    5    0    4    0    0    0    3    0  
   0    3    0    0    5    1    0    0    0    2    0    0    0    4    0  
   0    5    0    0    0    0    0    1    3    0    4    0    2    0    0  
   3    5    2    0    0    0    0    0    0    0    4    1    0    0    0  
   1    0    0    3    0    0    0    2    0    4    0    0    0    0    5  
   0    0    0    0    2    0    4    0    0    0    5    0    3    1    0  
   0    1    0    0    0    0    0    0    5    3    4    0    2    0    0  
   0    0    2    5    0    0    0    0    0    0    0    0    1    4    3  ] 
RESERVATION PRICES : [    5    0    0    0    5    0    0    0    0    0    0    0    6    5    5  
  11    0    0    0   12    0   10    0    0    0   13   12    0    0    0  
  15   15    0    0   14    0    0   16    0   16    0    0    0    0    0  
   0    0   17   17   20    0    0    0    0    0    0    0   20    0   22  
  20    0    0    0    0    0    0    0   23   25    0    0   26   24    0  
   0    0    0    0    0    0   28   29   32    0    0   28    0    0   26  
   0   32   33    0    0   26    0    0   29    0    0    0    0    0   26  
   0    0    0   33    0    0    0   33    0   28    0   34    0    0   27  
  38    0    0    0   41   36    0    0    0    0    0    0   39   38    0  
   0   38    0    0   46    0    0   42    0    0    0    0   36   35    0  
   0   38    0   39   44    0    0    0    0    0    0   48    0   45    0  
   0    0    0    0   52    0   41   39   49    0    0    0    0    0   52  
   0    0    0   58    0    0    0   46    0   50   44   49    0    0    0  
   0    0    0    0    0   59    0   58   54    0    0    0   48    0   53  
  67    0   56    0    0   56    0    0    0    0   63   66    0    0    0  
  64    0   59   61    0   61    0    0   65    0    0    0    0    0    0  
   0    0    0   59   56    0    0   62    0    0    0   66    0   69    0  
   0    0    0    0    0   63   73   79    0    0    0   58    0    0   78  
   0    0    0   79    0    0    0   58    0   66    0   75   59    0    0  
  78   83    0    0    0   72    0    0   76    0   70    0    0    0    0  
   0    0   79    0    0   69    0    0   80   67    0    0   70    0    0  
  76    0   84   73    0    0    0   91    0    0    0    0    0    0   72  
   0    0   90    0    0    0   83    0    0   85   92    0   79    0    0  
   0   99   89    0    0    0    0   91   90    0    0    0   76    0    0  
   0    0    0   83    0   93    0    0    0   79    0    0    0   74   94  
   0   98   87    0    0   80   90    0   79    0    0    0    0    0    0  
   0    0    0  101    0    0  101    0    0   79    0    0   90   84    0  
 109    0   90    0    0    0    0    0    0   81   81    0    0   84    0  
   0    0   89  105   79    0   95    0    0    0   99    0    0    0    0  
   0    0  101    0    0    0  110    0    0    0   99    0   98    0  103  
   0    0    0    0    0    0  111    0  115   94  119    0    0  104    0  
   0  116    0    0    0  123    0    0    0  102  103    0    0   93    0  
   0  113  116  123    0    0  116    0    0    0    0    0    0  117    0  
 128  126  109    0    0    0  123    0  125    0    0    0    0    0    0  
   0  133    0  121    0  129    0  114    0    0    0    0    0    0  129  
   0    0    0    0  141  120    0  114  142    0    0    0    0    0  107  
   0    0    0  121  124    0    0  113    0  110    0    0    0  136    0  
 114  132    0    0    0    0    0    0    0  147    0  134    0    0  128  
 144    0  120  136    0    0    0    0    0  135    0    0    0    0  110  
   0  116    0    0  136    0  143  133    0  108    0    0    0    0    0  
   0  111    0    0    0  119    0    0  125    0  140    0    0  148    0  
 142    0  110    0  142    0    0  124    0  141    0    0    0    0    0  
   0    0    0    0    0  113  156  152    0  132    0    0    0  135    0  
   0  116    0    0  148  131    0    0    0  128    0    0    0  146    0  
   0  140    0    0    0    0    0  141  135    0  163    0  155    0    0  
 133  154  143    0    0    0    0    0    0    0  170  129    0    0    0  
 131    0    0  172    0    0    0  146    0  160    0    0    0    0  143  
   0    0    0    0  161    0  134    0    0    0  141    0  156  138    0  
   0  139    0    0    0    0    0    0  176  134  148    0  165    0    0  
   0    0  163  141    0    0    0    0    0    0    0    0  150  164  169  ] 
 ] 
