K : 100
I : 10
C : 4
INSTANCE : 1
PREFERENCES : [    4    3    0    5    0    0    0    1    0    2  
   0    4    2    1    5    3    0    0    0    0  
   0    2    0    4    0    1    0    5    3    0  
   0    2    0    5    4    0    1    0    3    0  
   1    2    4    0    0    3    0    0    5    0  
   0    4    5    2    3    0    0    0    1    0  
   0    4    0    0    0    2    5    3    1    0  
   3    5    2    0    4    0    0    0    1    0  
   5    0    0    4    2    0    0    1    0    3  
   0    2    1    5    0    0    0    3    4    0  
   0    3    5    2    4    0    0    0    1    0  
   3    0    2    4    0    1    0    0    5    0  
   4    1    3    0    5    2    0    0    0    0  
   0    5    3    0    2    0    0    1    0    4  
   0    5    1    0    0    0    4    2    3    0  
   3    0    5    4    0    1    2    0    0    0  
   3    2    0    0    4    0    5    0    0    1  
   0    0    4    5    0    0    3    1    0    2  
   0    0    5    3    0    4    0    2    0    1  
   5    0    2    0    3    0    1    0    0    4  
   0    3    0    0    1    0    2    5    0    4  
   2    0    0    5    0    1    4    0    0    3  
   2    0    5    0    3    0    4    1    0    0  
   2    3    0    0    0    0    4    1    0    5  
   0    0    2    0    5    0    4    0    1    3  
   4    3    0    0    5    0    0    1    0    2  
   0    0    0    1    3    0    5    0    2    4  
   0    0    0    2    5    0    0    3    4    1  
   0    0    0    0    5    1    0    2    4    3  
   0    0    2    0    1    3    5    4    0    0  
   0    5    1    0    3    2    0    4    0    0  
   1    0    0    4    5    3    0    0    2    0  
   0    1    2    3    0    5    0    0    4    0  
   1    0    5    3    0    0    0    4    0    2  
   4    1    0    2    0    3    0    5    0    0  
   4    1    0    0    2    3    0    0    5    0  
   2    0    0    0    5    3    1    0    0    4  
   4    1    0    0    5    3    0    0    2    0  
   0    2    5    0    4    0    1    0    0    3  
   0    0    3    0    2    4    5    1    0    0  
   3    0    2    4    5    0    1    0    0    0  
   0    0    3    0    4    5    0    1    2    0  
   0    0    2    0    0    4    1    3    5    0  
   5    0    3    1    2    0    4    0    0    0  
   0    0    0    2    3    0    5    1    0    4  
   5    0    3    2    0    0    4    0    0    1  
   5    4    1    0    3    0    0    0    0    2  
   0    1    4    3    0    0    0    0    5    2  
   0    0    4    0    0    2    1    0    3    5  
   0    0    2    0    4    0    0    1    3    5  
   0    0    4    1    0    2    0    3    0    5  
   0    4    0    0    1    5    3    0    0    2  
   4    0    0    5    3    2    0    0    1    0  
   2    3    1    0    0    0    0    5    0    4  
   0    4    2    0    1    0    3    0    5    0  
   0    0    0    0    2    4    5    3    1    0  
   1    0    0    0    0    0    4    3    2    5  
   4    0    0    3    1    0    2    5    0    0  
   0    2    1    0    0    5    3    0    0    4  
   1    0    0    3    4    0    0    5    0    2  
   3    0    2    5    0    4    0    0    0    1  
   0    0    4    0    1    2    3    0    5    0  
   0    2    0    3    4    0    0    5    1    0  
   1    3    4    0    0    0    2    0    0    5  
   0    0    0    5    2    0    3    0    1    4  
   0    1    4    5    0    2    0    0    3    0  
   2    3    0    1    4    0    0    5    0    0  
   0    0    0    1    0    5    4    0    2    3  
   1    0    0    0    0    2    5    3    0    4  
   0    0    0    0    1    2    3    0    4    5  
   2    5    1    0    0    0    3    0    0    4  
   1    0    5    2    0    0    0    3    0    4  
   1    0    0    3    4    0    2    5    0    0  
   3    2    0    1    0    4    0    5    0    0  
   0    0    0    0    3    4    1    5    2    0  
   5    0    0    1    4    2    0    0    0    3  
   0    0    4    5    0    3    2    1    0    0  
   0    0    0    0    5    0    1    4    3    2  
   0    4    0    3    5    1    2    0    0    0  
   5    4    0    2    1    0    0    0    3    0  
   4    0    0    0    5    0    3    1    2    0  
   5    1    4    2    0    3    0    0    0    0  
   0    4    5    1    3    0    0    0    0    2  
   2    0    0    0    4    5    3    0    1    0  
   3    0    2    0    5    4    1    0    0    0  
   4    0    1    0    0    0    3    0    2    5  
   0    0    0    0    2    5    1    4    0    3  
   0    0    5    0    0    3    1    0    2    4  
   0    0    3    4    0    1    2    5    0    0  
   5    4    0    0    0    1    0    3    0    2  
   0    4    3    1    5    0    0    0    2    0  
   0    0    3    1    2    5    0    0    0    4  
   0    1    0    0    4    5    2    0    3    0  
   1    3    5    4    2    0    0    0    0    0  
   0    1    5    0    2    4    0    0    0    3  
   0    4    0    0    1    0    5    3    2    0  
   5    1    3    4    0    0    0    2    0    0  
   1    0    0    0    0    5    4    3    2    0  
   0    0    0    0    3    5    4    1    2    0  
   0    2    0    5    0    4    3    0    0    1  ] 
RESERVATION PRICES : [    8    8    0    9    0    0    0    9    0   10  
   0   10   10    9    9    8    0    0    0    0  
   0   10    0   10    0   11    0    9   10    0  
   0   16    0   16   17    0   15    0   17    0  
  23   19   19    0    0   22    0    0   21    0  
   0   25   21   26   21    0    0    0   28    0  
   0   25    0    0    0   30   31   25   26    0  
  30   27   30    0   34    0    0    0   33    0  
  27    0    0   25   25    0    0   29    0   26  
   0   36   39   38    0    0    0   39   37    0  
   0   47   46   36   46    0    0    0   36    0  
  42    0   37   38    0   47    0    0   35    0  
  42   47   38    0   36   44    0    0    0    0  
   0   48   35    0   46    0    0   39    0   40  
   0   53   44    0    0    0   53   43   41    0  
  52    0   60   56    0   56   57    0    0    0  
  54   63    0    0   48    0   52    0    0   64  
   0    0   56   51    0    0   64   64    0   51  
   0    0   75   59    0   63    0   63    0   67  
  57    0   75    0   57    0   70    0    0   68  
   0   69    0    0   68    0   55   69    0   73  
  68    0    0   75    0   67   70    0    0   68  
  68    0   77    0   60    0   61   68    0    0  
  63   82    0    0    0    0   79   73    0   70  
   0    0   89    0   69    0   87    0   80   82  
  70   85    0    0   72    0    0   95    0   89  
   0    0    0   97  102    0   90    0   74   89  
   0    0    0   91   89    0    0   89   96   84  
   0    0    0    0   78  101    0   87   98   76  
   0    0   99    0   84   95   89   97    0    0  
   0   95   79    0   81  108    0   89    0    0  
 103    0    0   85  101   95    0    0  101    0  
   0   99  100  115    0   91    0    0   96    0  
 114    0  101   92    0    0    0  101    0   90  
  93   93    0  102    0  105    0  110    0    0  
  90  120    0    0  113   92    0    0   89    0  
 124    0    0    0  119  113  110    0    0   97  
 107  105    0    0  122  115    0    0  114    0  
   0  101  135    0  137    0  114    0    0  130  
   0    0  107    0  133  104  111  127    0    0  
 120    0  119  124  130    0  123    0    0    0  
   0    0  147    0  122  143    0  117  131    0  
   0    0  126    0    0  126  135  123  121    0  
 136    0  127  116  147    0  121    0    0    0  
   0    0    0  135  145    0  119  142    0  159  
 128    0  143  156    0    0  123    0    0  143  
 140  166  137    0  145    0    0    0    0  143  
   0  134  149  140    0    0    0    0  165  170  
   0    0  129    0    0  142  172    0  145  179  
   0    0  160    0  173    0    0  146  160  167  
   0    0  181  177    0  152    0  173    0  150  
   0  146    0    0  157  150  179    0    0  181  
 169    0    0  177  172  137    0    0  136    0  
 171  192  179    0    0    0    0  142    0  150  
   0  169  150    0  197    0  154    0  157    0  
   0    0    0    0  201  145  160  195  194    0  
 200    0    0    0    0    0  209  201  208  202  
 189    0    0  189  196    0  210  192    0    0  
   0  178  157    0    0  216  186    0    0  171  
 194    0    0  202  219    0    0  222    0  210  
 170    0  223  197    0  227    0    0    0  185  
   0    0  186    0  203  168  190    0  176    0  
   0  226    0  218  223    0    0  221  188    0  
 191  223  186    0    0    0  199    0    0  182  
   0    0    0  221  173    0  225    0  213  189  
   0  197  200  209    0  183    0    0  218    0  
 193  220    0  226  185    0    0  217    0    0  
   0    0    0  243    0  217  206    0  248  214  
 248    0    0    0    0  207  243  245    0  227  
   0    0    0    0  247  185  194    0  244  184  
 241  210  198    0    0    0  240    0    0  206  
 215    0  208  194    0    0    0  262    0  257  
 245    0    0  247  227    0  268  243    0    0  
 265  269    0  254    0  221    0  264    0    0  
   0    0    0    0  216  223  269  274  209    0  
 278    0    0  253  253  240    0    0    0  229  
   0    0  211  277    0  254  235  268    0    0  
   0    0    0    0  257    0  276  229  240  245  
   0  266    0  267  250  242  223    0    0    0  
 248  221    0  276  218    0    0    0  237    0  
 242    0    0    0  213    0  261  253  218    0  
 289  288  219  224    0  282    0    0    0    0  
   0  301  236  286  227    0    0    0    0  298  
 297    0    0    0  249  305  248    0  253    0  
 258    0  296    0  226  288  231    0    0    0  
 243    0  290    0    0    0  295    0  242  293  
   0    0    0    0  255  293  312  286    0  238  
   0    0  258    0    0  304  250    0  252  235  
   0    0  301  292    0  261  269  296    0    0  
 269  270    0    0    0  329    0  322    0  330  
   0  263  307  265  319    0    0    0  255    0  
   0    0  323  316  315  279    0    0    0  251  
   0  325    0    0  251  256  283    0  316    0  
 313  262  323  262  321    0    0    0    0    0  
   0  270  268    0  267  275    0    0    0  286  
   0  325    0    0  328    0  298  274  265    0  
 326  299  359  317    0    0    0  271    0    0  
 306    0    0    0    0  334  316  337  318    0  
   0    0    0    0  317  348  354  365  271    0  
   0  354    0  351    0  280  283    0    0  368  ] 
 ] 
