K : 50
I : 10
C : 2
INSTANCE : 2
PREFERENCES : [    2    0    0    0    0    3    4    1    0    5  
   0    3    0    0    5    2    0    0    1    4  
   0    5    3    4    0    2    1    0    0    0  
   0    0    0    1    0    4    5    0    2    3  
   4    0    3    0    2    0    0    5    1    0  
   5    0    1    2    0    0    0    4    0    3  
   3    0    0    2    1    0    0    4    0    5  
   0    1    0    0    2    4    3    0    5    0  
   3    0    1    2    0    0    5    4    0    0  
   5    0    3    1    2    0    0    4    0    0  
   0    1    0    3    4    2    0    0    0    5  
   1    4    3    2    0    0    5    0    0    0  
   4    0    0    0    1    2    3    0    0    5  
   5    2    0    0    0    1    4    3    0    0  
   0    5    3    0    1    0    2    4    0    0  
   0    5    0    2    0    0    1    0    3    4  
   3    5    1    0    0    0    0    4    2    0  
   3    0    0    0    0    2    5    0    1    4  
   0    2    3    0    1    4    0    0    0    5  
   3    0    0    1    0    5    0    0    4    2  
   5    0    2    0    3    0    0    4    1    0  
   0    4    1    0    3    0    0    2    0    5  
   0    3    2    1    4    0    0    0    5    0  
   0    5    2    3    0    1    0    4    0    0  
   4    0    5    0    1    0    2    3    0    0  
   0    1    0    2    3    0    0    0    4    5  
   0    0    1    2    3    0    0    5    4    0  
   0    5    3    2    4    0    1    0    0    0  
   4    0    0    5    3    0    1    0    2    0  
   0    5    0    0    3    0    4    1    0    2  
   0    0    1    4    0    0    0    3    2    5  
   0    0    0    2    0    1    3    4    5    0  
   0    5    1    0    0    0    0    2    3    4  
   3    0    1    5    0    0    2    4    0    0  
   1    0    2    4    3    0    0    0    5    0  
   1    0    0    0    5    3    4    0    0    2  
   0    0    0    2    4    5    0    0    1    3  
   1    0    0    0    0    2    3    0    5    4  
   4    0    1    0    5    3    0    2    0    0  
   0    0    4    2    3    0    5    1    0    0  
   0    4    0    0    0    5    1    0    3    2  
   0    5    1    0    2    0    0    4    0    3  
   5    3    0    0    1    0    4    0    2    0  
   1    5    4    3    0    0    2    0    0    0  
   4    0    2    1    0    5    0    3    0    0  
   5    3    0    1    0    0    0    2    4    0  
   0    0    2    0    3    1    5    0    0    4  
   0    5    3    0    2    0    0    1    4    0  
   0    0    4    3    0    0    0    2    1    5  
   2    5    0    0    0    1    3    0    4    0  ] 
RESERVATION PRICES : [    6    0    0    0    0    5    6    5    0    5  
   0    9    0    0    9   11    0    0   12    9  
   0   11    9    9    0    9   11    0    0    0  
   0    0    0   16    0   16   17    0   17   17  
  22    0   24    0   19    0    0   21   24    0  
  23    0   21   27    0    0    0   27    0   23  
  23    0    0   28   27    0    0   30    0   29  
   0   38    0    0   33   30   35    0   33    0  
  33    0   37   32    0    0   37   34    0    0  
  34    0   39   30   37    0    0   31    0    0  
   0   36    0   44   43   40    0    0    0   45  
  42   38   42   36    0    0   40    0    0    0  
  54    0    0    0   47   52   46    0    0   40  
  52   61    0    0    0   60   45   55    0    0  
   0   52   64    0   58    0   49   49    0    0  
   0   65    0   68    0    0   56    0   63   53  
  58   56   54    0    0    0    0   65   73    0  
  65    0    0    0    0   63   70    0   58   64  
   0   79   72    0   79   79    0    0    0   73  
  74    0    0   73    0   76    0    0   61   64  
  82    0   78    0   72    0    0   64   83    0  
   0   69   84    0   81    0    0   69    0   75  
   0   82   94   97   94    0    0    0   73    0  
   0  101   96   90    0   73    0   80    0    0  
  78    0   76    0   87    0   78   87    0    0  
   0   94    0   94   78    0    0    0   83   88  
   0    0  100   81   93    0    0   98  108    0  
   0  104   85   94   99    0   96    0    0    0  
  90    0    0  114   96    0  108    0  105    0  
   0  104    0    0   93    0   96  122    0   94  
   0    0  111  114    0    0    0  115  101  122  
   0    0    0  106    0  101  110   98   97    0  
   0  111  116    0    0    0    0  114   96  124  
 100    0   99  127    0    0  109  104    0    0  
 109    0  109  110  120    0    0    0  125    0  
 130    0    0    0  133  128  138    0    0  104  
   0    0    0  102  138  135    0    0  118  103  
 128    0    0    0    0  107  143    0  138  109  
 113    0  122    0  121  111    0  143    0    0  
   0    0  140  141  139    0  135  125    0    0  
   0  117    0    0    0  135  154    0  152  121  
   0  113  130    0  113    0    0  143    0  129  
 149  134    0    0  119    0  138    0  148    0  
 160  160  153  160    0    0  150    0    0    0  
 122    0  157  154    0  137    0  148    0    0  
 168  157    0  134    0    0    0  162  155    0  
   0    0  173    0  145  153  136    0    0  161  
   0  146  154    0  161    0    0  173  146    0  
   0    0  141  153    0    0    0  156  153  165  
 166  159    0    0    0  155  173    0  156    0  ] 
 ] 
