K : 75
I : 5
C : 15
INSTANCE : 3
PREFERENCES : [    0    3    0    1    2  
   0    2    0    3    1  
   0    0    3    1    2  
   0    2    3    1    0  
   0    1    2    3    0  
   2    1    0    0    3  
   2    3    0    0    1  
   2    0    1    3    0  
   0    3    2    0    1  
   0    2    3    1    0  
   0    2    3    0    1  
   2    0    0    1    3  
   3    2    0    0    1  
   0    2    1    3    0  
   2    0    1    0    3  
   2    3    0    1    0  
   1    2    0    3    0  
   0    1    2    0    3  
   0    0    2    3    1  
   2    1    3    0    0  
   0    1    0    3    2  
   1    0    2    3    0  
   0    0    2    3    1  
   3    1    2    0    0  
   3    2    0    1    0  
   0    3    1    2    0  
   0    0    1    3    2  
   1    2    0    3    0  
   1    0    3    2    0  
   2    1    3    0    0  
   0    0    1    3    2  
   3    0    1    0    2  
   2    3    0    0    1  
   0    3    1    0    2  
   2    0    1    3    0  
   0    1    0    3    2  
   0    0    1    2    3  
   2    0    3    0    1  
   3    0    0    2    1  
   1    0    2    3    0  
   1    0    0    2    3  
   0    2    0    1    3  
   1    2    3    0    0  
   1    0    0    2    3  
   0    0    2    1    3  
   0    2    1    0    3  
   2    0    1    0    3  
   1    0    2    3    0  
   0    2    0    1    3  
   0    0    1    2    3  
   0    3    2    0    1  
   0    3    2    0    1  
   2    0    3    0    1  
   3    0    1    2    0  
   0    3    1    2    0  
   2    0    1    3    0  
   1    3    2    0    0  
   2    3    0    0    1  
   0    0    2    1    3  
   0    1    0    3    2  
   1    0    3    0    2  
   0    3    1    2    0  
   3    0    2    0    1  
   3    1    0    2    0  
   2    1    0    3    0  
   0    2    0    1    3  
   2    0    0    3    1  
   0    3    0    1    2  
   0    2    1    0    3  
   0    1    3    2    0  
   0    2    0    3    1  
   2    0    0    1    3  
   0    1    3    0    2  
   3    0    1    2    0  
   3    1    0    2    0  ] 
RESERVATION PRICES : [    0   10    0   10    8  
   0   11    0   11    9  
   0    0   15   13   15  
   0   18   15   16    0  
   0   20   15   19    0  
  23   27    0    0   22  
  29   29    0    0   25  
  29    0   25   23    0  
   0   35   33    0   29  
   0   37   31   38    0  
   0   41   34    0   41  
  45    0    0   38   52  
  50   53    0    0   50  
   0   48   57   46    0  
  60    0   46    0   54  
  46   45    0   59    0  
  47   54    0   62    0  
   0   59   53    0   51  
   0    0   62   65   69  
  62   59   57    0    0  
   0   70    0   60   68  
  73    0   75   72    0  
   0    0   72   67   74  
  93   92   76    0    0  
  84   95    0   94    0  
   0   89  103   97    0  
   0    0   95   86   91  
  98   98    0  108    0  
  85    0  112   97    0  
  91  105  104    0    0  
   0    0  125  105  117  
 112    0  123    0  110  
 119  119    0    0   98  
   0   99  130    0  122  
 119    0  123  128    0  
   0  108    0  127  137  
   0    0  133  129  116  
 123    0  110    0  122  
 114    0    0  137  127  
 114    0  122  148    0  
 126    0    0  113  114  
   0  143    0  135  135  
 146  144  119    0    0  
 124    0    0  149  144  
   0    0  125  134  127  
   0  145  132    0  148  
 158    0  152    0  147  
 171    0  137  144    0  
   0  173    0  160  164  
   0    0  184  182  149  
   0  172  152    0  143  
   0  143  162    0  178  
 165    0  146    0  175  
 148    0  155  192    0  
   0  180  191  156    0  
 151    0  174  149    0  
 176  172  155    0    0  
 171  210    0    0  188  
   0    0  181  197  213  
   0  221    0  185  178  
 227    0  225    0  174  
   0  180  213  228    0  
 201    0  191    0  227  
 177  194    0  233    0  
 179  182    0  180    0  
   0  229    0  205  196  
 207    0    0  202  202  
   0  199    0  247  218  
   0  220  244    0  191  
   0  242  212  196    0  
   0  193    0  207  252  
 242    0    0  223  209  
   0  274  230    0  217  
 279    0  238  262    0  
 248  258    0  258    0  ] 
 ] 
