K : 50
I : 5
C : 2
INSTANCE : 3
PREFERENCES : [    2    0    3    0    1  
   3    1    2    0    0  
   2    1    3    0    0  
   1    2    3    0    0  
   3    1    2    0    0  
   0    1    3    2    0  
   0    2    1    0    3  
   0    2    1    0    3  
   3    0    0    2    1  
   2    1    0    0    3  
   2    0    1    0    3  
   3    0    2    0    1  
   2    0    3    0    1  
   0    2    0    3    1  
   0    3    1    2    0  
   1    2    0    3    0  
   3    0    2    1    0  
   0    2    3    1    0  
   0    0    1    3    2  
   0    2    3    1    0  
   0    0    2    1    3  
   2    3    0    0    1  
   0    1    2    3    0  
   0    0    1    3    2  
   0    3    2    0    1  
   1    0    0    2    3  
   0    0    1    2    3  
   1    0    3    2    0  
   3    0    2    1    0  
   1    3    0    2    0  
   0    1    2    3    0  
   0    1    2    3    0  
   0    2    3    1    0  
   0    1    2    0    3  
   2    0    1    0    3  
   1    3    0    0    2  
   1    0    2    3    0  
   3    0    2    1    0  
   3    1    0    0    2  
   3    1    2    0    0  
   3    0    2    0    1  
   0    2    3    0    1  
   0    1    3    0    2  
   2    0    0    1    3  
   0    3    0    2    1  
   0    0    2    3    1  
   0    3    2    0    1  
   0    1    2    3    0  
   3    0    0    1    2  
   2    0    3    1    0  ] 
RESERVATION PRICES : [    5    0    6    0    6  
   9   11   10    0    0  
  16   15   16    0    0  
  14   14   14    0    0  
  21   20   20    0    0  
   0   19   23   22    0  
   0   30   29    0   30  
   0   27   24    0   25  
  28    0    0   35   35  
  39   38    0    0   39  
  40    0   35    0   39  
  45    0   44    0   46  
  53    0   41    0   54  
   0   48    0   40   42  
   0   56   47   60    0  
  61   56    0   46    0  
  67    0   64   58    0  
   0   64   65   54    0  
   0    0   70   68   59  
   0   72   61   60    0  
   0    0   60   66   57  
  76   63    0    0   81  
   0   81   68   80    0  
   0    0   76   86   78  
   0   68   76    0   89  
  97    0    0   92   91  
   0    0   88   95   84  
  95    0   95  102    0  
  89    0   96   80    0  
 100  109    0   89    0  
   0   98  103   86    0  
   0   87  105   94    0  
   0   99  102   95    0  
   0  130  115    0   95  
 121    0  110    0  119  
 108  111    0    0  117  
  97    0  106  116    0  
 112    0  117  120    0  
 137  103    0    0  136  
 110  109  106    0    0  
 114    0  153    0  141  
   0  142  153    0  153  
   0  121  149    0  148  
 159    0    0  150  132  
   0  166    0  136  137  
   0    0  128  164  133  
   0  177  170    0  146  
   0  133  157  149    0  
 156    0    0  156  158  
 173    0  155  177    0  ] 
 ] 
