K : 100
I : 10
C : 4
INSTANCE : 4
PREFERENCES : [    5    3    0    2    1    0    4    0    0    0  
   3    4    0    1    0    0    2    0    5    0  
   0    2    0    0    0    5    3    0    4    1  
   0    0    0    4    3    5    2    0    1    0  
   0    1    3    2    0    0    5    4    0    0  
   1    4    0    2    0    3    0    0    5    0  
   4    0    0    5    2    0    0    0    3    1  
   1    0    0    0    3    4    0    0    5    2  
   4    0    0    3    0    5    1    0    2    0  
   0    2    0    5    0    0    4    1    0    3  
   0    0    0    0    5    1    0    4    3    2  
   5    0    1    0    0    4    0    0    2    3  
   0    0    4    0    5    0    1    3    0    2  
   0    4    0    5    0    2    1    0    3    0  
   0    2    0    5    0    0    4    1    3    0  
   0    1    0    5    2    0    4    0    3    0  
   0    1    0    0    0    4    3    5    2    0  
   0    2    0    0    0    4    3    5    0    1  
   1    0    0    5    0    0    3    4    2    0  
   0    1    0    0    2    0    3    4    0    5  
   0    4    5    2    0    0    0    0    1    3  
   0    4    5    3    1    0    0    0    0    2  
   4    0    5    0    3    1    0    0    0    2  
   0    2    1    5    4    0    0    3    0    0  
   0    0    0    5    0    3    4    2    1    0  
   0    0    3    5    0    0    4    0    2    1  
   4    2    0    5    0    3    0    1    0    0  
   0    0    5    0    3    0    4    0    2    1  
   0    0    0    3    1    2    4    0    0    5  
   3    1    0    2    0    5    0    0    0    4  
   1    5    2    4    0    0    3    0    0    0  
   1    5    0    0    0    3    0    0    2    4  
   0    0    0    4    0    5    1    3    0    2  
   4    1    0    0    0    0    5    2    3    0  
   0    3    0    0    1    2    0    4    5    0  
   2    1    4    0    0    0    0    5    0    3  
   0    0    0    2    5    4    3    1    0    0  
   0    3    0    2    1    0    5    0    4    0  
   0    0    0    3    2    0    1    0    4    5  
   0    2    5    0    3    0    1    4    0    0  
   1    0    4    0    0    3    0    5    2    0  
   5    2    4    0    1    0    0    0    3    0  
   0    4    0    0    0    3    0    1    5    2  
   2    0    0    3    4    0    1    0    5    0  
   0    2    0    1    5    3    0    0    4    0  
   0    0    5    4    0    2    0    0    1    3  
   0    4    5    3    0    1    0    0    0    2  
   0    2    0    3    0    4    5    0    0    1  
   0    0    4    5    0    0    0    1    2    3  
   1    3    0    5    0    0    0    4    0    2  
   2    5    0    4    1    0    3    0    0    0  
   4    3    1    0    0    2    5    0    0    0  
   0    2    0    0    5    3    1    0    0    4  
   1    0    0    0    0    4    2    0    3    5  
   2    0    3    1    0    0    4    5    0    0  
   0    0    4    1    3    0    0    0    2    5  
   0    4    0    5    0    2    1    3    0    0  
   0    3    0    1    5    0    2    4    0    0  
   0    0    5    1    0    3    0    4    0    2  
   0    1    0    4    0    0    5    2    0    3  
   0    3    2    1    5    0    0    4    0    0  
   0    3    0    0    0    5    4    1    0    2  
   4    0    0    5    2    0    0    3    1    0  
   2    0    3    0    1    5    0    4    0    0  
   0    5    1    0    0    0    0    4    3    2  
   0    0    0    2    0    3    4    5    0    1  
   4    1    0    3    5    0    0    0    0    2  
   0    1    2    0    5    4    3    0    0    0  
   0    1    0    4    0    0    3    0    5    2  
   4    3    0    0    2    0    0    5    0    1  
   0    4    0    1    5    3    0    0    0    2  
   3    0    0    0    1    0    0    2    4    5  
   5    3    0    1    0    0    0    4    0    2  
   1    0    0    4    3    5    2    0    0    0  
   0    1    3    0    2    0    5    0    4    0  
   5    0    0    0    4    0    2    1    3    0  
   0    0    0    3    4    0    0    1    5    2  
   2    3    5    0    1    4    0    0    0    0  
   0    0    0    0    5    3    0    2    1    4  
   1    0    0    4    5    0    0    0    2    3  
   5    0    0    3    4    0    0    0    2    1  
   4    0    0    1    5    0    3    0    2    0  
   0    2    4    0    1    0    0    5    3    0  
   1    0    4    2    3    0    0    5    0    0  
   0    0    0    3    1    5    2    0    0    4  
   2    0    0    5    0    3    0    0    1    4  
   0    3    0    0    5    1    4    0    0    2  
   0    2    0    1    4    5    0    0    3    0  
   0    0    0    4    0    0    1    2    3    5  
   0    2    0    0    3    4    0    0    1    5  
   1    4    0    0    0    5    0    3    0    2  
   0    0    3    0    4    1    0    2    5    0  
   0    0    4    0    0    2    5    3    0    1  
   1    0    4    2    5    0    0    3    0    0  
   0    0    3    2    0    0    1    4    0    5  
   0    0    0    3    0    1    5    2    4    0  
   0    4    0    3    0    5    1    2    0    0  
   2    1    0    0    4    3    0    5    0    0  
   0    1    0    0    0    4    3    2    5    0  
   4    0    0    0    1    2    0    3    0    5  ] 
RESERVATION PRICES : [    6    5    0    6    5    0    5    0    0    0  
   5    5    0    5    0    0    5    0    6    0  
   0   12    0    0    0   11   12    0   13   12  
   0    0    0   15   14   17   14    0   15    0  
   0   17   21   18    0    0   20   20    0    0  
  18   21    0   20    0   21    0    0   16    0  
  20    0    0   26   26    0    0    0   21   23  
  30    0    0    0   27   25    0    0   24   31  
  24    0    0   30    0   26   26    0   30    0  
   0   29    0   29    0    0   27   29    0   30  
   0    0    0    0   29   30    0   34   30   25  
  42    0   31    0    0   40    0    0   42   40  
   0    0   45    0   36    0   45   44    0   38  
   0   45    0   38    0   42   44    0   52    0  
   0   48    0   43    0    0   41   50   44    0  
   0   52    0   53   45    0   42    0   43    0  
   0   41    0    0    0   41   44   45   42    0  
   0   58    0    0    0   45   54   57    0   50  
  57    0    0   52    0    0   42   51   46    0  
   0   60    0    0   56    0   45   61    0   61  
   0   67   64   65    0    0    0    0   64   68  
   0   72   73   58   54    0    0    0    0   60  
  57    0   56    0   61   73    0    0    0   65  
   0   80   59   66   78    0    0   78    0    0  
   0    0    0   77    0   69   67   67   68    0  
   0    0   80   77    0    0   71    0   79   63  
  75   74    0   70    0   92    0   80    0    0  
   0    0   95    0   69    0   88    0   92   88  
   0    0    0   91   79   84   76    0    0   90  
  98   89    0   87    0   83    0    0    0   89  
  86   85   88  100    0    0  112    0    0    0  
  95  111    0    0    0  103    0    0  111  102  
   0    0    0   93    0   96   86  101    0  101  
 123  117    0    0    0    0  110   91  122    0  
   0  115    0    0   98  116    0   95  102    0  
 115   94  111    0    0    0    0   96    0  114  
   0    0    0  132  109   95  114  114    0    0  
   0  112    0  100  107    0  139    0  118    0  
   0    0    0  108  100    0  107    0  108  131  
   0  143  126    0  138    0  120  139    0    0  
 139    0  112    0    0  113    0  106  132    0  
 116  110  124    0  145    0    0    0  142    0  
   0  124    0    0    0  143    0  142  110  149  
 155    0    0  122  154    0  142    0  136    0  
   0  148    0  136  118  154    0    0  133    0  
   0    0  162  165    0  156    0    0  162  154  
   0  141  163  129    0  151    0    0    0  157  
   0  126    0  166    0  175  159    0    0  138  
   0    0  177  139    0    0    0  173  163  174  
 164  135    0  171    0    0    0  174    0  177  
 144  158    0  154  178    0  183    0    0    0  
 178  175  166    0    0  160  169    0    0    0  
   0  140    0    0  161  167  146    0    0  167  
 156    0    0    0    0  161  188    0  165  164  
 200    0  145  182    0    0  192  184    0    0  
   0    0  178  165  193    0    0    0  150  181  
   0  170    0  150    0  187  180  190    0    0  
   0  190    0  208  173    0  177  163    0    0  
   0    0  185  210    0  158    0  219    0  160  
   0  210    0  199    0    0  168  216    0  191  
   0  212  194  206  187    0    0  226    0    0  
   0  167    0    0    0  190  211  219    0  176  
 191    0    0  214  211    0    0  191  232    0  
 231    0  176    0  186  175    0  229    0    0  
   0  190  227    0    0    0    0  201  215  211  
   0    0    0  208    0  212  206  189    0  190  
 185  233    0  239  184    0    0    0    0  180  
   0  237  240    0  196  239  244    0    0    0  
   0  209    0  232    0    0  194    0  225  194  
 209  249    0    0  256    0    0  210    0  211  
   0  225    0  223  205  228    0    0    0  199  
 257    0    0    0  264    0    0  225  191  234  
 210  247    0  195    0    0    0  211    0  237  
 200    0    0  201  214  219  210    0    0    0  
   0  242  231    0  224    0  256    0  215    0  
 250    0    0    0  278    0  206  240  251    0  
   0    0    0  251  239    0    0  267  261  271  
 218  285  229    0  214  234    0    0    0    0  
   0    0    0    0  284  246    0  218  269  264  
 211    0    0  237  291    0    0    0  237  240  
 282    0    0  257  289    0    0    0  215  249  
 220    0    0  245  267    0  264    0  279    0  
   0  279  284    0  248    0    0  224  281    0  
 292    0  297  232  256    0    0  241    0    0  
   0    0    0  290  255  300  232    0    0  259  
 240    0    0  236    0  295    0    0  251  236  
   0  233    0    0  323  249  264    0    0  237  
   0  265    0  286  285  248    0    0  257    0  
   0    0    0  315    0    0  308  246  310  335  
   0  328    0    0  284  284    0    0  266  298  
 337  247    0    0    0  271    0  302    0  337  
   0    0  288    0  272  264    0  285  287    0  
   0    0  272    0    0  271  293  347    0  277  
 265    0  278  272  265    0    0  292    0    0  
   0    0  331  334    0    0  354  341    0  274  
   0    0    0  348    0  324  341  333  260    0  
   0  308    0  277    0  342  302  358    0    0  
 316  281    0    0  281  272    0  346    0    0  
   0  274    0    0    0  344  290  299  322    0  
 295    0    0    0  366  279    0  301    0  315  ] 
 ] 
