K : 50
I : 10
C : 8
INSTANCE : 1
PREFERENCES : [    5    0    0    4    2    3    0    0    1    0  
   0    1    2    0    0    3    5    0    4    0  
   2    0    0    0    0    3    1    4    0    5  
   1    4    0    0    0    5    3    2    0    0  
   3    5    0    0    0    0    4    2    1    0  
   2    4    0    3    1    5    0    0    0    0  
   4    0    0    0    5    2    0    0    1    3  
   0    0    1    3    0    0    4    0    2    5  
   4    0    3    0    2    0    0    1    0    5  
   1    4    2    5    0    0    0    3    0    0  
   4    2    0    0    0    0    0    1    5    3  
   5    2    1    0    0    3    0    4    0    0  
   0    0    0    3    2    0    4    0    5    1  
   4    0    3    0    2    0    5    0    0    1  
   0    0    1    0    4    3    0    0    2    5  
   5    2    4    1    0    0    0    0    3    0  
   3    4    0    0    0    1    0    0    5    2  
   0    2    1    3    0    4    0    0    5    0  
   0    3    2    0    0    1    0    0    4    5  
   0    5    4    0    3    1    0    0    2    0  
   0    0    4    2    0    0    1    3    5    0  
   0    0    4    5    0    2    3    1    0    0  
   1    0    0    2    0    5    0    3    0    4  
   0    0    4    0    5    0    0    1    3    2  
   5    1    0    4    0    0    2    0    0    3  
   0    0    5    2    0    3    0    4    0    1  
   0    0    1    4    0    0    0    2    3    5  
   4    0    0    5    1    3    0    0    0    2  
   0    0    1    2    4    5    0    3    0    0  
   4    0    0    0    2    3    0    0    1    5  
   0    0    1    5    0    2    0    3    4    0  
   3    0    1    0    0    5    0    0    2    4  
   1    0    2    3    0    0    0    0    5    4  
   5    0    0    0    3    1    4    0    2    0  
   0    2    0    5    3    0    0    0    1    4  
   0    3    0    0    4    0    1    2    5    0  
   1    0    0    4    0    5    0    0    2    3  
   0    1    0    0    2    0    5    3    4    0  
   0    2    0    3    0    0    1    0    4    5  
   4    0    3    0    2    5    0    0    1    0  
   0    0    0    3    5    1    2    4    0    0  
   0    0    0    0    5    1    3    4    2    0  
   4    2    0    0    3    1    5    0    0    0  
   0    0    2    5    0    4    0    0    3    1  
   1    0    3    4    0    0    2    0    0    5  
   1    0    0    3    2    4    0    5    0    0  
   5    1    4    0    0    0    3    0    0    2  
   5    2    0    0    4    0    1    0    0    3  
   4    0    5    0    0    1    3    0    2    0  
   0    5    1    0    3    0    0    4    2    0  ] 
RESERVATION PRICES : [    6    0    0    7    6    7    0    0    6    0  
   0   10   10    0    0   13   12    0   12    0  
  17    0    0    0    0   17   16   13    0   17  
  21   21    0    0    0   18   18   17    0    0  
  21   25    0    0    0    0   25   24   21    0  
  29   29    0   28   25   24    0    0    0    0  
  34    0    0    0   28   37    0    0   35   33  
   0    0   34   39    0    0   40    0   35   33  
  36    0   44    0   39    0    0   38    0   42  
  39   35   41   36    0    0    0   42    0    0  
  37   47    0    0    0    0    0   48   46   38  
  41   42   49    0    0   47    0   50    0    0  
   0    0    0   56   57    0   45    0   49   46  
  65    0   55    0   52    0   66    0    0   54  
   0    0   53    0   70   60    0    0   60   62  
  68   69   57   68    0    0    0    0   65    0  
  57   69    0    0    0   59    0    0   56   70  
   0   65   67   67    0   53    0    0   55    0  
   0   58   65    0    0   58    0    0   77   63  
   0   72   74    0   75   74    0    0   74    0  
   0    0   59   66    0    0   56   73   70    0  
   0    0   80   77    0   79   78   70    0    0  
  78    0    0   73    0   69    0   64    0   73  
   0    0   69    0   79    0    0   75   69   85  
  75   93    0   90    0    0   68    0    0   73  
   0    0   77   87    0   87    0   89    0   87  
   0    0   95  100    0    0    0   95   94   87  
  77    0    0  101   76  105    0    0    0   97  
   0    0   95  112   87  107    0  107    0    0  
 112    0    0    0   91   96    0    0   99   98  
   0    0  120  120    0   87    0  104  101    0  
 112    0  122    0    0   96    0    0   92  105  
 109    0  120  124    0    0    0    0  121  101  
 105    0    0    0  122   98  123    0  119    0  
   0  119    0  137  110    0    0    0  106   99  
   0  114    0    0  105    0  111  114  110    0  
 142    0    0  144    0  133    0    0  106  128  
   0  126    0    0  135    0  145  108  123    0  
   0  133    0  140    0    0  139    0  113  125  
 139    0  128    0  133  128    0    0  114    0  
   0    0    0  138  126  141  153  151    0    0  
   0    0    0    0  140  128  112  125  150    0  
 146  118    0    0  122  128  148    0    0    0  
   0    0  125  153    0  125    0    0  147  142  
 128    0  135  124    0    0  135    0    0  151  
 130    0    0  178  176  137    0  133    0    0  
 158  169  155    0    0    0  162    0    0  176  
 138  136    0    0  162    0  167    0    0  136  
 143    0  161    0    0  171  175    0  158    0  
   0  188  181    0  143    0    0  183  176    0  ] 
 ] 
