K : 100
I : 15
C : 10
INSTANCE : 5
PREFERENCES : [    0    4    5    0    2    0    0    3    0    0    0    0    0    1    0  
   0    2    3    0    4    0    0    0    0    1    0    0    0    5    0  
   0    0    4    2    0    3    5    0    0    0    0    0    0    1    0  
   0    0    0    0    0    0    0    2    0    4    3    1    0    5    0  
   0    5    0    0    2    0    0    1    0    0    0    0    3    0    4  
   0    3    0    0    0    0    1    0    4    0    2    0    0    0    5  
   4    0    0    1    0    3    0    0    0    0    0    5    2    0    0  
   0    0    0    1    2    0    5    0    4    0    0    0    0    0    3  
   5    3    0    0    1    0    0    2    0    0    0    0    0    0    4  
   0    0    4    0    0    0    0    0    3    2    0    0    5    0    1  
   0    4    0    1    0    2    0    0    0    0    0    3    5    0    0  
   0    1    0    0    0    0    5    0    0    2    3    0    4    0    0  
   0    3    0    0    1    4    5    0    0    0    0    0    0    2    0  
   0    0    0    0    0    5    2    0    1    4    0    0    0    0    3  
   1    0    0    0    0    3    0    2    5    4    0    0    0    0    0  
   2    0    0    0    4    3    5    0    1    0    0    0    0    0    0  
   0    4    0    1    0    0    0    3    2    0    0    0    0    5    0  
   0    4    0    0    0    0    0    5    3    2    0    0    0    0    1  
   0    0    5    0    0    0    3    0    0    2    4    0    1    0    0  
   1    2    0    0    0    0    0    0    3    0    5    0    0    4    0  
   1    0    0    3    0    4    2    0    0    5    0    0    0    0    0  
   0    0    0    0    0    0    3    5    4    0    0    0    0    2    1  
   0    2    0    0    0    1    0    0    0    0    4    0    3    5    0  
   0    0    4    1    3    5    2    0    0    0    0    0    0    0    0  
   0    0    1    0    0    0    0    2    0    0    4    0    3    5    0  
   0    0    3    0    0    2    5    0    0    1    0    0    4    0    0  
   0    0    1    0    4    3    0    2    0    0    0    5    0    0    0  
   4    0    0    5    0    0    0    0    2    1    3    0    0    0    0  
   0    0    0    3    0    0    4    0    1    0    2    0    0    0    5  
   0    1    0    0    2    0    0    0    0    3    0    0    5    4    0  
   0    3    2    0    0    0    0    0    0    0    0    1    4    0    5  
   0    1    0    5    0    0    0    4    0    0    0    0    2    0    3  
   0    0    0    3    0    2    1    0    4    0    5    0    0    0    0  
   0    0    0    5    0    4    1    0    0    3    2    0    0    0    0  
   0    0    3    0    5    0    0    0    0    2    1    0    4    0    0  
   2    0    0    0    3    0    1    0    0    0    0    4    5    0    0  
   0    0    1    3    0    0    2    0    0    0    5    4    0    0    0  
   0    0    0    0    0    4    5    0    0    2    0    3    0    0    1  
   4    5    0    0    1    0    3    0    0    0    0    2    0    0    0  
   2    3    1    0    0    0    0    0    0    0    4    0    0    5    0  
   0    3    0    0    0    0    0    0    0    2    1    0    5    4    0  
   2    4    5    0    0    0    0    0    3    0    0    1    0    0    0  
   0    0    0    0    0    0    4    2    0    5    3    1    0    0    0  
   2    0    0    3    0    4    5    0    0    0    0    1    0    0    0  
   0    4    0    2    0    5    0    0    0    1    3    0    0    0    0  
   3    5    0    0    0    0    0    0    0    0    0    2    4    0    1  
   5    3    0    0    1    0    0    0    0    0    0    0    0    2    4  
   0    0    3    0    0    4    0    0    0    2    5    0    1    0    0  
   4    0    0    0    0    0    0    2    0    5    1    0    0    0    3  
   0    0    4    3    0    0    2    5    0    0    0    0    0    1    0  
   0    0    0    0    1    0    0    0    0    0    3    5    2    0    4  
   0    0    3    0    5    0    0    1    0    4    0    0    0    0    2  
   0    0    2    0    0    0    0    0    1    3    5    0    4    0    0  
   0    3    0    0    4    0    2    0    0    0    0    0    0    5    1  
   4    0    0    0    1    2    5    0    0    3    0    0    0    0    0  
   1    2    0    0    0    0    0    5    0    0    0    3    0    0    4  
   0    0    0    0    0    0    0    0    0    0    2    1    3    5    4  
   0    0    0    0    3    2    1    0    0    0    0    0    0    4    5  
   0    0    3    4    0    0    2    0    0    0    5    0    0    1    0  
   0    0    0    2    0    0    5    0    4    0    0    0    0    1    3  
   0    0    3    0    0    0    1    0    0    5    2    0    4    0    0  
   5    2    0    0    3    1    0    0    0    0    0    0    4    0    0  
   2    0    0    0    0    0    0    3    0    5    4    1    0    0    0  
   0    4    0    0    3    0    0    5    1    0    0    0    0    0    2  
   0    0    0    1    5    2    0    4    0    0    0    0    3    0    0  
   4    1    0    0    0    3    0    0    0    0    5    2    0    0    0  
   5    0    0    0    0    0    0    0    0    0    3    1    2    4    0  
   0    0    0    0    2    5    4    0    0    1    0    3    0    0    0  
   0    2    3    0    0    1    0    0    0    0    5    0    4    0    0  
   0    0    0    0    4    2    0    0    3    0    0    1    5    0    0  
   4    0    0    0    0    0    0    3    1    0    0    0    0    2    5  
   0    0    0    0    5    4    0    0    0    3    0    2    0    0    1  
   0    0    0    0    0    2    3    0    0    5    0    4    0    1    0  
   0    0    0    5    0    0    0    1    2    0    0    3    4    0    0  
   0    0    0    1    2    5    3    4    0    0    0    0    0    0    0  
   0    0    0    0    0    0    4    0    1    5    0    3    0    0    2  
   0    1    4    0    0    0    5    0    2    3    0    0    0    0    0  
   0    4    3    5    2    0    0    0    0    0    0    0    0    0    1  
   0    0    0    0    5    0    4    0    2    0    0    1    0    0    3  
   0    1    0    0    4    0    0    0    2    5    0    0    0    0    3  
   0    0    0    0    0    1    3    2    0    0    4    0    5    0    0  
   0    2    0    0    0    1    4    0    0    3    0    5    0    0    0  
   0    0    0    2    3    0    4    1    5    0    0    0    0    0    0  
   0    1    3    0    0    0    0    0    0    0    0    2    5    4    0  
   0    4    0    0    0    3    2    0    0    0    0    1    0    0    5  
   0    5    0    3    0    0    1    0    0    0    2    0    0    4    0  
   0    0    5    0    0    0    0    4    2    0    0    0    3    0    1  
   3    5    0    0    1    0    0    0    0    0    2    0    4    0    0  
   0    0    0    1    5    0    0    0    2    0    0    0    3    4    0  
   0    3    5    0    0    2    1    0    0    0    0    4    0    0    0  
   0    0    1    2    4    0    5    0    0    0    3    0    0    0    0  
   1    0    0    0    5    4    3    0    0    0    0    0    0    2    0  
   1    5    4    2    0    3    0    0    0    0    0    0    0    0    0  
   4    0    0    1    0    0    5    0    0    2    0    0    0    0    3  
   0    0    0    0    0    0    0    0    4    0    3    0    1    2    5  
   0    5    0    0    4    0    0    0    3    2    0    0    1    0    0  
   4    0    0    2    0    0    0    0    3    0    0    5    0    1    0  
   0    4    0    0    0    0    0    0    2    0    1    0    5    0    3  
   0    0    0    1    0    0    3    0    0    4    0    2    5    0    0  
   0    5    0    1    0    2    0    3    0    0    0    0    0    0    4  ] 
RESERVATION PRICES : [    0    6    6    0    6    0    0    6    0    0    0    0    0    6    0  
   0    9   11    0   10    0    0    0    0    9    0    0    0    9    0  
   0    0   15   16    0   16   15    0    0    0    0    0    0   16    0  
   0    0    0    0    0    0    0   18    0   19   21   22    0   20    0  
   0   21    0    0   21    0    0   23    0    0    0    0   18    0   22  
   0   22    0    0    0    0   26    0   24    0   24    0    0    0   24  
  21    0    0   26    0   24    0    0    0    0    0   19   21    0    0  
   0    0    0   30   24    0   24    0   25    0    0    0    0    0   26  
  27   30    0    0   31    0    0   31    0    0    0    0    0    0   27  
   0    0   33    0    0    0    0    0   34   37    0    0   39    0   37  
   0   36    0   35    0   36    0    0    0    0    0   38   33    0    0  
   0   41    0    0    0    0   40    0    0   38   39    0   45    0    0  
   0   51    0    0   48   41   50    0    0    0    0    0    0   45    0  
   0    0    0    0    0   48   39    0   52   44    0    0    0    0   45  
  48    0    0    0    0   48    0   60   51   45    0    0    0    0    0  
  50    0    0    0   47   49   61    0   54    0    0    0    0    0    0  
   0   51    0   53    0    0    0   53   51    0    0    0    0   55    0  
   0   66    0    0    0    0    0   58   58   59    0    0    0    0   62  
   0    0   60    0    0    0   71    0    0   71   74    0   66    0    0  
  79   63    0    0    0    0    0    0   66    0   83    0    0   65    0  
  62    0    0   73    0   67   62    0    0   76    0    0    0    0    0  
   0    0    0    0    0    0   80   72   87    0    0    0    0   67   85  
   0   78    0    0    0   79    0    0    0    0   76    0   87   83    0  
   0    0   71   77   87   78   93    0    0    0    0    0    0    0    0  
   0    0   84    0    0    0    0   85    0    0   90    0   82   89    0  
   0    0   70    0    0   82   76    0    0   78    0    0   95    0    0  
   0    0   92    0   88   83    0   72    0    0    0   92    0    0    0  
  86    0    0   93    0    0    0    0   74   87   98    0    0    0    0  
   0    0    0   87    0    0   74    0   96    0   93    0    0    0   79  
   0   92    0    0   76    0    0    0    0   80    0    0   89   82    0  
   0   85   82    0    0    0    0    0    0    0    0   83   90    0   89  
   0   86    0  102    0    0    0   88    0    0    0    0  112    0  117  
   0    0    0  101    0   88   95    0   94    0   96    0    0    0    0  
   0    0    0  112    0   94   91    0    0  101   98    0    0    0    0  
   0    0  121    0   93    0    0    0    0  121  124    0   98    0    0  
  99    0    0    0  128    0  127    0    0    0    0  120  135    0    0  
   0    0  110   97    0    0  135    0    0    0  116  123    0    0    0  
   0    0    0    0    0  121  121    0    0  125    0  135    0    0  140  
 109  140    0    0  123    0  104    0    0    0    0  134    0    0    0  
 138  127  132    0    0    0    0    0    0    0  128    0    0  128    0  
   0  149    0    0    0    0    0    0    0  120  131    0  111  120    0  
 130  120  110    0    0    0    0    0  135    0    0  126    0    0    0  
   0    0    0    0    0    0  154  127    0  134  116  152    0    0    0  
 155    0    0  125    0  130  159    0    0    0    0  159    0    0    0  
   0  146    0  158    0  164    0    0    0  137  144    0    0    0    0  
 166  160    0    0    0    0    0    0    0    0    0  122  156    0  148  
 151  136    0    0  168    0    0    0    0    0    0    0    0  159  153  
   0    0  173    0    0  142    0    0    0  142  159    0  175    0    0  
 187    0    0    0    0    0    0  177    0  151  140    0    0    0  173  
   0    0  142  171    0    0  154  144    0    0    0    0    0  151    0  
   0    0    0    0  184    0    0    0    0    0  168  169  193    0  155  
   0    0  185    0  174    0    0  192    0  169    0    0    0    0  193  
   0    0  182    0    0    0    0    0  186  153  171    0  172    0    0  
   0  161    0    0  189    0  162    0    0    0    0    0    0  198  203  
 209    0    0    0  202  167  197    0    0  164    0    0    0    0    0  
 184  199    0    0    0    0    0  208    0    0    0  211    0    0  168  
   0    0    0    0    0    0    0    0    0    0  209  165  184  198  217  
   0    0    0    0  210  165  191    0    0    0    0    0    0  191  217  
   0    0  194  171    0    0  162    0    0    0  200    0    0  211    0  
   0    0    0  181    0    0  202    0  186    0    0    0    0  170  170  
   0    0  175    0    0    0  179    0    0  203  234    0  221    0    0  
 189  202    0    0  235  195    0    0    0    0    0    0  176    0    0  
 212    0    0    0    0    0    0  208    0  180  209  206    0    0    0  
   0  210    0    0  198    0    0  189  236    0    0    0    0    0  179  
   0    0    0  243  208  227    0  179    0    0    0    0  238    0    0  
 230  251    0    0    0  232    0    0    0    0  233  211    0    0    0  
 227    0    0    0    0    0    0    0    0    0  205  221  249  230    0  
   0    0    0    0  258  217  255    0    0  221    0  248    0    0    0  
   0  224  223    0    0  220    0    0    0    0  263    0  244    0    0  
   0    0    0    0  268  237    0    0  220    0    0  265  265    0    0  
 234    0    0    0    0    0    0  277  200    0    0    0    0  209  277  
   0    0    0    0  253  220    0    0    0  248    0  245    0    0  230  
   0    0    0    0    0  271  219    0    0  205    0  239    0  252    0  
   0    0    0  216    0    0    0  268  217    0    0  238  235    0    0  
   0    0    0  264  214  262  229  259    0    0    0    0    0    0    0  
   0    0    0    0    0    0  216    0  237  221    0  268    0    0  291  
   0  212  284    0    0    0  258    0  216  244    0    0    0    0    0  
   0  255  249  223  277    0    0    0    0    0    0    0    0    0  247  
   0    0    0    0  222    0  303    0  297    0    0  301    0    0  261  
   0  256    0    0  303    0    0    0  263  263    0    0    0    0  283  
   0    0    0    0    0  309  288  279    0    0  264    0  282    0    0  
   0  228    0    0    0  241  231    0    0  312    0  265    0    0    0  
   0    0    0  248  238    0  237  272  259    0    0    0    0    0    0  
   0  282  232    0    0    0    0    0    0    0    0  248  282  241    0  
   0  261    0    0    0  264  254    0    0    0    0  273    0    0  272  
   0  257    0  260    0    0  291    0    0    0  313    0    0  247    0  
   0    0  247    0    0    0    0  252  295    0    0    0  287    0  294  
 262  250    0    0  244    0    0    0    0    0  314    0  303    0    0  
   0    0    0  308  327    0    0    0  285    0    0    0  316  286    0  
   0  262  280    0    0  307  253    0    0    0    0  335    0    0    0  
   0    0  335  321  337    0  265    0    0    0  295    0    0    0    0  
 307    0    0    0  291  339  339    0    0    0    0    0    0  280    0  
 262  282  257  323    0  301    0    0    0    0    0    0    0    0    0  
 340    0    0  261    0    0  346    0    0  354    0    0    0    0  329  
   0    0    0    0    0    0    0    0  265    0  355    0  346  280  275  
   0  355    0    0  331    0    0    0  323  325    0    0  331    0    0  
 343    0    0  322    0    0    0    0  272    0    0  261    0  308    0  
   0  285    0    0    0    0    0    0  352    0  318    0  357    0  331  
   0    0    0  319    0    0  269    0    0  351    0  283  313    0    0  
   0  364    0  360    0  347    0  300    0    0    0    0    0    0  375  ] 
 ] 
