K : 100
I : 10
C : 16
INSTANCE : 3
PREFERENCES : [    4    5    1    0    0    0    0    2    3    0  
   0    0    0    1    0    2    4    0    5    3  
   0    1    2    0    3    0    0    0    4    5  
   4    0    0    5    2    0    0    3    0    1  
   1    0    0    4    3    0    0    2    5    0  
   0    0    0    0    0    4    3    2    1    5  
   0    3    0    0    0    5    0    1    4    2  
   0    4    5    3    0    0    0    0    1    2  
   2    3    0    1    0    0    0    5    4    0  
   3    1    2    0    4    0    0    5    0    0  
   0    5    3    0    0    2    4    0    1    0  
   2    0    0    1    0    3    5    0    0    4  
   0    1    3    4    0    0    0    5    2    0  
   3    0    2    0    1    4    5    0    0    0  
   1    0    5    2    0    0    3    4    0    0  
   1    5    0    0    3    0    0    4    2    0  
   0    0    3    0    5    1    4    0    0    2  
   3    1    0    0    5    0    0    0    2    4  
   1    3    2    0    0    0    5    0    4    0  
   0    4    0    0    0    5    0    2    3    1  
   0    2    0    0    1    4    0    3    0    5  
   5    0    4    0    3    0    2    0    1    0  
   4    1    5    0    3    0    0    0    2    0  
   3    0    0    0    5    4    2    1    0    0  
   3    0    2    0    4    1    0    0    5    0  
   4    5    0    0    2    3    1    0    0    0  
   0    0    0    2    4    0    5    1    3    0  
   2    4    0    0    0    0    5    3    0    1  
   4    2    3    0    5    0    0    1    0    0  
   0    0    0    0    0    1    4    2    3    5  
   2    0    0    4    1    0    0    5    3    0  
   0    0    5    0    4    3    2    0    1    0  
   0    0    2    5    4    0    3    0    1    0  
   4    0    0    2    1    5    0    3    0    0  
   5    0    4    0    1    0    0    3    0    2  
   0    0    2    3    5    0    0    4    1    0  
   3    0    1    0    2    0    5    4    0    0  
   3    2    0    5    0    0    4    1    0    0  
   0    0    0    5    3    1    4    2    0    0  
   4    0    1    3    0    0    5    0    0    2  
   1    0    5    4    0    3    0    2    0    0  
   0    3    2    0    1    4    5    0    0    0  
   0    0    3    0    2    0    5    1    0    4  
   3    5    4    0    0    1    2    0    0    0  
   4    0    0    5    0    2    0    0    3    1  
   0    1    4    3    0    0    0    5    2    0  
   0    1    2    4    5    0    0    0    3    0  
   3    5    1    0    0    0    0    4    2    0  
   0    4    0    0    0    0    5    1    2    3  
   2    0    0    0    4    0    0    5    3    1  
   1    0    0    5    3    0    4    0    0    2  
   1    0    2    4    3    0    0    0    5    0  
   2    1    3    0    4    5    0    0    0    0  
   5    0    0    4    0    2    1    0    3    0  
   0    2    0    4    5    3    0    0    1    0  
   0    3    0    2    5    1    0    4    0    0  
   4    0    3    5    0    0    2    0    1    0  
   0    2    5    1    4    3    0    0    0    0  
   2    0    0    3    0    1    5    0    0    4  
   0    0    0    1    2    4    5    0    3    0  
   0    0    3    2    4    5    1    0    0    0  
   0    4    3    5    1    0    0    2    0    0  
   1    5    4    0    2    0    0    3    0    0  
   0    2    1    5    3    0    0    0    0    4  
   0    3    1    0    4    2    0    0    0    5  
   4    0    0    3    0    2    0    5    1    0  
   1    0    0    5    3    0    0    2    4    0  
   0    2    4    0    0    0    1    3    0    5  
   5    2    3    0    4    0    0    0    1    0  
   2    0    4    0    0    0    1    0    3    5  
   1    3    5    0    0    4    0    2    0    0  
   0    4    0    0    0    3    5    0    1    2  
   0    0    4    0    0    2    5    3    0    1  
   4    3    5    0    2    0    0    0    0    1  
   5    0    0    0    4    0    2    3    0    1  
   2    4    1    0    0    0    0    5    3    0  
   0    0    5    1    0    0    0    4    2    3  
   4    5    3    1    0    0    0    0    2    0  
   0    0    2    5    0    1    3    4    0    0  
   0    3    4    0    0    0    5    1    0    2  
   4    0    0    0    2    0    0    1    5    3  
   0    3    0    1    2    0    4    5    0    0  
   4    0    0    0    2    5    3    0    0    1  
   0    2    0    4    0    3    1    5    0    0  
   4    0    0    0    3    1    2    5    0    0  
   0    0    0    0    2    3    4    5    0    1  
   1    3    5    0    0    0    4    2    0    0  
   0    5    0    0    3    0    1    2    0    4  
   5    1    0    0    3    0    4    2    0    0  
   0    0    3    5    0    0    1    2    0    4  
   0    0    2    4    3    1    0    0    5    0  
   2    5    0    3    0    0    0    0    1    4  
   0    0    0    0    3    2    4    1    0    5  
   0    5    0    0    1    3    4    0    2    0  
   2    0    0    0    0    3    4    0    1    5  
   0    3    2    0    0    5    0    0    4    1  
   0    0    0    0    0    4    5    3    1    2  
   2    0    5    0    4    3    0    1    0    0  
   0    2    0    5    0    0    4    1    0    3  
   0    0    1    3    5    2    0    4    0    0  ] 
RESERVATION PRICES : [    6    6    5    0    0    0    0    6    5    0  
   0    0    0   13    0   11   12    0   12   12  
   0   17   19    0   16    0    0    0   16   19  
  18    0    0   19   17    0    0   19    0   19  
  20    0    0   25   21    0    0   19   22    0  
   0    0    0    0    0   26   25   23   30   25  
   0   23    0    0    0   26    0   29   31   29  
   0   34   32   34    0    0    0    0   34   29  
  39   34    0   32    0    0    0   33   41    0  
  38   32   30    0   33    0    0   30    0    0  
   0   40   36    0    0   42   42    0   36    0  
  39    0    0   44    0   45   43    0    0   38  
   0   47   48   45    0    0    0   39   39    0  
  45    0   41    0   49   49   45    0    0    0  
  44    0   43   55    0    0   47   53    0    0  
  57   48    0    0   57    0    0   50   55    0  
   0    0   55    0   55   66   58    0    0   62  
  59   54    0    0   52    0    0    0   68   63  
  54   55   69    0    0    0   63    0   55    0  
   0   73    0    0    0   57    0   61   72   61  
   0   64    0    0   78   80    0   60    0   65  
  74    0   69    0   74    0   64    0   79    0  
  87   79   75    0   86    0    0    0   79    0  
  87    0    0    0   73   71   76   80    0    0  
  90    0   83    0   92   89    0    0   79    0  
  95  100    0    0  107  106   96    0    0    0  
   0    0    0  112   99    0  105   82  104    0  
 114  114    0    0    0    0  107  100    0   96  
  88  118   92    0   98    0    0  118    0    0  
   0    0    0    0    0  125  106   92  118  116  
 118    0    0  121   92    0    0  102  123    0  
   0    0  127    0  123  133  129    0  122    0  
   0    0  125  115  118    0  124    0  111    0  
 142    0    0  106  125  114    0  143    0    0  
 142    0  132    0  120    0    0  116    0  124  
   0    0  142  128  115    0    0  119  119    0  
 144    0  135    0  115    0  117  118    0    0  
 125  131    0  127    0    0  126  128    0    0  
   0    0    0  129  165  142  143  166    0    0  
 133    0  152  153    0    0  157    0    0  157  
 131    0  170  146    0  124    0  145    0    0  
   0  135  140    0  124  129  122    0    0    0  
   0    0  130    0  160    0  147  162    0  142  
 142  139  136    0    0  157  129    0    0    0  
 173    0    0  173    0  153    0    0  174  168  
   0  134  132  153    0    0    0  158  150    0  
   0  154  133  140  144    0    0    0  142    0  
 163  153  160    0    0    0    0  166  170    0  
   0  162    0    0    0    0  184  191  165  162  
 143    0    0    0  188    0    0  178  184  148  
 161    0    0  185  173    0  145    0    0  191  
 200    0  154  190  183    0    0    0  202    0  
 182  153  197    0  150  156    0    0    0    0  
 200    0    0  200    0  196  199    0  192    0  
   0  165    0  188  178  183    0    0  203    0  
   0  201    0  160  190  163    0  189    0    0  
 182    0  197  187    0    0  214    0  219    0  
   0  231  210  215  180  207    0    0    0    0  
 232    0    0  196    0  192  202    0    0  199  
   0    0    0  188  218  199  241    0  234    0  
   0    0  192  216  248  201  235    0    0    0  
   0  228  229  200  194    0    0  183    0    0  
 181  230  202    0  203    0    0  233    0    0  
   0  207  184  238  202    0    0    0    0  209  
   0  215  228    0  260  195    0    0    0  216  
 253    0    0  245    0  219    0  261  254    0  
 206    0    0  217  197    0    0  250  223    0  
   0  224  228    0    0    0  266  247    0  220  
 220  250  251    0  260    0    0    0  245    0  
 204    0  221    0    0    0  217    0  232  205  
 249  205  249    0    0  227    0  251    0    0  
   0  216    0    0    0  235  259    0  224  264  
   0    0  240    0    0  262  219  258    0  257  
 268  242  273    0  256    0    0    0    0  204  
 254    0    0    0  283    0  216  243    0  227  
 249  251  266    0    0    0    0  240  216    0  
   0    0  240  275    0    0    0  238  238  269  
 271  265  297  295    0    0    0    0  243    0  
   0    0  296  284    0  231  247  217    0    0  
   0  293  264    0    0    0  236  276    0  280  
 280    0    0    0  240    0    0  263  245  281  
   0  282    0  287  238    0  277  280    0    0  
 310    0    0    0  229  262  234    0    0  316  
   0  292    0  305    0  265  255  312    0    0  
 273    0    0    0  243  300  290  282    0    0  
   0    0    0    0  275  264  260  317    0  283  
 250  304  319    0    0    0  274  307    0    0  
   0  286    0    0  247    0  316  320    0  314  
 320  322    0    0  276    0  246  271    0    0  
   0    0  314  306    0    0  285  266    0  287  
   0    0  277  276  282  294    0    0  339    0  
 325  341    0  288    0    0    0    0  296  329  
   0    0    0    0  299  261  321  322    0  341  
   0  287    0    0  306  254  314    0  341    0  
 340    0    0    0    0  296  261    0  297  327  
   0  310  323    0    0  327    0    0  300  261  
   0    0    0    0    0  295  335  277  286  316  
 268    0  335    0  342  278    0  275    0    0  
   0  270    0  328    0    0  266  336    0  314  
   0    0  327  274  351  364    0  344    0    0  ] 
 ] 
