K : 150
I : 5
C : 6
INSTANCE : 1
PREFERENCES : [    1    2    0    0    3  
   0    2    1    0    3  
   0    3    1    0    2  
   0    3    1    2    0  
   1    0    0    3    2  
   2    3    0    1    0  
   1    0    3    2    0  
   1    3    2    0    0  
   0    0    3    2    1  
   1    2    0    0    3  
   0    3    1    2    0  
   3    0    2    0    1  
   2    0    0    3    1  
   1    3    0    0    2  
   2    0    1    3    0  
   3    2    1    0    0  
   0    2    0    3    1  
   1    3    2    0    0  
   1    0    2    0    3  
   0    1    3    2    0  
   1    0    3    2    0  
   0    3    1    2    0  
   0    0    3    2    1  
   0    1    2    3    0  
   3    0    1    2    0  
   2    0    3    0    1  
   0    0    1    3    2  
   0    3    0    2    1  
   3    0    1    2    0  
   0    3    2    1    0  
   2    0    1    3    0  
   1    0    2    0    3  
   2    0    0    1    3  
   2    1    0    0    3  
   0    0    3    2    1  
   3    1    0    0    2  
   3    0    0    2    1  
   2    0    3    1    0  
   0    0    3    1    2  
   2    1    3    0    0  
   0    2    3    0    1  
   0    3    0    2    1  
   1    2    0    0    3  
   0    3    2    0    1  
   0    1    2    3    0  
   0    1    0    2    3  
   1    3    0    2    0  
   0    2    0    1    3  
   3    1    2    0    0  
   3    1    2    0    0  
   1    0    2    3    0  
   0    0    3    2    1  
   1    0    3    2    0  
   3    0    2    1    0  
   2    3    1    0    0  
   3    2    0    1    0  
   0    2    3    0    1  
   0    0    2    1    3  
   0    1    2    0    3  
   2    1    0    0    3  
   3    1    2    0    0  
   0    1    0    2    3  
   1    3    0    0    2  
   0    2    3    1    0  
   3    1    0    2    0  
   2    0    0    3    1  
   1    3    0    0    2  
   2    0    3    1    0  
   0    2    3    0    1  
   2    3    0    0    1  
   3    0    2    1    0  
   0    1    2    3    0  
   0    3    0    1    2  
   3    2    0    1    0  
   0    2    1    3    0  
   0    0    1    2    3  
   2    3    0    1    0  
   3    0    0    1    2  
   0    3    1    0    2  
   2    0    3    1    0  
   0    0    3    2    1  
   0    2    3    0    1  
   0    0    1    3    2  
   0    3    1    0    2  
   0    3    0    1    2  
   0    0    2    1    3  
   2    3    1    0    0  
   0    1    0    3    2  
   1    2    0    0    3  
   0    3    0    2    1  
   0    1    0    2    3  
   2    0    1    0    3  
   0    0    1    3    2  
   1    2    0    0    3  
   3    0    1    0    2  
   0    3    2    0    1  
   1    2    3    0    0  
   1    3    0    0    2  
   0    2    3    1    0  
   0    3    0    1    2  
   2    1    0    0    3  
   0    1    2    3    0  
   2    1    3    0    0  
   2    1    3    0    0  
   3    0    1    2    0  
   3    0    2    0    1  
   3    0    2    0    1  
   1    2    3    0    0  
   1    0    2    3    0  
   0    3    1    0    2  
   2    0    0    3    1  
   3    0    2    1    0  
   0    2    3    1    0  
   0    2    3    1    0  
   3    0    1    0    2  
   0    0    2    3    1  
   0    1    0    2    3  
   0    1    2    0    3  
   0    3    0    2    1  
   2    1    3    0    0  
   0    3    2    0    1  
   2    0    1    0    3  
   2    1    3    0    0  
   2    0    3    0    1  
   0    0    2    3    1  
   1    2    0    3    0  
   1    2    3    0    0  
   3    1    0    2    0  
   3    0    2    1    0  
   0    0    2    3    1  
   2    1    0    0    3  
   1    3    0    0    2  
   0    3    2    1    0  
   2    0    3    1    0  
   1    0    0    3    2  
   0    0    3    1    2  
   0    2    0    3    1  
   0    1    0    3    2  
   2    1    3    0    0  
   3    0    2    1    0  
   0    0    2    1    3  
   2    3    0    1    0  
   0    0    3    2    1  
   3    0    1    0    2  
   2    0    3    0    1  
   0    3    1    2    0  
   0    1    0    3    2  
   0    3    1    2    0  
   1    3    0    0    2  
   1    3    0    0    2  ] 
RESERVATION PRICES : [    8    8    0    0   10  
   0   12   14    0   14  
   0   13   11    0   11  
   0   16   12   12    0  
  14    0    0   16   15  
  17   20    0   15    0  
  21    0   23   26    0  
  24   25   27    0    0  
   0    0   26   33   25  
  34   28    0    0   32  
   0   37   32   41    0  
  38    0   32    0   43  
  39    0    0   48   49  
  47   51    0    0   43  
  59    0   43   47    0  
  57   50   58    0    0  
   0   49    0   57   57  
  61   65   65    0    0  
  62    0   70    0   70  
   0   70   72   60    0  
  60    0   68   70    0  
   0   66   86   82    0  
   0    0   86   78   86  
   0   65   81   88    0  
  90    0   91   67    0  
  71    0   90    0   77  
   0    0   92   86   96  
   0   96    0   93   91  
  90    0   88  105    0  
   0   84   90  116    0  
 102    0   96  101    0  
  91    0   90    0   91  
 128    0    0  127  104  
 105  131    0    0  105  
   0    0  123  133  125  
 116  125    0    0  119  
 149    0    0  110  149  
 115    0  141  133    0  
   0    0  148  115  123  
 133  143  118    0    0  
   0  135  144    0  130  
   0  125    0  144  129  
 130  149    0    0  163  
   0  159  132    0  151  
   0  136  150  135    0  
   0  154    0  188  137  
 190  145    0  186    0  
   0  167    0  155  196  
 153  148  149    0    0  
 149  152  159    0    0  
 173    0  173  198    0  
   0    0  216  199  182  
 184    0  202  203    0  
 165    0  186  220    0  
 225  211  204    0    0  
 178  221    0  168    0  
   0  232  186    0  172  
   0    0  209  180  196  
   0  212  238    0  220  
 197  241    0    0  197  
 186  225  200    0    0  
   0  195    0  194  250  
 257  197    0    0  223  
   0  235  190  198    0  
 253  194    0  194    0  
 262    0    0  196  270  
 207  247    0    0  232  
 244    0  273  210    0  
   0  233  208    0  271  
 258  265    0    0  212  
 289    0  227  281    0  
   0  257  267  228    0  
   0  276    0  235  230  
 229  294    0  230    0  
   0  222  231  296    0  
   0    0  289  264  303  
 285  286    0  291    0  
 231    0    0  312  232  
   0  252  298    0  263  
 265    0  325  296    0  
   0    0  323  261  269  
   0  266  314    0  287  
   0    0  331  290  316  
   0  329  247    0  247  
   0  334    0  311  284  
   0    0  329  276  265  
 337  341  274    0    0  
   0  264    0  290  280  
 339  335    0    0  292  
   0  334    0  306  286  
   0  328    0  320  355  
 354    0  317    0  314  
   0    0  369  305  351  
 363  301    0    0  312  
 320    0  307    0  318  
   0  342  278    0  302  
 306  327  277    0    0  
 326  337    0    0  369  
   0  313  291  287    0  
   0  334    0  337  382  
 393  321    0    0  341  
   0  315  371  352    0  
 304  322  317    0    0  
 347  332  397    0    0  
 404    0  392  406    0  
 379    0  350    0  324  
 398    0  337    0  411  
 397  348  346    0    0  
 376    0  309  371    0  
   0  389  422    0  347  
 404    0    0  400  436  
 346    0  405  428    0  
   0  360  325  359    0  
   0  325  341  368    0  
 398    0  365    0  433  
   0    0  444  391  424  
   0  349    0  349  409  
   0  386  395    0  343  
   0  387    0  388  366  
 448  354  375    0    0  
   0  421  430    0  431  
 396    0  432    0  465  
 409  424  430    0    0  
 467    0  382    0  363  
   0    0  415  381  362  
 386  470    0  474    0  
 395  358  423    0    0  
 456  446    0  442    0  
 474    0  366  413    0  
   0    0  434  481  418  
 469  469    0    0  424  
 403  414    0    0  378  
   0  513  430  485    0  
 381    0  480  499    0  
 374    0    0  424  425  
   0    0  473  402  382  
   0  521    0  515  482  
   0  464    0  383  440  
 504  473  502    0    0  
 408    0  470  436    0  
   0    0  415  496  445  
 405  497    0  425    0  
   0    0  528  490  520  
 405    0  500    0  453  
 396    0  451    0  501  
   0  527  540  444    0  
   0  458    0  519  534  
   0  421  407  447    0  
 509  463    0    0  453  
 532  454    0    0  519  ] 
 ] 
