K : 125
I : 10
C : 13
INSTANCE : 3
PREFERENCES : [    0    4    2    0    0    5    0    3    1    0  
   5    2    0    0    0    1    3    4    0    0  
   4    2    0    3    5    1    0    0    0    0  
   2    0    0    0    4    1    5    0    3    0  
   0    5    0    4    0    3    2    1    0    0  
   4    5    1    0    0    3    0    2    0    0  
   0    0    3    0    0    0    5    4    2    1  
   5    0    2    3    0    4    0    1    0    0  
   0    2    5    4    1    0    0    0    0    3  
   0    0    0    3    0    0    2    1    5    4  
   2    4    3    0    5    0    0    0    0    1  
   3    0    0    0    0    1    2    5    4    0  
   0    1    2    3    0    0    4    5    0    0  
   0    0    0    5    0    0    4    3    1    2  
   0    2    4    3    5    1    0    0    0    0  
   0    0    4    3    0    0    5    1    0    2  
   0    1    2    0    0    3    4    0    5    0  
   0    0    0    4    5    2    0    1    0    3  
   5    2    0    0    0    4    3    0    1    0  
   0    4    5    0    2    0    3    0    0    1  
   2    0    0    0    0    0    4    5    1    3  
   0    0    3    0    1    0    2    5    0    4  
   5    0    2    3    4    0    0    0    1    0  
   0    0    0    3    4    0    1    2    5    0  
   1    0    3    2    0    0    5    0    0    4  
   0    3    0    1    0    2    4    0    5    0  
   5    2    4    0    3    0    1    0    0    0  
   0    4    0    0    5    3    0    2    0    1  
   1    0    0    0    0    2    0    4    5    3  
   2    0    0    4    0    5    3    0    1    0  
   3    0    5    1    2    0    0    4    0    0  
   5    3    4    0    0    1    0    0    2    0  
   5    0    3    0    0    2    0    4    0    1  
   0    0    1    2    3    5    4    0    0    0  
   4    0    0    5    0    1    2    0    3    0  
   1    0    0    5    2    4    0    0    3    0  
   4    2    0    0    0    5    3    0    1    0  
   0    3    1    5    0    0    2    4    0    0  
   2    0    0    3    1    0    4    0    5    0  
   0    2    0    0    4    5    3    1    0    0  
   4    0    0    0    2    0    1    0    5    3  
   1    0    0    3    2    5    0    0    0    4  
   5    2    3    4    0    0    0    1    0    0  
   0    0    3    5    0    0    2    1    4    0  
   5    0    0    1    0    0    4    0    2    3  
   0    0    3    0    1    4    2    0    0    5  
   0    0    0    4    2    1    5    3    0    0  
   2    0    1    3    0    0    5    0    4    0  
   2    0    0    4    3    1    5    0    0    0  
   0    5    3    1    0    0    2    0    4    0  
   4    0    0    0    5    2    1    0    3    0  
   4    0    0    5    1    0    2    3    0    0  
   5    0    0    0    2    3    0    4    1    0  
   0    0    2    3    0    0    0    5    1    4  
   0    2    4    0    1    0    0    0    3    5  
   0    3    0    4    5    0    0    2    0    1  
   0    5    0    3    0    4    0    2    0    1  
   1    0    0    0    4    5    0    3    0    2  
   2    5    3    0    1    0    0    0    0    4  
   0    5    4    0    0    0    2    3    1    0  
   2    0    3    4    0    5    0    0    1    0  
   1    3    2    4    0    5    0    0    0    0  
   5    0    3    2    0    0    1    0    4    0  
   0    5    1    3    0    0    2    0    4    0  
   0    0    3    0    0    1    2    5    4    0  
   5    0    0    3    0    1    4    2    0    0  
   5    0    4    1    0    2    0    0    0    3  
   0    4    0    3    5    0    0    1    2    0  
   5    0    0    0    3    0    2    1    0    4  
   5    1    4    0    3    0    0    0    2    0  
   0    5    2    3    0    4    0    1    0    0  
   4    0    0    0    0    2    0    5    3    1  
   2    3    0    1    0    5    4    0    0    0  
   3    0    0    0    5    4    2    0    1    0  
   3    4    5    0    2    0    0    1    0    0  
   3    0    0    1    0    4    0    5    2    0  
   0    0    3    5    4    1    0    0    0    2  
   1    0    0    0    4    3    5    0    2    0  
   4    0    0    0    1    5    2    0    3    0  
   0    0    0    3    1    5    0    0    2    4  
   1    2    5    0    0    4    0    0    0    3  
   3    0    4    5    0    1    2    0    0    0  
   0    0    4    1    0    0    3    2    0    5  
   0    3    2    0    0    5    1    4    0    0  
   4    3    1    0    2    0    0    5    0    0  
   0    0    3    0    0    5    1    2    0    4  
   1    4    0    0    5    0    0    0    3    2  
   0    2    0    0    3    0    5    4    0    1  
   0    0    0    0    0    5    4    3    2    1  
   0    3    4    5    0    0    1    0    2    0  
   2    5    0    0    0    0    0    3    4    1  
   0    0    2    5    0    3    0    0    1    4  
   0    0    0    0    2    0    3    5    1    4  
   1    4    0    0    0    5    0    0    3    2  
   3    0    2    0    5    0    1    0    4    0  
   0    4    3    2    0    0    0    1    5    0  
   0    4    0    5    2    0    3    1    0    0  
   0    4    0    5    0    0    0    3    2    1  
   0    0    0    4    2    1    0    5    0    3  
   0    5    0    1    0    0    4    2    0    3  
   3    2    0    5    1    0    0    0    0    4  
   5    4    3    1    0    0    2    0    0    0  
   5    0    1    4    0    3    0    0    2    0  
   0    0    2    0    4    5    1    3    0    0  
   0    3    0    4    0    0    0    1    2    5  
   2    0    1    0    5    4    0    0    3    0  
   0    0    4    0    0    5    2    1    0    3  
   2    4    0    0    0    3    5    0    1    0  
   0    0    0    3    0    0    5    2    1    4  
   4    5    0    3    1    0    0    2    0    0  
   4    0    0    1    5    3    0    2    0    0  
   0    4    0    5    0    0    1    0    2    3  
   3    0    0    0    2    5    4    0    0    1  
   0    0    5    0    4    1    0    3    2    0  
   0    4    0    1    3    5    0    0    0    2  
   0    2    0    0    4    3    0    1    0    5  
   5    1    2    0    0    3    0    0    4    0  
   5    0    0    2    4    0    0    0    1    3  
   1    0    3    0    0    0    4    0    5    2  
   0    0    0    1    4    0    0    2    5    3  
   0    0    4    0    2    1    0    3    5    0  
   4    0    2    0    5    0    0    1    3    0  
   0    3    4    0    1    2    0    0    0    5  
   1    3    0    0    4    0    5    0    0    2  
   0    4    3    0    0    5    2    1    0    0  ] 
RESERVATION PRICES : [    0    7    6    0    0    7    0    7    7    0  
   7    7    0    0    0    6    6    6    0    0  
  12   11    0   12   11   14    0    0    0    0  
  14    0    0    0   15   14   15    0   15    0  
   0   15    0   18    0   17   19   17    0    0  
  19   20   20    0    0   19    0   20    0    0  
   0    0   21    0    0    0   25   24   20   22  
  27    0   31   28    0   32    0   32    0    0  
   0   31   35   37   27    0    0    0    0   37  
   0    0    0   42    0    0   35   40   39   34  
  32   42   38    0   37    0    0    0    0   42  
  43    0    0    0    0   32   33   41   44    0  
   0   48   49   37    0    0   44   36    0    0  
   0    0    0   41    0    0   44   50   44   48  
   0   49   57   55   44   48    0    0    0    0  
   0    0   48   54    0    0   61   55    0   49  
   0   60   56    0    0   63   57    0   67    0  
   0    0    0   66   54   70    0   70    0   67  
  65   60    0    0    0   60   59    0   74    0  
   0   71   74    0   84    0   83    0    0   74  
  72    0    0    0    0    0   70   63   61   67  
   0    0   84    0   65    0   77   84    0   61  
  78    0   85   73   87    0    0    0   87    0  
   0    0    0   85   88    0   79   89   75    0  
  98    0   78   76    0    0   87    0    0   87  
   0   95    0  101    0   90   75    0   77    0  
  80  102   88    0   84    0  104    0    0    0  
   0  101    0    0  101   80    0   98    0   83  
  87    0    0    0    0   87    0  106   90   94  
 100    0    0  117    0   87   89    0  102    0  
 102    0  115  122   98    0    0  122    0    0  
 120  121  121    0    0  117    0    0   94    0  
 121    0  103    0    0  133    0  100    0  130  
   0    0  124  106  108  102  124    0    0    0  
 119    0    0  119    0  138  131    0  138    0  
 102    0    0  126  102  132    0    0  108    0  
 128  112    0    0    0  110  135    0  125    0  
   0  126  112  130    0    0  127  141    0    0  
 140    0    0  117  118    0  141    0  133    0  
   0  128    0    0  115  157  147  138    0    0  
 150    0    0    0  130    0  123    0  120  158  
 126    0    0  141  122  154    0    0    0  153  
 156  137  130  132    0    0    0  134    0    0  
   0    0  162  129    0    0  138  154  137    0  
 158    0    0  150    0    0  149    0  169  143  
   0    0  140    0  156  144  167    0    0  151  
   0    0    0  170  181  157  141  172    0    0  
 173    0  187  162    0    0  175    0  139    0  
 134    0    0  151  147  152  143    0    0    0  
   0  176  159  154    0    0  154    0  169    0  
 174    0    0    0  177  183  167    0  179    0  
 159    0    0  178  153    0  157  160    0    0  
 160    0    0    0  155  170    0  163  186    0  
   0    0  203  198    0    0    0  157  197  161  
   0  192  156    0  199    0    0    0  186  197  
   0  166    0  177  189    0    0  196    0  176  
   0  170    0  165    0  151    0  197    0  157  
 187    0    0    0  173  156    0  158    0  201  
 202  160  203    0  180    0    0    0    0  178  
   0  213  203    0    0    0  182  202  201    0  
 185    0  225  203    0  220    0    0  221    0  
 170  221  190  186    0  223    0    0    0    0  
 206    0  215  184    0    0  218    0  219    0  
   0  192  208  185    0    0  231    0  198    0  
   0    0  206    0    0  177  237  198  233    0  
 229    0    0  219    0  194  224  216    0    0  
 205    0  230  197    0  231    0    0    0  246  
   0  231    0  192  225    0    0  247  207    0  
 244    0    0    0  208    0  263  257    0  244  
 200  217  236    0  226    0    0    0  250    0  
   0  238  210  239    0  219    0  260    0    0  
 220    0    0    0    0  220    0  235  257  237  
 232  277    0  275    0  254  230    0    0    0  
 227    0    0    0  214  245  203    0  214    0  
 260  252  263    0  252    0    0  217    0    0  
 281    0    0  270    0  249    0  279  248    0  
   0    0  266  223  249  218    0    0    0  275  
 219    0    0    0  227  243  224    0  248    0  
 249    0    0    0  263  261  270    0  267    0  
   0    0    0  246  278  284    0    0  222  245  
 227  270  253    0    0  304    0    0    0  263  
 244    0  272  285    0  235  280    0    0    0  
   0    0  297  237    0    0  253  253    0  279  
   0  312  265    0    0  247  236  244    0    0  
 247  264  309    0  286    0    0  239    0    0  
   0    0  292    0    0  238  250  276    0  242  
 239  302    0    0  313    0    0    0  270  249  
   0  334    0    0  255    0  269  306    0  264  
   0    0    0    0    0  293  308  335  313  250  
   0  311  342  311    0    0  290    0  343    0  
 313  307    0    0    0    0    0  325  253  317  
   0    0  277  329    0  337    0    0  280  273  
   0    0    0    0  318    0  343  292  267  328  
 343  331    0    0    0  332    0    0  328  307  
 358    0  304    0  315    0  318    0  275    0  
   0  317  286  293    0    0    0  304  316    0  
   0  274    0  315  314    0  360  335    0    0  
   0  334    0  360    0    0    0  281  361  300  
   0    0    0  312  266  273    0  264    0  315  
   0  335    0  278    0    0  291  332    0  303  
 305  266    0  272  286    0    0    0    0  355  
 363  280  321  273    0    0  344    0    0    0  
 337    0  284  307    0  308    0    0  361    0  
   0    0  295    0  338  278  352  331    0    0  
   0  284    0  366    0    0    0  359  291  385  
 286    0  381    0  382  349    0    0  349    0  
   0    0  388    0    0  372  299  358    0  382  
 343  346    0    0    0  330  396    0  318    0  
   0    0    0  360    0    0  333  330  349  294  
 377  346    0  355  381    0    0  386    0    0  
 407    0    0  346  344  358    0  396    0    0  
   0  402    0  376    0    0  386    0  325  328  
 353    0    0    0  361  303  339    0    0  334  
   0    0  312    0  361  401    0  313  315    0  
   0  379    0  416  322  318    0    0    0  423  
   0  315    0    0  393  378    0  404    0  372  
 406  360  395    0    0  329    0    0  421    0  
 381    0    0  444  346    0    0    0  381  324  
 423    0  404    0    0    0  394    0  406  320  
   0    0    0  394  342    0    0  340  444  345  
   0    0  428    0  343  337    0  449  411    0  
 415    0  444    0  379    0    0  335  355    0  
   0  333  353    0  406  333    0    0    0  451  
 338  359    0    0  461    0  425    0    0  413  
   0  432  464    0    0  374  365  456    0    0  ] 
 ] 
