K : 75
I : 15
C : 12
INSTANCE : 5
PREFERENCES : [    0    0    0    0    4    2    0    0    1    0    0    0    3    0    5  
   0    3    0    0    0    0    0    0    2    4    1    0    5    0    0  
   0    3    0    0    1    0    0    0    0    0    0    4    5    2    0  
   0    0    0    0    0    0    0    4    0    5    0    2    3    0    1  
   0    0    0    0    0    3    0    2    5    0    4    0    1    0    0  
   0    5    0    0    0    4    1    3    0    0    2    0    0    0    0  
   1    0    0    0    0    4    0    0    3    0    0    5    0    2    0  
   0    3    0    1    0    5    0    0    2    0    0    0    4    0    0  
   0    0    4    2    5    0    0    0    1    0    0    0    0    0    3  
   0    0    0    0    0    0    0    0    0    3    0    2    4    1    5  
   0    1    2    0    0    0    0    5    0    0    4    0    0    0    3  
   4    0    0    5    2    1    0    0    0    0    0    3    0    0    0  
   4    5    0    0    0    0    1    0    3    0    2    0    0    0    0  
   0    5    0    2    0    0    0    1    0    0    0    3    4    0    0  
   0    3    0    0    0    0    0    1    4    0    2    0    0    0    5  
   0    0    4    0    2    0    1    0    0    0    0    0    3    5    0  
   0    0    0    5    0    2    1    0    0    3    0    0    0    4    0  
   5    0    0    0    3    0    0    0    2    0    0    1    0    4    0  
   4    2    3    0    0    0    5    0    0    0    0    0    0    0    1  
   0    0    0    2    0    0    0    1    3    5    0    0    0    4    0  
   0    0    1    0    0    0    0    3    0    2    4    5    0    0    0  
   1    0    0    4    0    2    0    0    3    0    0    0    0    5    0  
   5    4    0    0    0    0    0    0    0    1    0    0    0    2    3  
   1    0    0    5    0    0    0    0    3    0    0    0    0    4    2  
   0    0    4    0    0    0    3    2    0    0    0    0    1    0    5  
   1    0    0    0    0    0    2    0    0    0    3    0    5    0    4  
   4    0    0    3    0    1    0    0    0    0    5    0    2    0    0  
   5    0    0    0    0    0    4    3    0    0    1    0    0    2    0  
   1    0    0    0    0    4    0    0    2    5    0    0    0    0    3  
   0    0    1    0    0    5    0    0    0    0    4    0    0    3    2  
   0    0    5    2    0    0    1    0    4    3    0    0    0    0    0  
   5    0    4    3    0    0    0    1    0    0    0    0    2    0    0  
   0    0    2    1    5    0    0    0    0    0    4    0    0    0    3  
   2    0    1    0    3    4    0    0    0    0    0    0    0    0    5  
   3    0    2    0    0    0    0    1    5    0    4    0    0    0    0  
   2    0    0    0    3    0    0    5    0    0    0    0    1    4    0  
   1    0    3    0    0    0    0    0    4    0    0    2    0    5    0  
   0    0    4    0    3    0    0    0    0    2    0    0    5    1    0  
   0    0    0    0    2    3    0    0    4    0    5    0    0    0    1  
   2    0    0    0    0    0    4    0    0    0    1    0    5    3    0  
   2    0    0    5    0    0    0    0    4    0    0    0    3    1    0  
   0    0    0    0    0    5    0    0    1    0    3    0    4    0    2  
   0    0    0    0    4    0    0    0    5    1    0    3    0    0    2  
   0    1    4    3    0    0    5    0    0    0    2    0    0    0    0  
   0    3    0    0    5    4    0    0    0    0    1    0    0    0    2  
   2    0    0    4    0    0    0    0    5    3    0    0    1    0    0  
   0    0    0    2    3    0    0    0    0    4    0    1    5    0    0  
   0    0    0    0    0    3    5    1    0    0    2    0    4    0    0  
   0    5    0    3    0    0    0    0    2    0    0    0    0    4    1  
   0    0    0    0    0    0    2    1    0    3    4    5    0    0    0  
   2    1    0    5    0    0    0    3    0    4    0    0    0    0    0  
   0    0    0    5    0    0    0    2    0    4    0    0    0    1    3  
   4    0    0    0    0    0    0    0    5    0    2    3    1    0    0  
   0    5    0    0    2    1    0    0    0    0    3    0    0    0    4  
   0    1    3    0    0    0    0    0    0    0    0    0    2    5    4  
   0    1    0    0    4    0    0    2    5    0    3    0    0    0    0  
   0    0    1    5    0    0    0    4    3    0    2    0    0    0    0  
   0    0    4    0    0    0    0    0    0    1    5    3    0    0    2  
   5    4    0    2    0    0    0    0    0    0    1    0    0    3    0  
   0    0    0    0    4    0    0    0    0    1    5    0    3    0    2  
   0    0    5    1    0    0    0    0    0    2    3    0    0    4    0  
   1    0    3    0    0    0    0    0    0    0    5    2    4    0    0  
   0    3    0    2    4    0    0    1    0    0    0    0    5    0    0  
   0    0    2    4    0    0    3    1    0    0    0    0    5    0    0  
   3    0    0    4    0    0    2    0    0    1    0    0    0    5    0  
   3    0    0    0    0    1    0    0    0    0    0    0    2    4    5  
   0    0    0    4    1    0    0    0    0    0    5    2    3    0    0  
   0    1    0    0    0    0    4    3    0    0    0    2    0    0    5  
   0    0    0    3    0    2    1    0    0    0    5    0    0    0    4  
   0    0    2    0    0    3    5    0    1    0    0    0    0    0    4  
   0    0    2    3    0    4    0    0    0    0    1    5    0    0    0  
   5    0    4    0    0    0    1    0    0    3    2    0    0    0    0  
   0    0    2    0    0    0    0    0    4    3    1    5    0    0    0  
   0    2    0    1    4    0    0    0    3    0    0    0    0    5    0  
   1    3    0    0    0    0    0    0    0    5    0    4    0    2    0  ] 
RESERVATION PRICES : [    0    0    0    0    6    5    0    0    5    0    0    0    6    0    6  
   0   13    0    0    0    0    0    0   13   11   12    0   12    0    0  
   0   13    0    0   17    0    0    0    0    0    0   16   13   15    0  
   0    0    0    0    0    0    0   17    0   22    0   22   23    0   18  
   0    0    0    0    0   22    0   19   21    0   19    0   22    0    0  
   0   24    0    0    0   23   26   30    0    0   30    0    0    0    0  
  32    0    0    0    0   35    0    0   28    0    0   28    0   27    0  
   0   31    0   33    0   41    0    0   30    0    0    0   30    0    0  
   0    0   47   45   42    0    0    0   38    0    0    0    0    0   36  
   0    0    0    0    0    0    0    0    0   35    0   37   44   43   40  
   0   37   45    0    0    0    0   43    0    0   41    0    0    0   36  
  50    0    0   53   51   47    0    0    0    0    0   43    0    0    0  
  54   49    0    0    0    0   50    0   47    0   56    0    0    0    0  
   0   52    0   59    0    0    0   62    0    0    0   55   55    0    0  
   0   63    0    0    0    0    0   49   65    0   63    0    0    0   52  
   0    0   58    0   55    0   71    0    0    0    0    0   58   57    0  
   0    0    0   62    0   65   60    0    0   71    0    0    0   62    0  
  60    0    0    0   55    0    0    0   60    0    0   55    0   58    0  
  71   72   72    0    0    0   67    0    0    0    0    0    0    0   72  
   0    0    0   77    0    0    0   87   72   76    0    0    0   82    0  
   0    0   84    0    0    0    0   92    0   75   80   79    0    0    0  
  88    0    0   92    0   79    0    0   86    0    0    0    0   85    0  
  78   79    0    0    0    0    0    0    0   88    0    0    0   91   94  
 102    0    0   80    0    0    0    0   81    0    0    0    0   84   78  
   0    0   97    0    0    0  107   97    0    0    0    0  100    0   99  
 105    0    0    0    0    0  110    0    0    0  107    0  101    0  109  
  97    0    0  110    0  114    0    0    0    0  112    0   94    0    0  
 116    0    0    0    0    0  118  105    0    0  117    0    0  115    0  
 115    0    0    0    0   97    0    0   95   98    0    0    0    0  101  
   0    0   93    0    0  123    0    0    0    0  105    0    0  113  116  
   0    0  113   98    0    0   89    0  100   95    0    0    0    0    0  
 102    0  122  125    0    0    0  108    0    0    0    0  126    0    0  
   0    0  121  108  111    0    0    0    0    0  122    0    0    0  100  
 135    0  104    0   99  101    0    0    0    0    0    0    0    0  105  
 125    0  140    0    0    0    0  122  119    0  128    0    0    0    0  
 108    0    0    0  146    0    0  108    0    0    0    0  137  141    0  
 148    0  144    0    0    0    0    0  130    0    0  145    0  129    0  
   0    0  136    0  121    0    0    0    0  149    0    0  121  153    0  
   0    0    0    0  128  157    0    0  124    0  160    0    0    0  163  
 148    0    0    0    0    0  138    0    0    0  121    0  128  163    0  
 137    0    0  144    0    0    0    0  126    0    0    0  158  130    0  
   0    0    0    0    0  134    0    0  153    0  131    0  130    0  137  
   0    0    0    0  173    0    0    0  130  142    0  162    0    0  136  
   0  164  164  170    0    0  145    0    0    0  130    0    0    0    0  
   0  153    0    0  135  160    0    0    0    0  135    0    0    0  154  
 149    0    0  171    0    0    0    0  142  157    0    0  153    0    0  
   0    0    0  159  175    0    0    0    0  139    0  177  142    0    0  
   0    0    0    0    0  161  190  161    0    0  157    0  165    0    0  
   0  167    0  150    0    0    0    0  186    0    0    0    0  175  183  
   0    0    0    0    0    0  163  166    0  193  176  167    0    0    0  
 149  177    0  174    0    0    0  169    0  202    0    0    0    0    0  
   0    0    0  169    0    0    0  159    0  186    0    0    0  164  164  
 190    0    0    0    0    0    0    0  213    0  172  172  193    0    0  
   0  164    0    0  182  198    0    0    0    0  199    0    0    0  166  
   0  219  209    0    0    0    0    0    0    0    0    0  191  216  189  
   0  206    0    0  202    0    0  162  208    0  211    0    0    0    0  
   0    0  184  173    0    0    0  188  216    0  188    0    0    0    0  
   0    0  173    0    0    0    0    0    0  201  178  180    0    0  215  
 171  185    0  227    0    0    0    0    0    0  220    0    0  233    0  
   0    0    0    0  205    0    0    0    0  186  205    0  215    0  190  
   0    0  177  206    0    0    0    0    0  240  237    0    0  244    0  
 191    0  189    0    0    0    0    0    0    0  192  185  226    0    0  
   0  239    0  203  205    0    0  182    0    0    0    0  199    0    0  
   0    0  245  222    0    0  230  192    0    0    0    0  182    0    0  
 248    0    0  218    0    0  231    0    0  229    0    0    0  226    0  
 183    0    0    0    0  185    0    0    0    0    0    0  219  237  231  
   0    0    0  196  186    0    0    0    0    0  210  216  221    0    0  
   0  221    0    0    0    0  230  246    0    0    0  200    0    0  210  
   0    0    0  229    0  225  224    0    0    0  196    0    0    0  229  
   0    0  218    0    0  217  217    0  239    0    0    0    0    0  197  
   0    0  241  228    0  259    0    0    0    0  225  202    0    0    0  
 250    0  269    0    0    0  205    0    0  206  198    0    0    0    0  
   0    0  205    0    0    0    0    0  247  257  233  270    0    0    0  
   0  228    0  276  272    0    0    0  216    0    0    0    0  273    0  
 262  279    0    0    0    0    0    0    0  256    0  232    0  212    0  ] 
 ] 
