K : 100
I : 15
C : 4
INSTANCE : 2
PREFERENCES : [    4    3    1    0    5    0    0    0    0    2    0    0    0    0    0  
   3    0    0    1    0    0    5    0    4    0    0    0    2    0    0  
   0    0    4    0    0    3    0    0    1    0    2    5    0    0    0  
   0    1    0    0    4    3    0    0    2    0    0    0    0    0    5  
   3    0    0    0    0    0    0    0    1    4    0    2    0    5    0  
   0    4    0    0    0    2    5    0    0    0    0    0    1    3    0  
   0    5    0    0    2    0    0    4    0    0    0    0    1    0    3  
   0    0    0    3    1    4    0    0    0    5    0    0    0    2    0  
   0    2    0    0    0    5    3    0    1    0    0    0    4    0    0  
   2    1    0    0    0    0    4    0    0    0    3    0    0    5    0  
   4    0    0    0    0    2    0    0    3    0    0    0    5    1    0  
   1    0    0    0    0    0    2    0    3    0    5    4    0    0    0  
   0    2    0    4    0    0    3    0    0    0    5    1    0    0    0  
   0    0    0    0    0    1    4    5    0    0    0    3    2    0    0  
   0    2    1    0    0    0    4    0    0    0    5    0    0    0    3  
   4    0    0    0    0    0    0    3    0    1    5    0    0    2    0  
   3    0    0    5    2    0    0    0    0    1    0    0    0    4    0  
   0    0    0    4    0    2    0    1    0    0    5    3    0    0    0  
   0    5    0    0    0    0    2    0    0    4    0    3    0    1    0  
   0    0    4    2    0    0    0    1    0    0    5    0    0    3    0  
   0    0    0    2    0    0    0    0    5    0    1    0    4    3    0  
   3    0    0    0    5    2    1    0    4    0    0    0    0    0    0  
   0    0    0    0    0    0    0    0    0    0    5    2    1    4    3  
   0    0    0    1    3    0    2    0    0    0    0    5    0    0    4  
   0    0    0    0    0    1    0    2    0    3    0    0    0    4    5  
   0    0    2    1    0    4    0    0    0    0    5    3    0    0    0  
   4    0    1    0    3    0    0    0    5    0    0    2    0    0    0  
   3    0    0    4    0    0    0    0    5    0    0    0    1    2    0  
   0    5    0    4    0    0    0    0    1    0    0    3    0    0    2  
   0    0    0    0    2    3    0    0    4    5    1    0    0    0    0  
   0    4    0    1    5    0    3    0    0    2    0    0    0    0    0  
   0    0    0    0    0    2    4    0    0    0    5    1    0    3    0  
   0    2    0    5    0    0    0    0    3    0    0    4    0    0    1  
   4    0    2    5    0    0    0    0    0    0    3    0    0    1    0  
   4    0    5    1    0    0    2    3    0    0    0    0    0    0    0  
   0    4    0    5    2    0    0    0    0    0    0    0    3    1    0  
   3    0    5    0    0    0    0    0    0    1    0    4    0    2    0  
   4    0    5    0    0    0    0    0    0    0    2    0    0    3    1  
   0    0    0    0    0    1    0    3    0    4    5    0    0    2    0  
   0    0    0    0    0    2    0    0    1    5    4    3    0    0    0  
   0    3    0    0    0    0    0    0    1    0    4    5    0    2    0  
   4    0    0    0    0    0    5    0    1    0    3    0    0    2    0  
   0    4    3    0    2    0    0    0    1    0    0    5    0    0    0  
   0    0    0    2    0    0    4    0    5    0    0    0    3    1    0  
   1    3    0    0    0    0    5    0    0    4    0    0    2    0    0  
   0    0    0    2    0    1    0    0    0    4    0    0    5    0    3  
   0    0    5    0    3    4    2    0    0    0    0    0    0    0    1  
   0    0    0    0    0    5    0    3    0    4    0    0    0    1    2  
   0    3    0    0    0    5    0    4    2    0    0    0    0    0    1  
   4    1    0    0    5    0    0    0    2    0    0    0    3    0    0  
   0    2    1    5    4    0    0    0    0    0    0    0    0    3    0  
   3    0    2    5    1    0    0    0    0    0    0    0    0    4    0  
   0    0    2    0    0    0    0    5    4    0    0    3    0    0    1  
   0    0    0    4    0    5    0    1    2    0    3    0    0    0    0  
   0    0    4    2    0    0    1    5    0    0    0    0    0    3    0  
   0    0    2    0    0    0    0    0    5    0    4    0    0    3    1  
   0    0    5    0    4    0    0    0    1    0    0    3    0    0    2  
   4    1    2    3    0    5    0    0    0    0    0    0    0    0    0  
   5    0    0    0    4    0    0    2    0    1    3    0    0    0    0  
   0    1    4    3    0    0    5    0    0    0    0    0    0    0    2  
   0    5    3    0    0    1    0    0    4    0    0    0    0    2    0  
   0    1    0    0    3    0    2    5    4    0    0    0    0    0    0  
   5    0    0    0    0    0    0    0    0    1    0    0    4    2    3  
   1    0    4    0    0    0    0    0    3    0    5    0    0    2    0  
   0    5    0    3    4    0    0    0    0    0    0    1    0    2    0  
   0    2    0    0    1    0    0    0    0    0    5    0    4    3    0  
   0    0    0    5    0    4    0    0    0    3    0    1    2    0    0  
   4    0    0    0    0    0    0    0    2    0    0    0    1    5    3  
   0    0    0    4    0    0    5    0    1    2    0    0    0    0    3  
   0    2    0    5    0    3    0    1    0    4    0    0    0    0    0  
   0    5    0    0    0    0    0    4    1    0    0    0    0    2    3  
   0    0    0    0    1    0    0    0    0    3    2    5    4    0    0  
   0    4    0    0    1    0    5    0    0    0    3    0    0    2    0  
   0    0    0    2    0    4    0    0    3    0    0    1    5    0    0  
   0    0    5    0    1    0    2    4    0    0    0    0    0    0    3  
   0    1    2    3    4    0    0    0    0    0    0    0    0    0    5  
   0    1    0    0    2    4    0    0    0    3    0    0    5    0    0  
   3    0    1    0    0    2    0    0    0    4    0    0    0    5    0  
   0    0    0    0    2    4    5    1    0    3    0    0    0    0    0  
   0    2    0    1    0    0    0    0    0    0    3    4    5    0    0  
   0    0    3    0    4    0    0    0    0    2    0    5    1    0    0  
   2    0    3    0    0    0    0    1    4    5    0    0    0    0    0  
   1    0    0    0    2    0    3    5    0    0    0    4    0    0    0  
   0    0    0    1    0    0    2    3    0    0    0    4    0    0    5  
   0    3    0    0    2    1    5    0    0    0    0    4    0    0    0  
   3    5    0    4    2    0    0    0    0    0    0    0    0    0    1  
   0    3    0    5    0    0    0    0    1    0    2    0    0    0    4  
   3    0    1    0    0    0    4    0    0    2    0    5    0    0    0  
   0    0    2    0    0    1    5    0    4    0    0    0    0    0    3  
   4    0    5    2    0    1    0    3    0    0    0    0    0    0    0  
   0    5    0    0    1    2    0    0    0    3    0    0    0    0    4  
   4    1    0    0    5    0    0    0    0    2    0    0    0    3    0  
   1    3    4    0    0    0    0    0    5    0    0    0    0    0    2  
   0    0    0    3    0    5    0    4    0    0    0    0    2    0    1  
   4    0    0    0    0    0    0    0    0    0    5    3    0    1    2  
   1    0    0    4    0    0    5    0    0    0    3    0    0    2    0  
   0    0    2    5    0    0    1    0    0    0    0    3    0    4    0  
   0    5    0    0    0    1    0    0    0    0    2    3    4    0    0  
   0    0    1    0    0    0    5    0    2    0    0    4    3    0    0  
   3    4    0    0    0    5    1    2    0    0    0    0    0    0    0  ] 
RESERVATION PRICES : [    8    9   10    0    8    0    0    0    0    9    0    0    0    0    0  
  13    0    0   11    0    0   14    0   14    0    0    0   12    0    0  
   0    0   14    0    0   12    0    0   13    0   14   11    0    0    0  
   0   19    0    0   18   14    0    0   19    0    0    0    0    0   18  
  17    0    0    0    0    0    0    0   17   18    0   18    0   17    0  
   0   23    0    0    0   24   21    0    0    0    0    0   21   18    0  
   0   20    0    0   20    0    0   25    0    0    0    0   23    0   26  
   0    0    0   30   28   24    0    0    0   30    0    0    0   24    0  
   0   28    0    0    0   35   29    0   27    0    0    0   31    0    0  
  34   37    0    0    0    0   32    0    0    0   35    0    0   31    0  
  36    0    0    0    0   44    0    0   40    0    0    0   33   44    0  
  47    0    0    0    0    0   47    0   52    0   52   51    0    0    0  
   0   42    0   44    0    0   54    0    0    0   39   39    0    0    0  
   0    0    0    0    0   45   53   56    0    0    0   55   56    0    0  
   0   53   46    0    0    0   60    0    0    0   58    0    0    0   58  
  49    0    0    0    0    0    0   60    0   60   61    0    0   56    0  
  51    0    0   60   65    0    0    0    0   54    0    0    0   64    0  
   0    0    0   71    0   72    0   62    0    0   72   54    0    0    0  
   0   59    0    0    0    0   58    0    0   58    0   63    0   59    0  
   0    0   82   61    0    0    0   83    0    0   75    0    0   76    0  
   0    0    0   88    0    0    0    0   68    0   89    0   79   68    0  
  79    0    0    0   65   86   81    0   75    0    0    0    0    0    0  
   0    0    0    0    0    0    0    0    0    0   71   71   77   66   90  
   0    0    0   79   79    0   86    0    0    0    0   78    0    0   69  
   0    0    0    0    0   86    0   93    0   83    0    0    0   89   95  
   0    0   82   78    0  103    0    0    0    0   99   95    0    0    0  
 104    0   85    0  104    0    0    0   94    0    0  111    0    0    0  
 113    0    0  110    0    0    0    0  101    0    0    0   89  115    0  
   0  111    0  118    0    0    0    0   98    0    0   89    0    0  110  
   0    0    0    0  117  104    0    0  112  120  118    0    0    0    0  
   0  111    0  108  120    0  124    0    0  113    0    0    0    0    0  
   0    0    0    0    0  115  122    0    0    0  100  116    0   99    0  
   0  118    0  115    0    0    0    0   97    0    0   97    0    0  111  
 132    0  107  105    0    0    0    0    0    0  110    0    0  113    0  
 109    0  104  129    0    0  120  103    0    0    0    0    0    0    0  
   0  119    0  135  125    0    0    0    0    0    0    0  143  114    0  
 123    0  133    0    0    0    0    0    0  146    0  134    0  111    0  
 123    0  141    0    0    0    0    0    0    0  129    0    0  137  122  
   0    0    0    0    0  136    0  119    0  144  130    0    0  144    0  
   0    0    0    0    0  135    0    0  138  135  128  135    0    0    0  
   0  124    0    0    0    0    0    0  161    0  123  155    0  160    0  
 128    0    0    0    0    0  134    0  148    0  173    0    0  130    0  
   0  155  137    0  130    0    0    0  143    0    0  126    0    0    0  
   0    0    0  167    0    0  138    0  131    0    0    0  142  150    0  
 149  137    0    0    0    0  155    0    0  141    0    0  170    0    0  
   0    0    0  170    0  138    0    0    0  146    0    0  174    0  157  
   0    0  141    0  149  157  163    0    0    0    0    0    0    0  182  
   0    0    0    0    0  182    0  160    0  162    0    0    0  177  158  
   0  137    0    0    0  179    0  166  178    0    0    0    0    0  146  
 143  142    0    0  192    0    0    0  183    0    0    0  158    0    0  
   0  163  198  190  184    0    0    0    0    0    0    0    0  194    0  
 195    0  152  187  156    0    0    0    0    0    0    0    0  195    0  
   0    0  200    0    0    0    0  197  154    0    0  176    0    0  165  
   0    0    0  199    0  206    0  202  173    0  165    0    0    0    0  
   0    0  155  197    0    0  172  212    0    0    0    0    0  205    0  
   0    0  154    0    0    0    0    0  201    0  171    0    0  204  212  
   0    0  162    0  198    0    0    0  213    0    0  183    0    0  196  
 170  156  207  184    0  198    0    0    0    0    0    0    0    0    0  
 203    0    0    0  166    0    0  198    0  176  211    0    0    0    0  
   0  218  186  205    0    0  228    0    0    0    0    0    0    0  178  
   0  201  183    0    0  199    0    0  207    0    0    0    0  231    0  
   0  213    0    0  202    0  229  199  183    0    0    0    0    0    0  
 208    0    0    0    0    0    0    0    0  211    0    0  188  191  174  
 227    0  186    0    0    0    0    0  230    0  193    0    0  191    0  
   0  187    0  182  247    0    0    0    0    0    0  213    0  208    0  
   0  221    0    0  229    0    0    0    0    0  234    0  205  210    0  
   0    0    0  209    0  225    0    0    0  238    0  253  225    0    0  
 213    0    0    0    0    0    0    0  235    0    0    0  230  210  209  
   0    0    0  216    0    0  210    0  211  226    0    0    0    0  226  
   0  210    0  196    0  198    0  260    0  235    0    0    0    0    0  
   0  210    0    0    0    0    0  208  219    0    0    0    0  258  226  
   0    0    0    0  228    0    0    0    0  209  236  256  249    0    0  
   0  221    0    0  197    0  211    0    0    0  225    0    0  274    0  
   0    0    0  239    0  266    0    0  272    0    0  231  255    0    0  
   0    0  210    0  212    0  209  278    0    0    0    0    0    0  211  
   0  283  232  249  224    0    0    0    0    0    0    0    0    0  245  
   0  289    0    0  242  280    0    0    0  282    0    0  229    0    0  
 244    0  234    0    0  248    0    0    0  229    0    0    0  287    0  
   0    0    0    0  243  250  276  248    0  280    0    0    0    0    0  
   0  245    0  236    0    0    0    0    0    0  257  279  241    0    0  
   0    0  295    0  285    0    0    0    0  255    0  289  241    0    0  
 254    0  264    0    0    0    0  256  295  303    0    0    0    0    0  
 223    0    0    0  272    0  290  300    0    0    0  273    0    0    0  
   0    0    0  223    0    0  267  237    0    0    0  303    0    0  263  
   0  261    0    0  274  249  280    0    0    0    0  229    0    0    0  
 227  285    0  295  283    0    0    0    0    0    0    0    0    0  242  
   0  260    0  265    0    0    0    0  301    0  240    0    0    0  294  
 296    0  282    0    0    0  312    0    0  298    0  234    0    0    0  
   0    0  235    0    0  313  254    0  304    0    0    0    0    0  275  
 268    0  316  254    0  316    0  328    0    0    0    0    0    0    0  
   0  260    0    0  287  318    0    0    0  253    0    0    0    0  302  
 297  311    0    0  337    0    0    0    0  274    0    0    0  325    0  
 288  313  331    0    0    0    0    0  308    0    0    0    0    0  330  
   0    0    0  319    0  261    0  253    0    0    0    0  305    0  288  
 256    0    0    0    0    0    0    0    0    0  291  333    0  334  252  
 274    0    0  323    0    0  283    0    0    0  348    0    0  286    0  
   0    0  355  309    0    0  306    0    0    0    0  351    0  287    0  
   0  351    0    0    0  278    0    0    0    0  299  269  349    0    0  
   0    0  267    0    0    0  330    0  290    0    0  347  287    0    0  
 293  321    0    0    0  320  377  339    0    0    0    0    0    0    0  ] 
 ] 
