K : 100
I : 5
C : 16
INSTANCE : 2
PREFERENCES : [    1    0    0    2    3  
   2    0    1    0    3  
   2    0    3    1    0  
   2    3    0    1    0  
   1    0    2    3    0  
   3    1    0    2    0  
   3    2    0    0    1  
   3    2    0    1    0  
   3    1    2    0    0  
   1    2    3    0    0  
   0    0    1    2    3  
   3    2    0    0    1  
   3    0    2    1    0  
   0    0    3    1    2  
   3    0    1    0    2  
   2    0    3    1    0  
   1    3    2    0    0  
   2    0    1    0    3  
   0    1    3    2    0  
   0    3    1    2    0  
   0    2    0    3    1  
   0    1    0    2    3  
   2    0    0    1    3  
   1    2    0    3    0  
   0    1    0    2    3  
   0    2    1    0    3  
   2    0    1    3    0  
   0    2    0    3    1  
   0    2    1    3    0  
   0    0    1    2    3  
   0    3    2    0    1  
   0    1    3    2    0  
   1    2    0    0    3  
   3    1    0    0    2  
   0    0    2    1    3  
   1    3    0    2    0  
   0    0    3    1    2  
   2    3    0    0    1  
   0    1    2    3    0  
   0    0    3    2    1  
   3    0    0    1    2  
   1    0    0    3    2  
   1    0    2    0    3  
   2    0    1    0    3  
   0    1    0    3    2  
   2    0    0    3    1  
   0    1    0    2    3  
   1    0    3    0    2  
   0    2    3    1    0  
   2    0    1    3    0  
   0    1    0    2    3  
   0    0    3    2    1  
   3    2    0    0    1  
   1    2    0    0    3  
   2    0    0    1    3  
   1    3    2    0    0  
   0    0    3    2    1  
   1    0    3    2    0  
   2    0    0    1    3  
   2    0    1    0    3  
   1    3    2    0    0  
   3    2    0    1    0  
   0    3    1    2    0  
   0    2    1    0    3  
   0    0    3    1    2  
   3    2    1    0    0  
   3    0    2    1    0  
   3    2    0    1    0  
   3    0    2    1    0  
   3    0    2    1    0  
   0    1    0    3    2  
   0    0    1    3    2  
   0    2    0    3    1  
   0    0    3    1    2  
   1    3    0    0    2  
   0    1    3    0    2  
   0    2    3    0    1  
   1    0    0    2    3  
   2    1    0    3    0  
   1    0    3    2    0  
   3    0    0    1    2  
   0    1    3    0    2  
   1    0    2    0    3  
   2    3    0    0    1  
   1    0    2    0    3  
   2    0    3    1    0  
   1    3    0    0    2  
   2    1    0    0    3  
   0    3    0    2    1  
   3    2    0    1    0  
   0    1    0    3    2  
   3    0    1    2    0  
   0    2    1    0    3  
   2    0    0    3    1  
   2    1    3    0    0  
   1    0    0    3    2  
   3    2    0    0    1  
   0    1    2    3    0  
   0    3    1    0    2  
   0    2    0    1    3  ] 
RESERVATION PRICES : [   10    0    0    8    8  
  12    0   12    0   14  
  12    0   16   14    0  
  14   16    0   16    0  
  19    0   16   17    0  
  20   22    0   21    0  
  27   28    0    0   22  
  22   26    0   23    0  
  36   36   34    0    0  
  28   28   27    0    0  
   0    0   30   38   30  
  39   46    0    0   36  
  48    0   45   41    0  
   0    0   46   47   44  
  52    0   47    0   45  
  59    0   53   50    0  
  56   63   52    0    0  
  53    0   72    0   71  
   0   66   77   74    0  
   0   65   64   73    0  
   0   81    0   79   67  
   0   78    0   91   82  
  71    0    0   89   90  
  95   91    0   84    0  
   0   86    0   75   80  
   0   86   93    0   88  
  98    0   94  103    0  
   0   94    0  107  107  
   0   98  104  105    0  
   0    0  106  106  109  
   0   88  111    0   94  
   0  111   87  103    0  
 113  108    0    0  101  
 110   92    0    0  127  
   0    0  108  103  114  
 127  112    0  126    0  
   0    0  108  133  130  
 121  117    0    0  105  
   0  141  140  144    0  
   0    0  147  112  140  
 118    0    0  129  137  
 123    0    0  137  134  
 120    0  135    0  133  
 150    0  143    0  150  
   0  128    0  141  168  
 135    0    0  157  140  
   0  167    0  144  162  
 139    0  137    0  159  
   0  157  166  150    0  
 156    0  181  158    0  
   0  154    0  157  140  
   0    0  189  179  191  
 197  194    0    0  199  
 206  206    0    0  174  
 168    0    0  204  162  
 176  191  154    0    0  
   0    0  214  208  178  
 213    0  174  192    0  
 219    0    0  181  202  
 174    0  202    0  199  
 183  201  195    0    0  
 178  209    0  174    0  
   0  184  229  196    0  
   0  236  219    0  221  
   0    0  214  208  227  
 234  198  227    0    0  
 229    0  178  247    0  
 200  185    0  250    0  
 204    0  221  247    0  
 189    0  224  254    0  
   0  235    0  205  260  
   0    0  259  206  225  
   0  256    0  224  249  
   0    0  267  209  209  
 222  263    0    0  237  
   0  281  278    0  270  
   0  272  213    0  213  
 218    0    0  286  244  
 241  262    0  290    0  
 242    0  223  244    0  
 292    0    0  249  288  
   0  251  297    0  292  
 275    0  236    0  287  
 244  249    0    0  297  
 308    0  293    0  294  
 315    0  291  255    0  
 236  308    0    0  271  
 268  248    0    0  243  
   0  326    0  254  273  
 322  314    0  322    0  
   0  306    0  290  262  
 304    0  263  295    0  
   0  346  280    0  291  
 327    0    0  345  282  
 300  292  350    0    0  
 255    0    0  310  307  
 281  264    0    0  323  
   0  274  307  354    0  
   0  297  284    0  330  
   0  340    0  323  285  ] 
 ] 
