K : 75
I : 10
C : 15
INSTANCE : 2
PREFERENCES : [    0    0    0    3    0    0    2    1    5    4  
   5    0    1    4    0    0    0    3    0    2  
   3    5    0    0    0    2    1    0    4    0  
   4    2    5    0    0    0    0    1    0    3  
   4    0    1    2    0    0    3    5    0    0  
   0    0    3    4    2    0    1    5    0    0  
   0    0    0    0    0    2    3    4    5    1  
   2    3    0    0    5    0    0    1    0    4  
   0    5    1    2    3    0    0    0    0    4  
   0    0    3    5    0    0    2    0    1    4  
   2    0    0    1    0    0    3    0    5    4  
   0    0    0    0    3    2    1    5    4    0  
   0    0    0    3    2    4    1    0    0    5  
   0    4    0    0    0    0    5    3    2    1  
   4    5    0    2    3    0    0    1    0    0  
   0    0    0    2    4    3    5    0    1    0  
   1    0    0    0    3    0    4    2    5    0  
   0    5    3    0    2    4    1    0    0    0  
   0    1    0    5    3    0    4    0    0    2  
   5    0    0    4    0    1    3    0    2    0  
   0    0    4    0    3    0    5    0    1    2  
   2    0    4    5    0    3    0    0    0    1  
   0    5    0    0    0    3    2    0    4    1  
   5    3    0    0    2    0    4    0    0    1  
   2    0    0    0    5    1    0    0    4    3  
   1    2    4    0    0    5    0    3    0    0  
   0    4    2    0    0    5    1    3    0    0  
   3    4    0    0    5    0    1    0    2    0  
   3    0    0    0    1    5    2    0    0    4  
   0    0    1    4    5    0    3    0    0    2  
   3    0    2    0    0    0    4    1    0    5  
   0    0    0    2    3    4    0    1    0    5  
   4    5    0    3    0    0    1    0    2    0  
   5    0    0    2    1    3    4    0    0    0  
   4    1    2    5    0    0    0    3    0    0  
   4    0    3    2    0    0    1    0    5    0  
   1    0    4    0    3    0    2    5    0    0  
   0    1    4    0    0    5    0    3    0    2  
   3    5    2    0    0    0    0    0    4    1  
   2    3    5    0    0    0    0    4    0    1  
   5    0    3    2    1    4    0    0    0    0  
   5    1    4    0    0    2    0    3    0    0  
   1    4    2    0    5    0    0    0    3    0  
   4    0    0    1    0    3    5    0    0    2  
   1    0    0    2    0    4    0    3    5    0  
   0    2    1    3    0    0    0    4    0    5  
   2    0    3    1    4    0    0    0    5    0  
   0    0    2    0    3    5    4    0    1    0  
   3    2    0    4    1    0    5    0    0    0  
   5    0    1    3    0    0    0    2    4    0  
   1    3    0    0    5    0    0    4    0    2  
   1    0    5    0    2    0    3    0    0    4  
   4    5    3    2    0    0    0    0    0    1  
   4    2    5    0    1    3    0    0    0    0  
   5    4    0    2    0    0    0    3    0    1  
   0    0    1    2    0    0    3    5    4    0  
   4    0    3    1    0    5    0    0    0    2  
   0    3    0    5    2    0    1    0    4    0  
   0    2    1    0    0    5    0    4    0    3  
   0    0    0    0    0    2    1    5    4    3  
   0    0    4    5    1    0    0    2    0    3  
   2    0    0    3    1    0    4    0    0    5  
   3    4    0    2    1    0    0    5    0    0  
   0    0    2    4    3    0    5    0    0    1  
   2    0    0    4    0    3    0    5    0    1  
   3    1    0    5    4    0    0    0    2    0  
   0    0    4    3    0    0    2    1    0    5  
   2    4    0    0    0    0    5    3    0    1  
   4    2    0    1    0    0    3    5    0    0  
   3    0    0    4    0    0    0    2    1    5  
   0    0    3    2    0    1    0    4    5    0  
   3    0    5    4    0    1    0    2    0    0  
   1    4    0    2    0    3    5    0    0    0  
   1    2    0    3    4    5    0    0    0    0  
   0    0    2    0    0    3    1    5    4    0  ] 
RESERVATION PRICES : [    0    0    0    9    0    0    9    8    7    9  
  14    0   13   11    0    0    0   14    0   11  
  15   18    0    0    0   19   14    0   14    0  
  17   18   17    0    0    0    0   14    0   18  
  19    0   19   16    0    0   16   16    0    0  
   0    0   19   17   19    0   20   16    0    0  
   0    0    0    0    0   22   19   22   22   23  
  31   33    0    0   33    0    0   29    0   25  
   0   26   26   32   33    0    0    0    0   33  
   0    0   32   30    0    0   26    0   33   35  
  33    0    0   40    0    0   42    0   41   35  
   0    0    0    0   38   41   38   39   33    0  
   0    0    0   47   43   40   45    0    0   42  
   0   41    0    0    0    0   39   41   39   38  
  45   47    0   41   43    0    0   39    0    0  
   0    0    0   44   47   50   43    0   44    0  
  55    0    0    0   54    0   46   59   60    0  
   0   54   57    0   45   48   56    0    0    0  
   0   65    0   63   57    0   51    0    0   61  
  50    0    0   62    0   58   67    0   62    0  
   0    0   58    0   69    0   54    0   64   68  
  68    0   69   55    0   63    0    0    0   64  
   0   56    0    0    0   61   58    0   70   57  
  83   83    0    0   73    0   70    0    0   82  
  85    0    0    0   70   70    0    0   64   70  
  65   76   84    0    0   87    0   86    0    0  
   0   71   92    0    0   87   89   81    0    0  
 101  100    0    0   83    0   78    0   75    0  
  88    0    0    0   94  106   93    0    0   80  
   0    0  109   99   86    0   81    0    0   82  
  85    0   96    0    0    0  111   85    0   91  
   0    0    0  103   99  109    0   91    0  102  
 118  118    0   98    0    0  105    0  117    0  
 100    0    0  119   95  104  116    0    0    0  
 119  126  102  127    0    0    0  131    0    0  
 128    0  134  110    0    0  135    0  113    0  
 138    0  125    0  133    0  124  118    0    0  
   0  110  146    0    0  119    0  148    0  143  
 144  120  111    0    0    0    0    0  132  153  
 125  118  143    0    0    0    0  136    0  113  
 150    0  145  137  120  150    0    0    0    0  
 133  124  131    0    0  160    0  121    0    0  
 170  168  145    0  122    0    0    0  162    0  
 170    0    0  161    0  154  165    0    0  170  
 135    0    0  130    0  173    0  167  134    0  
   0  141  171  175    0    0    0  149    0  187  
 154    0  181  152  135    0    0    0  161    0  
   0    0  156    0  163  185  184    0  167    0  
 190  141    0  150  160    0  152    0    0    0  
 144    0  165  199    0    0    0  190  180    0  
 196  155    0    0  199    0    0  193    0  150  
 192    0  163    0  153    0  168    0    0  185  
 163  160  205  191    0    0    0    0    0  203  
 209  154  191    0  163  163    0    0    0    0  
 184  191    0  209    0    0    0  201    0  219  
   0    0  186  179    0    0  210  189  214    0  
 165    0  174  212    0  210    0    0    0  178  
   0  185    0  208  179    0  227    0  211    0  
   0  208  210    0    0  209    0  174    0  219  
   0    0    0    0    0  218  232  188  208  209  
   0    0  181  205  206    0    0  179    0  194  
 209    0    0  199  217    0  173    0    0  185  
 205  233    0  200  208    0    0  198    0    0  
   0    0  178  196  241    0  216    0    0  179  
 199    0    0  247    0  232    0  233    0  201  
 229  222    0  231  234    0    0    0  233    0  
   0    0  203  199    0    0  200  232    0  250  
 233  216    0    0    0    0  193  249    0  220  
 237  235    0  210    0    0  198  197    0    0  
 214    0    0  199    0    0    0  236  217  195  
   0    0  241  200    0  205    0  247  251    0  
 229    0  246  232    0  225    0  236    0    0  
 245  247    0  207    0  240  249    0    0    0  
 249  205    0  231  258  274    0    0    0    0  
   0    0  206    0    0  221  245  270  244    0  ] 
 ] 
