K : 100
I : 15
C : 10
INSTANCE : 3
PREFERENCES : [    4    0    0    3    0    1    0    0    0    0    0    5    2    0    0  
   0    3    0    0    0    0    1    0    0    4    0    2    0    5    0  
   0    1    0    0    4    0    5    0    0    3    0    0    0    2    0  
   0    0    0    1    0    3    0    0    2    0    0    5    0    0    4  
   0    3    4    2    0    0    0    0    0    0    1    0    0    0    5  
   0    0    0    3    0    0    0    5    2    0    0    0    1    4    0  
   3    4    2    0    0    0    0    1    0    0    0    0    5    0    0  
   5    0    0    2    4    0    0    0    0    0    1    0    3    0    0  
   0    1    0    2    0    0    0    0    0    0    0    3    5    4    0  
   0    3    0    0    0    4    2    5    0    0    0    0    1    0    0  
   0    4    5    0    0    0    1    0    2    0    3    0    0    0    0  
   5    0    0    0    0    0    0    0    2    0    3    0    0    4    1  
   0    0    3    2    4    5    1    0    0    0    0    0    0    0    0  
   0    2    4    5    0    0    0    0    3    0    0    1    0    0    0  
   0    0    0    0    2    3    0    4    5    0    0    1    0    0    0  
   0    0    0    0    0    0    5    0    2    0    3    0    4    0    1  
   0    0    3    4    0    0    2    0    0    0    1    5    0    0    0  
   0    0    0    0    3    2    0    0    0    4    5    1    0    0    0  
   3    0    2    0    1    0    0    5    0    0    0    4    0    0    0  
   3    0    0    0    0    2    0    0    4    0    0    1    0    5    0  
   0    4    0    1    0    0    0    2    0    0    0    0    0    5    3  
   0    2    4    0    5    0    0    0    3    0    0    1    0    0    0  
   0    0    0    0    4    0    2    3    0    5    1    0    0    0    0  
   0    0    0    0    0    0    0    0    0    3    1    0    4    5    2  
   0    3    0    0    0    2    0    0    5    0    0    0    0    4    1  
   0    0    0    0    4    0    0    0    0    0    5    2    1    0    3  
   3    0    2    0    1    0    4    0    0    0    0    5    0    0    0  
   0    0    4    0    0    0    0    3    1    0    5    0    0    0    2  
   0    3    0    0    2    4    0    0    5    0    0    0    1    0    0  
   0    0    3    1    0    0    4    0    0    5    0    0    2    0    0  
   0    0    0    1    0    0    4    5    0    0    0    0    0    2    3  
   0    0    0    5    3    0    0    0    0    0    0    1    4    0    2  
   3    1    2    0    0    4    0    0    0    0    0    5    0    0    0  
   5    0    0    1    0    0    3    0    0    2    0    0    4    0    0  
   0    0    3    2    0    0    0    0    4    0    1    5    0    0    0  
   0    0    4    0    1    0    0    3    2    0    0    0    5    0    0  
   0    0    0    0    0    3    5    0    0    1    0    0    4    2    0  
   0    0    0    0    3    0    1    0    0    2    0    0    0    5    4  
   0    1    0    0    0    0    0    2    0    0    0    5    0    4    3  
   1    0    0    0    0    0    4    0    2    0    3    5    0    0    0  
   0    0    2    0    1    0    0    3    0    0    0    5    0    0    4  
   3    1    0    5    0    0    0    0    2    0    0    0    0    4    0  
   0    0    0    3    0    0    0    0    2    0    0    4    0    1    5  
   1    0    0    3    0    0    0    0    0    2    0    0    0    4    5  
   2    0    0    1    0    3    0    4    0    0    0    0    0    5    0  
   4    0    2    0    0    0    0    5    1    3    0    0    0    0    0  
   0    5    2    0    1    0    0    4    0    0    3    0    0    0    0  
   0    2    5    0    0    0    0    0    1    3    0    0    0    0    4  
   0    0    0    2    1    0    5    0    4    0    3    0    0    0    0  
   4    0    0    1    0    0    0    0    3    2    0    5    0    0    0  
   4    0    0    0    0    0    1    0    0    5    3    0    0    2    0  
   0    1    0    0    0    2    0    4    0    0    5    0    3    0    0  
   0    0    0    1    3    0    0    0    2    0    0    0    0    4    5  
   0    0    1    2    0    0    0    0    3    5    0    0    0    0    4  
   5    0    0    3    0    0    0    0    4    0    0    0    2    1    0  
   0    0    5    0    0    4    1    2    3    0    0    0    0    0    0  
   0    4    0    3    1    0    2    0    0    5    0    0    0    0    0  
   0    4    0    0    0    2    0    0    5    0    1    0    3    0    0  
   0    0    1    0    3    0    0    0    0    0    2    0    0    5    4  
   0    0    0    0    0    0    0    5    0    1    0    2    4    0    3  
   0    0    0    2    0    0    5    0    0    1    0    0    4    3    0  
   0    0    0    3    0    0    0    0    1    5    4    0    0    2    0  
   0    0    4    0    0    0    0    0    3    2    5    1    0    0    0  
   2    1    5    4    0    0    0    0    0    0    0    0    0    3    0  
   0    0    4    0    2    3    0    0    0    0    0    1    0    0    5  
   1    0    2    5    0    0    3    0    0    0    0    4    0    0    0  
   0    0    0    0    0    0    0    0    0    3    5    1    4    0    2  
   3    0    0    0    5    0    0    0    4    0    0    0    0    1    2  
   3    0    0    0    0    0    0    0    2    0    4    0    5    1    0  
   0    1    0    0    0    4    0    2    5    0    0    0    3    0    0  
   0    5    0    2    0    0    4    0    0    0    0    1    3    0    0  
   0    4    0    0    0    0    0    5    1    0    3    2    0    0    0  
   0    0    0    0    3    5    1    2    0    4    0    0    0    0    0  
   0    0    0    0    5    0    0    0    3    0    0    0    4    2    1  
   0    0    0    1    3    0    2    0    0    0    0    0    0    4    5  
   1    2    3    0    0    0    0    5    0    0    4    0    0    0    0  
   0    4    1    0    3    0    0    5    0    0    0    0    2    0    0  
   4    0    0    2    0    5    0    0    0    1    3    0    0    0    0  
   2    1    0    4    0    0    0    5    0    0    3    0    0    0    0  
   2    3    0    0    0    0    1    0    0    0    4    0    5    0    0  
   0    4    3    0    0    1    2    0    0    5    0    0    0    0    0  
   3    0    4    0    0    0    0    0    2    0    0    5    0    0    1  
   2    0    3    0    0    0    1    0    5    4    0    0    0    0    0  
   0    0    5    0    2    4    0    0    0    0    3    0    0    0    1  
   0    3    0    0    1    4    0    0    0    0    0    2    5    0    0  
   0    1    0    0    0    0    4    0    5    0    2    3    0    0    0  
   0    0    0    3    0    0    0    5    0    1    0    2    4    0    0  
   3    0    1    0    0    0    0    0    2    4    0    0    5    0    0  
   2    0    4    0    0    0    3    0    0    0    0    1    0    5    0  
   0    1    0    0    3    0    0    4    0    2    5    0    0    0    0  
   0    0    0    0    5    1    2    0    0    3    0    0    0    0    4  
   5    0    0    0    0    1    0    2    0    0    3    0    0    4    0  
   2    1    3    0    0    0    0    0    4    0    5    0    0    0    0  
   5    0    3    0    0    0    0    4    0    0    2    0    1    0    0  
   3    5    0    4    0    0    0    0    0    0    0    1    2    0    0  
   0    5    0    2    3    0    4    0    1    0    0    0    0    0    0  
   0    0    0    0    3    1    2    0    4    5    0    0    0    0    0  
   0    0    0    1    0    3    0    0    0    0    5    0    0    2    4  
   1    2    5    0    0    0    0    0    0    0    0    0    4    3    0  
   0    0    0    0    1    4    0    2    0    3    0    5    0    0    0  ] 
RESERVATION PRICES : [    9    0    0    9    0   10    0    0    0    0    0    9   10    0    0  
   0    9    0    0    0    0   10    0    0   11    0   11    0   11    0  
   0    9    0    0    9    0   11    0    0    9    0    0    0   10    0  
   0    0    0   18    0   16    0    0   15    0    0   18    0    0   17  
   0   15   16   14    0    0    0    0    0    0   15    0    0    0   15  
   0    0    0   15    0    0    0   15   19    0    0    0   17   19    0  
  21   22   25    0    0    0    0   21    0    0    0    0   21    0    0  
  26    0    0   26   20    0    0    0    0    0   26    0   23    0    0  
   0   28    0   28    0    0    0    0    0    0    0   24   23   28    0  
   0   24    0    0    0   25   30   31    0    0    0    0   23    0    0  
   0   35   32    0    0    0   34    0   33    0   31    0    0    0    0  
  37    0    0    0    0    0    0    0   37    0   32    0    0   29   31  
   0    0   32   35   37   36   35    0    0    0    0    0    0    0    0  
   0   36   34   34    0    0    0    0   38    0    0   39    0    0    0  
   0    0    0    0   39   40    0   41   37    0    0   40    0    0    0  
   0    0    0    0    0    0   37    0   44    0   38    0   42    0   32  
   0    0   43   50    0    0   40    0    0    0   44   52    0    0    0  
   0    0    0    0   51   51    0    0    0   55   47   49    0    0    0  
  57    0   48    0   54    0    0   44    0    0    0   58    0    0    0  
  51    0    0    0    0   50    0    0   53    0    0   63    0   65    0  
   0   55    0   51    0    0    0   59    0    0    0    0    0   52   56  
   0   65   55    0   56    0    0    0   71    0    0   58    0    0    0  
   0    0    0    0   77    0   57   58    0   74   70    0    0    0    0  
   0    0    0    0    0    0    0    0    0   76   74    0   75   80   71  
   0   66    0    0    0   70    0    0   68    0    0    0    0   65   76  
   0    0    0    0   81    0    0    0    0    0   66   72   70    0   89  
  78    0   68    0   79    0   71    0    0    0    0   87    0    0    0  
   0    0   90    0    0    0    0   79   74    0   77    0    0    0   86  
   0   94    0    0   88   75    0    0   72    0    0    0   78    0    0  
   0    0   85   89    0    0   76    0    0   75    0    0   94    0    0  
   0    0    0  103    0    0   82   92    0    0    0    0    0   92   79  
   0    0    0  101   97    0    0    0    0    0    0   79  109    0   84  
  91   93   86    0    0   92    0    0    0    0    0   93    0    0    0  
 111    0    0   93    0    0   90    0    0  101    0    0  103    0    0  
   0    0  113  108    0    0    0    0  114    0   96  102    0    0    0  
   0    0  110    0   99    0    0  125  128    0    0    0  129    0    0  
   0    0    0    0    0  120  100    0    0  113    0    0  118   97    0  
   0    0    0    0  114    0  126    0    0  134    0    0    0  131  133  
   0  122    0    0    0    0    0  116    0    0    0  139    0  102  102  
 133    0    0    0    0    0  123    0  131    0  122  135    0    0    0  
   0    0  133    0  122    0    0  145    0    0    0  114    0    0  131  
 141  111    0  146    0    0    0    0  116    0    0    0    0  116    0  
   0    0    0  139    0    0    0    0  140    0    0  121    0  147  139  
 141    0    0  140    0    0    0    0    0  140    0    0    0  114  118  
 134    0    0  141    0  134    0  158    0    0    0    0    0  139    0  
 135    0  154    0    0    0    0  128  127  142    0    0    0    0    0  
   0  124  149    0  143    0    0  135    0    0  140    0    0    0    0  
   0  165  162    0    0    0    0    0  129  127    0    0    0    0  147  
   0    0    0  159  167    0  152    0  154    0  125    0    0    0    0  
 151    0    0  156    0    0    0    0  141  139    0  165    0    0    0  
 187    0    0    0    0    0  167    0    0  150  160    0    0  163    0  
   0  149    0    0    0  152    0  146    0    0  140    0  175    0    0  
   0    0    0  164  188    0    0    0  167    0    0    0    0  170  179  
   0    0  150  154    0    0    0    0  179  182    0    0    0    0  145  
 165    0    0  165    0    0    0    0  199    0    0    0  195  148    0  
   0    0  172    0    0  184  163  173  179    0    0    0    0    0    0  
   0  155    0  190  198    0  187    0    0  184    0    0    0    0    0  
   0  150    0    0    0  205    0    0  179    0  181    0  180    0    0  
   0    0  157    0  197    0    0    0    0    0  211    0    0  201  169  
   0    0    0    0    0    0    0  168    0  179    0  207  173    0  181  
   0    0    0  211    0    0  162    0    0  211    0    0  174  214    0  
   0    0    0  206    0    0    0    0  171  167  180    0    0  206    0  
   0    0  183    0    0    0    0    0  199  223  219  202    0    0    0  
 205  201  215  234    0    0    0    0    0    0    0    0    0  223    0  
   0    0  190    0  211  184    0    0    0    0    0  199    0    0  191  
 199    0  175  234    0    0  214    0    0    0    0  192    0    0    0  
   0    0    0    0    0    0    0    0    0  232  186  191  191    0  183  
 220    0    0    0  237    0    0    0  194    0    0    0    0  189  212  
 225    0    0    0    0    0    0    0  201    0  192    0  204  186    0  
   0  227    0    0    0  249    0  192  246    0    0    0  259    0    0  
   0  261    0  214    0    0  200    0    0    0    0  252  258    0    0  
   0  234    0    0    0    0    0  210  204    0  201  265    0    0    0  
   0    0    0    0  204  214  247  262    0  235    0    0    0    0    0  
   0    0    0    0  240    0    0    0  232    0    0    0  204  198  232  
   0    0    0  259  237    0  227    0    0    0    0    0    0  261  201  
 213  242  274    0    0    0    0  217    0    0  276    0    0    0    0  
   0  249  234    0  282    0    0  217    0    0    0    0  276    0    0  
 210    0    0  268    0  265    0    0    0  208  256    0    0    0    0  
 220  246    0  225    0    0    0  268    0    0  286    0    0    0    0  
 229  292    0    0    0    0  248    0    0    0  231    0  270    0    0  
   0  237  219    0    0  298  252    0    0  254    0    0    0    0    0  
 219    0  230    0    0    0    0    0  259    0    0  251    0    0  294  
 289    0  235    0    0    0  267    0  258  275    0    0    0    0    0  
   0    0  238    0  301  258    0    0    0    0  252    0    0    0  228  
   0  253    0    0  261  296    0    0    0    0    0  236  271    0    0  
   0  279    0    0    0    0  231    0  316    0  242  229    0    0    0  
   0    0    0  304    0    0    0  268    0  286    0  301  289    0    0  
 264    0  315    0    0    0    0    0  290  314    0    0  238    0    0  
 239    0  238    0    0    0  243    0    0    0    0  264    0  328    0  
   0  258    0    0  239    0    0  249    0  294  258    0    0    0    0  
   0    0    0    0  246  325  334    0    0  324    0    0    0    0  322  
 316    0    0    0    0  308    0  293    0    0  313    0    0  248    0  
 328  256  328    0    0    0    0    0  254    0  249    0    0    0    0  
 276    0  252    0    0    0    0  256    0    0  318    0  266    0    0  
 342  348    0  333    0    0    0    0    0    0    0  266  322    0    0  
   0  265    0  299  298    0  269    0  344    0    0    0    0    0    0  
   0    0    0    0  347  286  346    0  349  271    0    0    0    0    0  
   0    0    0  343    0  331    0    0    0    0  306    0    0  273  292  
 300  343  299    0    0    0    0    0    0    0    0    0  320  317    0  
   0    0    0    0  309  299    0  293    0  297    0  319    0    0    0  ] 
 ] 
