K : 50
I : 15
C : 5
INSTANCE : 1
PREFERENCES : [    0    0    5    0    0    0    0    4    0    2    3    0    1    0    0  
   0    0    5    0    0    1    0    4    2    0    0    0    0    3    0  
   0    0    0    0    0    5    2    0    0    1    0    4    0    0    3  
   2    3    0    0    0    1    0    0    0    0    5    0    0    0    4  
   0    0    5    0    4    0    0    0    2    0    3    0    1    0    0  
   0    3    2    0    0    5    0    0    4    0    1    0    0    0    0  
   1    4    0    0    0    5    0    0    0    2    3    0    0    0    0  
   5    0    1    0    0    4    0    0    3    2    0    0    0    0    0  
   0    0    4    5    0    1    0    0    0    0    0    0    0    3    2  
   5    0    0    2    0    0    1    0    0    0    0    0    4    0    3  
   0    0    1    0    0    3    0    0    2    4    0    0    0    0    5  
   0    0    3    0    0    5    1    0    0    0    0    0    4    0    2  
   0    4    0    0    0    3    0    0    0    1    0    0    5    2    0  
   0    2    3    5    0    0    4    0    0    0    0    1    0    0    0  
   0    5    0    4    0    0    0    0    1    3    0    0    0    0    2  
   0    0    0    0    0    5    3    0    4    0    2    0    1    0    0  
   4    0    2    0    0    1    0    0    0    0    0    0    3    0    5  
   5    0    0    0    0    1    0    3    0    0    2    0    0    4    0  
   0    0    0    0    0    0    1    2    0    0    0    4    3    5    0  
   0    1    0    2    0    4    0    3    0    0    0    0    5    0    0  
   0    5    2    0    0    0    0    0    0    3    1    0    4    0    0  
   1    0    5    0    0    2    0    0    3    0    4    0    0    0    0  
   3    0    1    4    0    0    0    0    0    2    0    5    0    0    0  
   0    2    0    1    3    0    0    0    0    5    0    0    0    0    4  
   4    0    0    0    0    0    1    0    0    0    0    3    0    2    5  
   0    2    0    0    0    0    1    0    0    0    0    3    0    5    4  
   0    0    0    1    2    5    0    0    0    4    0    0    0    3    0  
   1    5    0    0    0    0    3    0    2    0    0    0    0    4    0  
   0    1    0    5    0    0    0    0    4    3    0    0    2    0    0  
   0    0    0    0    5    0    0    0    4    0    0    1    2    3    0  
   0    3    0    1    0    0    5    0    0    4    0    0    0    0    2  
   0    2    5    0    0    0    0    0    0    1    4    3    0    0    0  
   0    3    0    0    0    1    0    4    0    0    0    0    0    5    2  
   0    0    1    0    0    0    2    4    5    0    0    3    0    0    0  
   0    0    0    1    0    0    0    0    0    0    4    0    2    3    5  
   0    4    0    0    0    5    0    0    0    0    1    0    2    3    0  
   0    0    4    0    0    0    1    0    0    0    3    0    5    0    2  
   5    0    0    0    0    0    0    1    3    0    4    0    2    0    0  
   0    0    2    0    0    0    0    4    0    3    0    0    1    0    5  
   2    0    4    5    0    0    1    0    0    3    0    0    0    0    0  
   1    5    0    0    0    0    0    0    0    0    0    2    3    0    4  
   4    0    0    0    3    5    0    0    1    0    0    0    2    0    0  
   4    0    1    0    5    0    0    0    0    0    0    3    0    0    2  
   0    0    5    0    0    0    0    3    4    2    0    1    0    0    0  
   3    4    0    0    0    0    0    0    0    0    5    1    2    0    0  
   1    3    0    0    0    0    0    5    0    0    0    0    0    2    4  
   0    0    2    5    0    0    0    0    0    3    0    0    0    1    4  
   0    1    0    5    0    0    3    4    0    0    0    0    0    2    0  
   0    0    2    0    0    0    0    0    5    0    3    0    4    1    0  
   2    0    3    0    0    1    0    0    5    0    4    0    0    0    0  ] 
RESERVATION PRICES : [    0    0    8    0    0    0    0    8    0    8    8    0    7    0    0  
   0    0   12    0    0   12    0    9   10    0    0    0    0   10    0  
   0    0    0    0    0   17   18    0    0   16    0   16    0    0   18  
  17   17    0    0    0   19    0    0    0    0   20    0    0    0   17  
   0    0   20    0   19    0    0    0   23    0   20    0   21    0    0  
   0   28   25    0    0   25    0    0   33    0   31    0    0    0    0  
  29   36    0    0    0   33    0    0    0   38   30    0    0    0    0  
  35    0   30    0    0   30    0    0   41   36    0    0    0    0    0  
   0    0   39   36    0   39    0    0    0    0    0    0    0   33   37  
  42    0    0   35    0    0   44    0    0    0    0    0   36    0   38  
   0    0   44    0    0   39    0    0   40   51    0    0    0    0   51  
   0    0   40    0    0   49   45    0    0    0    0    0   52    0   47  
   0   45    0    0    0   57    0    0    0   56    0    0   57   54    0  
   0   53   58   49    0    0   61    0    0    0    0   52    0    0    0  
   0   60    0   69    0    0    0    0   57   62    0    0    0    0   52  
   0    0    0    0    0   62   55    0   53    0   69    0   52    0    0  
  56    0   63    0    0   72    0    0    0    0    0    0   67    0   60  
  74    0    0    0    0   65    0   74    0    0   70    0    0   60    0  
   0    0    0    0    0    0   79   64    0    0    0   61   60   64    0  
   0   77    0   66    0   67    0   59    0    0    0    0   77    0    0  
   0   67   74    0    0    0    0    0    0   64   82    0   70    0    0  
  68    0   74    0    0   81    0    0   72    0   87    0    0    0    0  
  66    0   82   76    0    0    0    0    0   74    0   87    0    0    0  
   0   89    0   97   90    0    0    0    0   74    0    0    0    0   94  
  96    0    0    0    0    0  101    0    0    0    0   91    0   95   83  
   0   81    0    0    0    0  100    0    0    0    0  101    0  105   80  
   0    0    0   81   92   84    0    0    0   96    0    0    0   96    0  
 110  114    0    0    0    0   86    0  110    0    0    0    0   85    0  
   0  101    0  102    0    0    0    0  102  109    0    0   96    0    0  
   0    0    0    0   85    0    0    0  105    0    0   88  106  106    0  
   0  114    0   97    0    0  113    0    0   90    0    0    0    0  107  
   0  123   94    0    0    0    0    0    0  107  103  119    0    0    0  
   0  118    0    0    0  110    0  107    0    0    0    0    0  119  104  
   0    0  101    0    0    0   98  129  129    0    0  108    0    0    0  
   0    0    0   99    0    0    0    0    0    0  107    0  125  111  125  
   0  143    0    0    0  140    0    0    0    0  104    0  107  117    0  
   0    0  108    0    0    0  105    0    0    0  131    0  133    0  133  
 146    0    0    0    0    0    0  149  142    0  113    0  122    0    0  
   0    0  146    0    0    0    0  125    0  127    0    0  145    0  139  
 119    0  141  143    0    0  153    0    0  136    0    0    0    0    0  
 158  132    0    0    0    0    0    0    0    0    0  118  131    0  145  
 146    0    0    0  130  153    0    0  141    0    0    0  138    0    0  
 163    0  123    0  148    0    0    0    0    0    0  164    0    0  147  
   0    0  140    0    0    0    0  143  147  132    0  145    0    0    0  
 134  145    0    0    0    0    0    0    0    0  155  169  132    0    0  
 133  173    0    0    0    0    0  137    0    0    0    0    0  150  129  
   0    0  157  143    0    0    0    0    0  155    0    0    0  169  159  
   0  160    0  157    0    0  166  143    0    0    0    0    0  161    0  
   0    0  145    0    0    0    0    0  147    0  180    0  181  184    0  
 159    0  162    0    0  185    0    0  162    0  191    0    0    0    0  ] 
 ] 
