K : 50
I : 10
C : 5
INSTANCE : 5
PREFERENCES : [    5    0    1    0    3    0    4    0    0    2  
   4    0    5    1    0    2    0    0    3    0  
   4    0    5    1    2    0    3    0    0    0  
   0    0    5    0    1    3    0    4    0    2  
   5    0    4    0    3    0    1    2    0    0  
   4    5    0    0    0    3    2    0    1    0  
   5    0    1    4    0    0    0    3    2    0  
   0    0    3    5    2    0    4    1    0    0  
   1    0    0    0    2    0    5    3    0    4  
   1    4    0    0    0    0    0    3    2    5  
   2    0    4    5    0    3    0    0    0    1  
   4    1    0    0    3    0    0    0    2    5  
   0    0    1    0    3    5    2    0    4    0  
   0    1    3    2    4    5    0    0    0    0  
   0    0    5    0    0    1    4    0    3    2  
   0    0    4    2    5    1    0    0    3    0  
   0    0    2    1    4    0    3    5    0    0  
   0    3    2    4    0    0    5    0    1    0  
   0    1    5    0    4    0    3    2    0    0  
   0    5    0    0    4    1    0    2    3    0  
   0    5    0    0    1    2    3    4    0    0  
   1    3    5    0    2    0    4    0    0    0  
   1    5    2    0    0    0    0    3    4    0  
   2    0    5    4    3    1    0    0    0    0  
   0    3    0    0    2    1    0    5    0    4  
   2    0    3    1    0    5    4    0    0    0  
   4    0    2    0    3    0    1    5    0    0  
   5    1    0    0    2    3    4    0    0    0  
   1    4    5    2    0    0    0    0    3    0  
   4    3    2    1    5    0    0    0    0    0  
   0    5    0    3    0    0    0    2    1    4  
   1    0    4    2    0    5    0    3    0    0  
   2    0    0    0    1    3    0    5    0    4  
   2    1    0    5    0    0    0    3    4    0  
   1    0    0    0    2    0    0    4    5    3  
   0    4    0    0    0    0    3    1    5    2  
   4    0    1    3    0    0    0    5    2    0  
   3    0    0    4    0    5    1    0    0    2  
   0    4    0    0    0    5    3    2    1    0  
   4    3    5    2    0    0    0    0    1    0  
   2    0    0    0    1    4    5    0    0    3  
   4    0    0    5    3    1    0    2    0    0  
   2    0    0    4    0    1    3    0    0    5  
   5    0    0    2    3    4    0    0    0    1  
   5    0    3    4    2    0    1    0    0    0  
   2    0    0    0    0    0    5    1    4    3  
   0    3    4    0    0    0    0    5    1    2  
   4    0    0    5    0    1    0    2    3    0  
   3    0    0    1    4    2    0    0    5    0  
   0    0    5    0    1    4    2    0    0    3  ] 
RESERVATION PRICES : [    9    0    7    0    8    0    7    0    0    8  
   7    0    8    8    0    8    0    0    7    0  
  10    0   13   11   10    0   12    0    0    0  
   0    0   15    0   15   12    0   15    0   13  
  13    0   13    0   13    0   15   14    0    0  
  19   17    0    0    0   21   17    0   20    0  
  20    0   20   23    0    0    0   19   20    0  
   0    0   20   23   21    0   20   19    0    0  
  24    0    0    0   26    0   25   29    0   29  
  29   26    0    0    0    0    0   29   33   27  
  30    0   34   38    0   31    0    0    0   35  
  32   33    0    0   34    0    0    0   32   36  
   0    0   34    0   30   30   36    0   32    0  
   0   36   44   38   44   38    0    0    0    0  
   0    0   37    0    0   44   48    0   42   37  
   0    0   39   44   45   43    0    0   45    0  
   0    0   48   50   58    0   45   55    0    0  
   0   50   57   56    0    0   59    0   43    0  
   0   49   62    0   56    0   51   48    0    0  
   0   67    0    0   58   56    0   53   55    0  
   0   58    0    0   58   67   65   60    0    0  
  62   60   67    0   59    0   58    0    0    0  
  81   70   61    0    0    0    0   61   65    0  
  74    0   77   84   65   64    0    0    0    0  
   0   81    0    0   75   84    0   66    0   80  
  89    0   80   85    0   70   68    0    0    0  
  92    0   84    0   71    0   87   92    0    0  
  69   74    0    0   71   79   89    0    0    0  
  79   93   92   86    0    0    0    0   84    0  
  83   86  104   93  105    0    0    0    0    0  
   0  107    0  100    0    0    0   85   97  102  
  99    0   91   87    0  110    0   99    0    0  
  89    0    0    0   90   93    0   84    0   96  
 110   99    0  106    0    0    0  120   87    0  
 105    0    0    0   92    0    0  102  120   94  
   0  100    0    0    0    0   93  102  106   97  
 121    0  108  121    0    0    0  101  124    0  
 122    0    0  119    0  108  132    0    0  122  
   0  106    0    0    0  115  136  135  105    0  
 127  130  144  118    0    0    0    0  128    0  
 108    0    0    0  149  125  117    0    0  109  
 129    0    0  115  143  144    0  118    0    0  
 128    0    0  114    0  147  154    0    0  131  
 144    0    0  115  131  140    0    0    0  118  
 140    0  148  134  128    0  148    0    0    0  
 139    0    0    0    0    0  132  134  139  146  
   0  161  143    0    0    0    0  152  133  128  
 175    0    0  132    0  142    0  152  152    0  
 163    0    0  136  147  153    0    0  185    0  
   0    0  173    0  145  185  152    0    0  168  ] 
 ] 
