K : 150
I : 15
C : 30
INSTANCE : 4
PREFERENCES : [    5    0    1    2    0    4    0    0    3    0    0    0    0    0    0  
   0    1    0    3    0    0    4    0    0    0    5    0    2    0    0  
   5    0    0    0    3    0    0    2    0    0    0    1    0    4    0  
   5    0    3    0    0    0    0    0    0    4    2    0    0    0    1  
   0    0    0    0    2    0    3    4    0    0    1    5    0    0    0  
   0    0    0    4    1    5    0    0    3    0    0    0    0    2    0  
   3    1    0    0    2    0    0    0    4    0    0    0    0    0    5  
   0    0    0    0    3    1    0    0    5    2    4    0    0    0    0  
   0    0    0    0    3    1    0    0    0    0    5    0    0    4    2  
   0    0    0    4    0    0    0    1    0    0    0    5    0    2    3  
   3    0    0    0    0    5    0    0    0    0    2    1    4    0    0  
   4    0    3    5    0    0    0    0    0    2    0    1    0    0    0  
   0    5    0    2    0    3    0    1    0    0    4    0    0    0    0  
   0    4    0    2    0    0    0    3    0    0    0    1    0    5    0  
   0    0    1    0    0    0    2    4    3    0    0    0    5    0    0  
   0    1    0    0    3    0    0    0    0    0    0    5    4    0    2  
   4    0    0    0    0    0    0    2    0    1    0    0    3    5    0  
   0    0    3    0    0    5    0    0    0    0    2    4    1    0    0  
   0    1    0    3    2    0    4    0    5    0    0    0    0    0    0  
   3    5    0    0    0    4    0    2    0    0    0    0    0    1    0  
   0    1    2    0    0    0    0    0    0    0    5    0    0    3    4  
   0    0    0    3    0    4    0    0    0    0    0    5    1    0    2  
   0    4    0    2    0    0    0    0    5    0    0    3    1    0    0  
   4    0    0    0    0    0    0    3    1    0    5    0    0    0    2  
   0    0    0    0    0    1    5    0    0    0    0    2    4    3    0  
   0    0    0    1    0    0    5    0    4    0    2    3    0    0    0  
   0    5    0    0    0    0    0    4    0    0    1    0    0    3    2  
   4    0    0    1    0    0    0    5    3    0    0    0    0    0    2  
   1    0    0    2    5    0    0    0    0    3    4    0    0    0    0  
   3    1    0    0    0    0    5    0    4    2    0    0    0    0    0  
   5    3    0    0    4    0    0    0    1    0    0    2    0    0    0  
   0    1    0    0    0    0    0    0    0    0    3    2    4    5    0  
   2    0    0    0    0    0    1    0    3    0    0    0    5    4    0  
   0    0    0    0    0    0    3    0    0    2    4    5    0    0    1  
   1    0    0    0    0    3    2    4    0    0    0    0    5    0    0  
   1    5    0    0    0    3    4    0    0    0    0    0    0    2    0  
   0    3    0    0    5    4    0    0    0    0    1    2    0    0    0  
   0    5    4    0    0    0    0    1    0    0    2    3    0    0    0  
   0    2    0    5    0    0    0    0    0    0    4    1    3    0    0  
   4    0    0    0    1    3    2    5    0    0    0    0    0    0    0  
   2    0    5    0    0    0    0    0    0    0    3    0    1    0    4  
   2    0    1    3    0    5    0    0    0    0    0    0    0    0    4  
   0    0    0    0    3    0    4    0    2    5    0    0    1    0    0  
   0    4    0    0    5    1    3    0    0    0    0    0    0    0    2  
   0    0    1    0    0    0    0    2    0    0    0    0    4    5    3  
   0    0    1    0    0    2    0    0    0    5    0    4    3    0    0  
   0    4    0    3    1    0    5    0    0    0    0    0    0    2    0  
   0    1    3    0    0    0    0    0    2    0    5    0    0    4    0  
   0    0    5    3    0    0    2    0    0    0    0    0    4    1    0  
   0    0    0    4    0    0    0    0    1    3    0    0    0    2    5  
   1    3    0    5    0    4    0    0    0    0    2    0    0    0    0  
   3    0    0    0    0    0    0    0    0    5    1    0    4    2    0  
   0    0    5    0    0    0    2    3    4    0    0    1    0    0    0  
   0    0    0    1    0    2    0    3    0    0    5    0    0    0    4  
   0    4    5    0    0    0    0    0    3    1    0    0    0    0    2  
   0    0    2    1    5    0    0    0    0    3    0    0    0    0    4  
   0    4    3    1    0    0    0    5    0    0    0    0    2    0    0  
   0    0    0    3    0    0    4    0    5    0    0    0    0    1    2  
   0    5    0    0    0    0    3    0    0    0    0    4    2    0    1  
   0    0    4    0    5    1    0    2    0    0    0    3    0    0    0  
   0    2    0    4    0    0    0    1    0    0    0    0    3    5    0  
   0    0    0    1    0    2    4    0    0    0    5    3    0    0    0  
   5    0    0    0    0    2    0    0    1    3    0    0    0    4    0  
   0    0    3    0    0    0    5    2    1    0    0    0    0    0    4  
   0    0    0    0    0    0    0    5    4    0    3    2    0    1    0  
   0    0    0    0    0    0    4    0    5    3    0    0    0    2    1  
   0    0    0    3    0    0    2    5    0    0    0    0    0    4    1  
   0    0    0    4    0    3    2    0    0    0    0    5    0    1    0  
   5    0    0    0    0    0    0    0    2    0    4    0    0    1    3  
   0    0    0    0    0    0    0    4    0    2    0    3    5    1    0  
   0    4    0    5    3    0    0    0    0    0    0    0    2    1    0  
   0    3    0    0    0    0    0    0    5    2    4    0    0    1    0  
   3    0    0    0    0    4    0    0    0    0    0    2    0    5    1  
   4    0    0    0    0    0    3    0    1    2    5    0    0    0    0  
   5    0    0    0    3    0    0    4    1    0    0    0    0    0    2  
   0    5    0    0    3    0    0    0    4    1    0    0    2    0    0  
   0    2    5    0    0    0    4    0    0    0    0    3    1    0    0  
   0    0    3    0    0    4    0    2    0    0    0    0    1    0    5  
   0    0    5    0    0    0    1    4    0    0    2    0    0    0    3  
   3    0    0    4    0    0    2    0    0    0    0    0    1    5    0  
   0    4    0    0    0    0    0    5    0    1    0    0    0    3    2  
   0    0    0    5    2    4    0    3    0    0    0    0    0    1    0  
   0    4    0    5    1    0    2    0    0    0    0    3    0    0    0  
   2    1    0    0    0    0    4    0    0    0    3    0    5    0    0  
   0    0    0    0    0    5    0    0    1    4    0    2    0    0    3  
   0    0    5    2    0    0    0    0    0    1    0    0    4    3    0  
   0    0    0    2    0    0    0    1    5    4    0    3    0    0    0  
   1    0    5    0    2    0    0    0    0    0    0    0    0    3    4  
   2    0    0    5    0    4    0    0    1    0    0    0    0    0    3  
   0    0    5    4    0    0    0    0    0    1    2    0    3    0    0  
   5    2    0    3    0    0    0    0    0    1    0    0    4    0    0  
   3    0    0    2    0    0    0    0    0    0    0    0    4    5    1  
   0    0    0    5    1    0    0    0    4    2    0    0    3    0    0  
   0    5    0    1    0    0    0    0    2    0    0    0    4    3    0  
   0    0    2    0    5    0    0    0    1    0    0    0    4    0    3  
   3    2    5    0    0    0    0    0    0    1    0    4    0    0    0  
   0    0    0    0    3    0    0    0    0    5    4    1    0    0    2  
   2    0    5    3    0    0    0    0    0    4    1    0    0    0    0  
   0    3    0    4    0    0    1    0    5    2    0    0    0    0    0  
   0    5    0    0    2    0    0    0    1    0    0    3    0    0    4  
   0    0    0    0    1    0    2    0    5    3    0    0    0    4    0  
   0    0    0    0    1    2    5    0    3    4    0    0    0    0    0  
   1    0    4    0    0    0    3    0    2    0    0    0    5    0    0  
   3    1    0    0    0    4    0    0    0    0    5    0    2    0    0  
   0    4    0    0    0    0    5    0    0    3    0    0    2    1    0  
   0    3    0    0    0    2    0    0    5    0    1    4    0    0    0  
   0    0    4    1    5    0    0    0    0    3    0    0    0    0    2  
   0    4    2    0    0    0    0    5    0    0    3    0    1    0    0  
   0    0    0    0    0    4    2    0    0    1    5    0    0    0    3  
   0    0    5    0    0    0    0    2    0    0    0    1    4    0    3  
   0    0    5    0    4    1    3    0    0    0    0    2    0    0    0  
   0    0    0    0    0    3    0    0    5    0    0    2    0    1    4  
   0    0    0    3    0    0    1    2    4    0    0    0    5    0    0  
   0    0    2    0    0    3    0    4    0    0    0    0    1    0    5  
   2    0    0    5    3    0    0    0    4    0    0    0    0    1    0  
   1    0    0    5    0    0    2    0    0    4    0    0    0    3    0  
   0    0    0    0    0    0    4    1    0    0    0    2    3    5    0  
   4    0    0    0    1    0    0    0    5    0    0    2    3    0    0  
   0    5    0    0    0    0    4    0    0    0    0    1    0    3    2  
   0    0    4    5    0    1    0    0    2    0    0    0    3    0    0  
   4    3    5    0    0    2    0    0    0    0    0    0    0    1    0  
   4    0    3    0    0    0    0    0    5    0    1    0    0    0    2  
   5    0    2    0    1    0    0    0    0    0    0    3    0    0    4  
   0    0    2    0    0    0    0    5    0    1    0    3    0    4    0  
   0    5    0    0    0    0    0    0    0    4    0    1    3    2    0  
   3    0    0    1    0    0    2    0    5    0    4    0    0    0    0  
   3    0    0    5    0    0    0    2    4    0    0    0    1    0    0  
   0    0    0    0    0    1    5    4    3    0    0    0    0    0    2  
   0    0    4    3    0    5    0    0    0    0    2    0    1    0    0  
   0    0    0    0    1    5    0    0    2    0    0    3    0    0    4  
   0    0    0    4    0    0    5    0    0    1    0    3    0    2    0  
   0    0    0    4    0    1    0    5    0    0    0    2    0    0    3  
   0    0    3    0    0    0    0    0    0    5    0    1    2    4    0  
   0    0    3    0    2    0    4    0    0    5    0    0    0    0    1  
   0    0    0    0    0    5    0    2    0    0    3    4    0    0    1  
   0    0    0    0    0    0    1    0    5    0    0    4    3    2    0  
   0    0    2    0    0    1    0    3    5    0    0    0    4    0    0  
   1    0    0    5    0    3    0    0    4    2    0    0    0    0    0  
   2    0    0    0    5    1    3    0    0    0    0    0    0    0    4  
   2    0    0    0    0    3    0    5    0    1    0    4    0    0    0  
   5    3    0    4    0    0    0    0    0    0    1    2    0    0    0  
   0    0    0    0    1    0    5    4    0    0    0    0    0    2    3  
   2    0    0    0    0    1    4    5    0    0    0    0    0    0    3  
   5    0    2    0    1    0    0    4    0    0    0    0    3    0    0  
   0    0    3    5    1    0    0    4    2    0    0    0    0    0    0  
   0    4    0    0    1    0    0    0    2    0    0    0    3    5    0  
   0    0    2    0    4    0    0    0    0    3    0    5    1    0    0  
   0    0    0    0    0    2    1    0    4    0    3    0    5    0    0  
   2    0    0    0    4    0    0    5    0    0    0    3    0    0    1  
   0    0    0    0    0    5    0    1    2    4    0    0    0    3    0  ] 
RESERVATION PRICES : [    8    0    8    8    0    9    0    0    8    0    0    0    0    0    0  
   0   14    0   13    0    0   12    0    0    0   14    0   11    0    0  
  14    0    0    0   12    0    0   11    0    0    0   12    0   12    0  
  15    0   17    0    0    0    0    0    0   15   17    0    0    0   14  
   0    0    0    0   17    0   15   18    0    0   19   15    0    0    0  
   0    0    0   16   17   20    0    0   19    0    0    0    0   16    0  
  20   18    0    0   15    0    0    0   16    0    0    0    0    0   15  
   0    0    0    0   24   24    0    0   28   26   27    0    0    0    0  
   0    0    0    0   29   28    0    0    0    0   30    0    0   25   24  
   0    0    0   32    0    0    0   34    0    0    0   30    0   34   31  
  30    0    0    0    0   29    0    0    0    0   37   38   37    0    0  
  34    0   36   34    0    0    0    0    0   38    0   31    0    0    0  
   0   35    0   42    0   42    0   45    0    0   34    0    0    0    0  
   0   48    0   48    0    0    0   48    0    0    0   49    0   50    0  
   0    0   52    0    0    0   49   50   48    0    0    0   55    0    0  
   0   61    0    0   50    0    0    0    0    0    0   51   52    0   50  
  63    0    0    0    0    0    0   65    0   62    0    0   52   58    0  
   0    0   67    0    0   66    0    0    0    0   57   66   64    0    0  
   0   62    0   64   54    0   57    0   59    0    0    0    0    0    0  
  74   59    0    0    0   66    0   65    0    0    0    0    0   72    0  
   0   57   65    0    0    0    0    0    0    0   72    0    0   63   65  
   0    0    0   77    0   67    0    0    0    0    0   77   67    0   60  
   0   86    0   68    0    0    0    0   68    0    0   81   83    0    0  
  82    0    0    0    0    0    0   86   91    0   76    0    0    0   79  
   0    0    0    0    0   84   88    0    0    0    0   73   80   91    0  
   0    0    0   87    0    0   84    0   85    0   85   89    0    0    0  
   0   96    0    0    0    0    0   75    0    0   87    0    0   82   80  
  88    0    0  106    0    0    0   92   82    0    0    0    0    0  103  
 105    0    0  104   83    0    0    0    0  110   98    0    0    0    0  
  86   86    0    0    0    0  101    0   87  108    0    0    0    0    0  
 101  108    0    0  100    0    0    0  101    0    0   94    0    0    0  
   0  116    0    0    0    0    0    0    0    0  107  105  120  122    0  
 110    0    0    0    0    0  116    0  103    0    0    0   99  109    0  
   0    0    0    0    0    0  120    0    0  101  121  106    0    0  123  
 132    0    0    0    0  118  108  113    0    0    0    0  106    0    0  
 122  111    0    0    0  115  117    0    0    0    0    0    0  130    0  
   0  110    0    0  105  124    0    0    0    0  118  102    0    0    0  
   0  126  125    0    0    0    0  110    0    0  141  143    0    0    0  
   0  108    0  129    0    0    0    0    0    0  125  106  107    0    0  
 114    0    0    0  111  148  141  119    0    0    0    0    0    0    0  
 137    0  119    0    0    0    0    0    0    0  132    0  149    0  132  
 149    0  119  157    0  136    0    0    0    0    0    0    0    0  140  
   0    0    0    0  155    0  160    0  150  141    0    0  132    0    0  
   0  135    0    0  138  160  154    0    0    0    0    0    0    0  121  
   0    0  125    0    0    0    0  135    0    0    0    0  129  154  168  
   0    0  139    0    0  146    0    0    0  167    0  158  140    0    0  
   0  148    0  172  171    0  179    0    0    0    0    0    0  140    0  
   0  176  149    0    0    0    0    0  158    0  158    0    0  160    0  
   0    0  135  160    0    0  171    0    0    0    0    0  187  179    0  
   0    0    0  164    0    0    0    0  186  160    0    0    0  158  178  
 177  158    0  182    0  162    0    0    0    0  183    0    0    0    0  
 177    0    0    0    0    0    0    0    0  179  176    0  182  188    0  
   0    0  150    0    0    0  146  179  163    0    0  175    0    0    0  
   0    0    0  166    0  199    0  160    0    0  153    0    0    0  174  
   0  196  197    0    0    0    0    0  164  177    0    0    0    0  178  
   0    0  173  181  200    0    0    0    0  173    0    0    0    0  181  
   0  155  161  203    0    0    0  203    0    0    0    0  196    0    0  
   0    0    0  184    0    0  209    0  212    0    0    0    0  180  214  
   0  192    0    0    0    0  173    0    0    0    0  157  215    0  161  
   0    0  184    0  209  161    0  207    0    0    0  183    0    0    0  
   0  189    0  229    0    0    0  209    0    0    0    0  167  185    0  
   0    0    0  200    0  196  187    0    0    0  188  227    0    0    0  
 178    0    0    0    0  197    0    0  190  218    0    0    0  213    0  
   0    0  177    0    0    0  179  182  218    0    0    0    0    0  224  
   0    0    0    0    0    0    0  192  233    0  191  190    0  214    0  
   0    0    0    0    0    0  197    0  179  211    0    0    0  228  217  
   0    0    0  195    0    0  187  200    0    0    0    0    0  237  199  
   0    0    0  230    0  190  210    0    0    0    0  186    0  246    0  
 251    0    0    0    0    0    0    0  256    0  231    0    0  247  195  
   0    0    0    0    0    0    0  253    0  203    0  237  198  243    0  
   0  207    0  208  201    0    0    0    0    0    0    0  229  236    0  
   0  239    0    0    0    0    0    0  212  221  212    0    0  249    0  
 235    0    0    0    0  265    0    0    0    0    0  268    0  228  252  
 274    0    0    0    0    0  262    0  229  250  259    0    0    0    0  
 246    0    0    0  246    0    0  238  267    0    0    0    0    0  239  
   0  239    0    0  227    0    0    0  282  267    0    0  278    0    0  
   0  208  260    0    0    0  252    0    0    0    0  272  235    0    0  
   0    0  247    0    0  239    0  215    0    0    0    0  215    0  276  
   0    0  280    0    0    0  230  222    0    0  222    0    0    0  206  
 245    0    0  242    0    0  262    0    0    0    0    0  233  222    0  
   0  229    0    0    0    0    0  293    0  225    0    0    0  229  284  
   0    0    0  286  288  269    0  229    0    0    0    0    0  264    0  
   0  265    0  302  295    0  234    0    0    0    0  242    0    0    0  
 255  235    0    0    0    0  228    0    0    0  304    0  276    0    0  
   0    0    0    0    0  273    0    0  232  232    0  273    0    0  297  
   0    0  261  255    0    0    0    0    0  307    0    0  291  264    0  
   0    0    0  261    0    0    0  227  255  234    0  250    0    0    0  
 312    0  246    0  236    0    0    0    0    0    0    0    0  284  244  
 303    0    0  299    0  307    0    0  303    0    0    0    0    0  286  
   0    0  297  274    0    0    0    0    0  294  325    0  314    0    0  
 242  299    0  291    0    0    0    0    0  282    0    0  299    0    0  
 258    0    0  255    0    0    0    0    0    0    0    0  244  297  306  
   0    0    0  335  287    0    0    0  323  305    0    0  268    0    0  
   0  243    0  259    0    0    0    0  285    0    0    0  333  274    0  
   0    0  316    0  301    0    0    0  262    0    0    0  325    0  258  
 337  271  306    0    0    0    0    0    0  262    0  266    0    0    0  
   0    0    0    0  269    0    0    0    0  283  288  317    0    0  345  
 301    0  278  292    0    0    0    0    0  335  297    0    0    0    0  
   0  260    0  359    0    0  357    0  360  287    0    0    0    0    0  
   0  300    0    0  304    0    0    0  273    0    0  296    0    0  361  
   0    0    0    0  355    0  304    0  278  287    0    0    0  353    0  
   0    0    0    0  295  324  289    0  367  306    0    0    0    0    0  
 370    0  284    0    0    0  340    0  364    0    0    0  335    0    0  
 338  299    0    0    0  285    0    0    0    0  351    0  369    0    0  
   0  314    0    0    0    0  313    0    0  305    0    0  316  294    0  
   0  296    0    0    0  363    0    0  341    0  378  301    0    0    0  
   0    0  358  385  314    0    0    0    0  389    0    0    0    0  321  
   0  309  297    0    0    0    0  333    0    0  367    0  346    0    0  
   0    0    0    0    0  371  342    0    0  311  377    0    0    0  297  
   0    0  327    0    0    0    0  336    0    0    0  295  346    0  401  
   0    0  389    0  390  314  361    0    0    0    0  310    0    0    0  
   0    0    0    0    0  316    0    0  405    0    0  373    0  362  385  
   0    0    0  351    0    0  315  417  308    0    0    0  378    0    0  
   0    0  350    0    0  341    0  315    0    0    0    0  321    0  343  
 352    0    0  405  368    0    0    0  379    0    0    0    0  336    0  
 328    0    0  337    0    0  314    0    0  409    0    0    0  417    0  
   0    0    0    0    0    0  338  419    0    0    0  398  343  400    0  
 431    0    0    0  314    0    0    0  341    0    0  382  429    0    0  
   0  435    0    0    0    0  324    0    0    0    0  347    0  369  319  
   0    0  317  325    0  391    0    0  375    0    0    0  430    0    0  
 337  337  433    0    0  357    0    0    0    0    0    0    0  365    0  
 343    0  412    0    0    0    0    0  404    0  435    0    0    0  435  
 453    0  352    0  423    0    0    0    0    0    0  360    0    0  451  
   0    0  412    0    0    0    0  429    0  355    0  330    0  427    0  
   0  365    0    0    0    0    0    0    0  380    0  417  390  425    0  
 425    0    0  462    0    0  389    0  371    0  387    0    0    0    0  
 421    0    0  405    0    0    0  442  377    0    0    0  337    0    0  
   0    0    0    0    0  374  468  433  373    0    0    0    0    0  383  
   0    0  372  406    0  429    0    0    0    0  348    0  425    0    0  
   0    0    0    0  404  429    0    0  433    0    0  374    0    0  470  
   0    0    0  438    0    0  462    0    0  360    0  405    0  359    0  
   0    0    0  369    0  375    0  387    0    0    0  441    0    0  439  
   0    0  449    0    0    0    0    0    0  465    0  482  437  448    0  
   0    0  369    0  352    0  371    0    0  388    0    0    0    0  411  
   0    0    0    0    0  397    0  421    0    0  458  357    0    0  430  
   0    0    0    0    0    0  409    0  492    0    0  373  455  399    0  
   0    0  416    0    0  400    0  424  360    0    0    0  365    0    0  
 414    0    0  491    0  396    0    0  379  500    0    0    0    0    0  
 441    0    0    0  464  476  376    0    0    0    0    0    0    0  422  
 471    0    0    0    0  456    0  432    0  509    0  416    0    0    0  
 384  476    0  485    0    0    0    0    0    0  448  401    0    0    0  
   0    0    0    0  422    0  448  446    0    0    0    0    0  485  487  
 457    0    0    0    0  428  474  490    0    0    0    0    0    0  438  
 518    0  443    0  528    0    0  523    0    0    0    0  392    0    0  
   0    0  414  481  410    0    0  407  456    0    0    0    0    0    0  
   0  404    0    0  510    0    0    0  453    0    0    0  464  520    0  
   0    0  505    0  523    0    0    0    0  437    0  415  475    0    0  
   0    0    0    0    0  476  439    0  483    0  417    0  462    0    0  
 539    0    0    0  517    0    0  466    0    0    0  423    0    0  400  
   0    0    0    0    0  512    0  530  524  448    0    0    0  422    0  ] 
 ] 
