K : 150
I : 10
C : 15
INSTANCE : 2
PREFERENCES : [    0    0    3    4    5    1    0    0    0    2  
   4    2    5    1    0    0    3    0    0    0  
   4    3    2    0    0    5    0    0    0    1  
   0    2    0    3    4    5    0    0    1    0  
   0    0    0    1    3    5    4    0    2    0  
   5    0    2    1    3    0    0    0    0    4  
   3    5    0    4    0    0    2    0    1    0  
   0    5    0    4    0    1    0    3    0    2  
   0    5    1    2    0    0    0    0    4    3  
   0    0    1    0    0    3    5    2    4    0  
   0    5    4    2    0    1    0    0    0    3  
   3    5    4    0    2    0    0    0    1    0  
   2    3    0    0    0    4    1    0    0    5  
   0    0    0    2    1    0    5    0    3    4  
   0    0    2    0    0    4    3    1    0    5  
   0    5    3    2    0    0    4    0    0    1  
   0    0    0    4    3    0    0    1    2    5  
   0    5    0    0    4    1    3    0    0    2  
   0    4    0    0    3    0    5    2    0    1  
   5    0    3    1    0    0    0    4    0    2  
   5    4    0    0    0    0    1    0    2    3  
   0    0    0    0    5    2    4    1    0    3  
   0    0    0    2    0    5    3    0    1    4  
   0    0    5    0    1    0    2    0    3    4  
   5    0    2    0    0    1    0    0    3    4  
   0    1    3    0    5    0    4    0    2    0  
   5    0    0    2    0    0    1    4    0    3  
   3    0    0    0    0    5    1    2    4    0  
   0    5    0    4    1    0    0    3    2    0  
   0    0    0    1    2    0    4    3    5    0  
   2    5    0    4    0    0    3    0    0    1  
   0    5    0    2    4    0    1    0    0    3  
   4    0    5    3    1    0    0    2    0    0  
   0    4    0    2    0    0    5    3    0    1  
   0    5    0    0    0    2    4    0    3    1  
   5    0    1    0    2    4    0    0    0    3  
   0    0    5    0    3    0    0    4    1    2  
   1    3    4    0    0    2    0    5    0    0  
   0    0    1    3    5    4    0    0    0    2  
   1    0    3    4    0    2    0    5    0    0  
   2    0    0    1    0    4    3    0    5    0  
   2    5    0    0    1    0    4    3    0    0  
   5    1    0    4    2    0    0    0    0    3  
   1    2    0    0    0    3    0    0    5    4  
   0    5    0    3    0    2    0    0    4    1  
   0    2    0    0    4    5    0    0    1    3  
   0    2    0    0    1    0    5    0    4    3  
   0    0    1    0    0    2    4    0    3    5  
   0    3    4    0    0    5    0    0    2    1  
   0    2    5    0    0    0    1    3    0    4  
   3    4    0    1    0    0    0    2    0    5  
   1    0    0    0    5    0    2    0    4    3  
   0    1    5    2    0    0    0    0    3    4  
   0    3    0    0    1    0    4    5    0    2  
   0    5    1    0    0    3    4    0    0    2  
   0    2    3    4    5    0    0    0    1    0  
   0    5    2    3    0    0    0    0    1    4  
   4    3    0    0    0    2    0    0    1    5  
   3    0    0    0    0    1    4    0    5    2  
   1    2    0    0    3    0    0    0    5    4  
   0    2    0    4    1    5    3    0    0    0  
   1    0    2    0    3    0    0    0    5    4  
   0    0    3    0    2    1    4    0    5    0  
   4    0    0    1    5    2    0    0    0    3  
   1    4    0    5    0    3    0    0    0    2  
   1    3    2    0    0    5    4    0    0    0  
   1    3    0    5    2    4    0    0    0    0  
   3    4    0    0    0    2    0    0    1    5  
   4    0    2    0    5    0    1    3    0    0  
   0    0    0    0    4    2    1    3    0    5  
   0    0    2    0    4    0    3    0    1    5  
   0    0    0    0    1    5    0    3    2    4  
   3    0    0    2    0    0    4    5    1    0  
   0    2    0    5    3    0    0    4    0    1  
   3    0    0    4    1    0    0    2    5    0  
   1    2    4    0    3    0    0    0    0    5  
   5    0    3    4    1    0    0    0    0    2  
   2    0    0    5    0    3    4    1    0    0  
   0    0    3    2    0    0    4    1    5    0  
   0    0    4    0    1    0    5    2    3    0  
   2    3    4    0    1    0    0    0    5    0  
   0    0    0    2    4    1    0    0    3    5  
   0    0    0    4    5    2    1    3    0    0  
   2    0    1    0    0    0    4    0    5    3  
   0    0    0    5    2    4    0    1    0    3  
   0    5    0    1    0    3    0    0    2    4  
   0    5    4    0    3    2    1    0    0    0  
   0    5    3    0    0    1    2    0    4    0  
   2    0    0    4    3    1    5    0    0    0  
   4    0    2    0    3    0    5    1    0    0  
   4    0    0    2    3    0    0    0    5    1  
   3    0    2    0    0    0    4    1    5    0  
   2    1    3    5    0    0    4    0    0    0  
   4    5    0    2    0    3    0    0    1    0  
   4    0    5    2    1    0    0    0    3    0  
   4    0    1    0    0    3    0    5    0    2  
   4    5    2    0    0    1    0    0    0    3  
   1    5    0    2    0    0    0    4    3    0  
   0    4    0    1    3    5    2    0    0    0  
   0    2    0    0    0    1    0    4    3    5  
   0    0    3    5    0    0    2    1    4    0  
   0    4    0    2    0    3    0    1    0    5  
   2    5    1    4    0    0    3    0    0    0  
   3    0    2    0    5    1    0    0    4    0  
   0    0    0    4    3    1    0    2    0    5  
   0    0    0    0    3    1    0    5    4    2  
   5    0    3    0    0    1    0    2    0    4  
   5    0    1    0    4    2    0    0    0    3  
   0    3    0    1    0    4    5    0    0    2  
   5    1    0    2    3    4    0    0    0    0  
   0    2    3    1    0    0    5    0    0    4  
   5    0    1    0    2    4    0    0    3    0  
   5    3    0    4    0    1    0    0    2    0  
   3    0    0    2    0    0    0    4    5    1  
   0    2    0    3    5    0    4    0    1    0  
   5    3    0    1    0    2    0    0    4    0  
   0    1    2    0    0    0    4    5    3    0  
   0    3    5    0    0    0    1    0    4    2  
   0    4    0    3    0    1    2    0    0    5  
   1    0    0    3    2    0    0    0    5    4  
   1    0    0    4    5    3    0    2    0    0  
   0    5    3    2    0    0    0    4    0    1  
   5    0    1    2    0    0    0    4    0    3  
   2    0    0    4    3    0    1    5    0    0  
   2    0    0    0    4    0    1    0    5    3  
   1    3    0    0    5    0    0    2    4    0  
   0    3    4    5    0    2    1    0    0    0  
   0    0    0    0    0    3    5    2    4    1  
   5    0    0    1    0    0    3    0    2    4  
   0    5    0    3    0    1    0    0    2    4  
   2    0    3    5    0    1    0    0    4    0  
   2    4    0    0    0    3    1    0    0    5  
   0    0    0    3    4    0    2    1    0    5  
   0    3    0    0    2    1    0    4    5    0  
   0    0    3    0    5    1    2    0    4    0  
   4    0    5    0    3    1    0    0    2    0  
   3    4    0    0    1    0    0    0    5    2  
   2    5    3    1    0    0    0    0    4    0  
   3    0    0    0    1    4    2    0    0    5  
   3    0    0    5    0    2    1    4    0    0  
   0    0    1    2    0    0    0    3    4    5  
   2    0    0    4    5    1    0    3    0    0  
   0    0    5    0    1    4    2    0    3    0  
   2    4    0    0    5    1    0    3    0    0  
   0    1    0    3    2    0    0    5    0    4  
   3    0    5    0    0    0    1    2    0    4  
   0    5    4    2    0    0    1    0    3    0  
   1    2    3    0    0    4    0    0    0    5  
   0    5    2    1    4    0    0    3    0    0  
   2    0    0    0    1    0    3    0    4    5  ] 
RESERVATION PRICES : [    0    0    6    6    6    6    0    0    0    6  
  10    9   12   11    0    0   11    0    0    0  
  15   14   13    0    0   17    0    0    0   17  
   0   16    0   16   16   13    0    0   14    0  
   0    0    0   17   15   14   13    0   16    0  
  18    0   17   18   20    0    0    0    0   19  
  23   25    0   19    0    0   24    0   22    0  
   0   27    0   32    0   27    0   28    0   29  
   0   34   28   29    0    0    0    0   31   30  
   0    0   31    0    0   32   32   36   33    0  
   0   36   41   34    0   40    0    0    0   43  
  46   39   51    0   38    0    0    0   43    0  
  48   42    0    0    0   42   42    0    0   42  
   0    0    0   46   46    0   49    0   57   54  
   0    0   56    0    0   57   56   51    0   57  
   0   55   48   63    0    0   57    0    0   55  
   0    0    0   60   56    0    0   61   55   68  
   0   63    0    0   64   59   74    0    0   58  
   0   67    0    0   66    0   68   63    0   56  
  55    0   69   65    0    0    0   56    0   73  
  64   64    0    0    0    0   69    0   72   77  
   0    0    0    0   68   84   70   75    0   73  
   0    0    0   82    0   76   92    0   93   82  
   0    0   83    0   84    0   85    0   82   86  
  88    0   97    0    0   99    0    0   92   86  
   0  107  101    0   93    0   94    0  105    0  
  98    0    0   96    0    0   98   98    0   94  
  99    0    0    0    0   83  100   90  100    0  
   0   87    0   91   86    0    0  111  107    0  
   0    0    0   95   92    0   91  104   93    0  
 105  115    0   88    0    0  111    0    0  109  
   0  114    0  118  100    0  103    0    0   98  
 100    0  100  117  107    0    0  103    0    0  
   0   96    0   96    0    0  118  113    0   89  
   0   96    0    0    0  117  113    0  102  106  
 104    0  117    0   97  124    0    0    0  127  
   0    0   98    0   97    0    0  118  118  111  
 103  138  131    0    0  105    0  126    0    0  
   0    0  133  141  128  118    0    0    0  115  
 134    0  123  146    0  137    0  109    0    0  
 131    0    0  141    0  149  142    0  149    0  
 115  131    0    0  131    0  133  133    0    0  
 152  118    0  146  151    0    0    0    0  131  
 123  151    0    0    0  131    0    0  116  146  
   0  119    0  161    0  146    0    0  126  116  
   0  140    0    0  158  130    0    0  150  150  
   0  126    0    0  144    0  146    0  141  129  
   0    0  162    0    0  135  158    0  137  154  
   0  144  136    0    0  161    0    0  156  173  
   0  148  135    0    0    0  138  162    0  167  
 162  180    0  169    0    0    0  178    0  141  
 150    0    0    0  160    0  185    0  183  152  
   0  185  151  188    0    0    0    0  164  153  
   0  143    0    0  181    0  192  189    0  142  
   0  188  172    0    0  161  184    0    0  157  
   0  199  179  157  165    0    0    0  190    0  
   0  161  148  152    0    0    0    0  173  170  
 166  151    0    0    0  151    0    0  178  201  
 174    0    0    0    0  176  204    0  175  181  
 180  155    0    0  198    0    0    0  175  179  
   0  188    0  170  170  171  173    0    0    0  
 199    0  191    0  216    0    0    0  200  172  
   0    0  166    0  190  203  175    0  197    0  
 174    0    0  175  200  176    0    0    0  179  
 231  227    0  177    0  212    0    0    0  227  
 221  205  197    0    0  171  221    0    0    0  
 219  181    0  216  210  182    0    0    0    0  
 187  205    0    0    0  240    0    0  207  231  
 201    0  206    0  193    0  199  247    0    0  
   0    0    0    0  204  219  222  210    0  244  
   0    0  184    0  242    0  241    0  247  184  
   0    0    0    0  240  190    0  233  249  187  
 211    0    0  207    0    0  195  232  197    0  
   0  191    0  213  231    0    0  234    0  255  
 199    0    0  206  241    0    0  202  214    0  
 239  268  231    0  210    0    0    0    0  209  
 251    0  237  226  222    0    0    0    0  197  
 224    0    0  272    0  231  271  235    0    0  
   0    0  275  227    0    0  206  220  208    0  
   0    0  248    0  282    0  285  207  251    0  
 265  214  237    0  223    0    0    0  244    0  
   0    0    0  268  271  289    0    0  281  245  
   0    0    0  248  250  260  217  291    0    0  
 222    0  248    0    0    0  250    0  299  289  
   0    0    0  241  307  272    0  270    0  237  
   0  260    0  262    0  298    0    0  294  245  
   0  261  266    0  264  310  291    0    0    0  
   0  236  317    0    0  281  233    0  284    0  
 265    0    0  316  258  275  261    0    0    0  
 269    0  241    0  277    0  271  239    0    0  
 262    0    0  332  312    0    0    0  307  246  
 305    0  311    0    0    0  270  326  304    0  
 305  253  317  248    0    0  247    0    0    0  
 299  338    0  337    0  276    0    0  309    0  
 294    0  276  263  309    0    0    0  298    0  
 264    0  338    0    0  296    0  263    0  342  
 264  311  279    0    0  301    0    0    0  269  
 359  277    0  331    0    0    0  272  357    0  
   0  363    0  371  362  343  351    0    0    0  
   0  375    0    0    0  341    0  357  308  307  
   0    0  291  318    0    0  307  306  278    0  
   0  299    0  334    0  285    0  312    0  327  
 285  340  329  381    0    0  354    0    0    0  
 322    0  296    0  349  327    0    0  281    0  
   0    0    0  310  381  326    0  364    0  385  
   0    0    0    0  296  385    0  363  300  300  
 377    0  394    0    0  319    0  300    0  324  
 347    0  392    0  313  382    0    0    0  319  
   0  353    0  385    0  310  361    0    0  312  
 355  402    0  347  385  298    0    0    0    0  
   0  364  382  320    0    0  408    0    0  307  
 347    0  364    0  331  351    0    0  404    0  
 311  322    0  340    0  394    0    0  345    0  
 388    0    0  340    0    0    0  369  376  373  
   0  382    0  380  304    0  320    0  401    0  
 372  354    0  365    0  349    0    0  377    0  
   0  332  380    0    0    0  410  318  403    0  
   0  375  321    0    0    0  313    0  435  366  
   0  397    0  369    0  370  359    0    0  315  
 354    0    0  367  320    0    0    0  349  366  
 375    0    0  418  357  394    0  409    0    0  
   0  416  330  329    0    0    0  406    0  338  
 393    0  409  409    0    0    0  371    0  415  
 438    0    0  437  442    0  336  336    0    0  
 389    0    0    0  429    0  398    0  450  453  
 372  370    0    0  459    0    0  418  384    0  
   0  383  342  401    0  395  381    0    0    0  
   0    0    0    0    0  352  422  416  457  343  
 452    0    0  390    0    0  360    0  471  421  
   0  427    0  473    0  396    0    0  465  399  
 350    0  455  427    0  393    0    0  393    0  
 477  406    0    0    0  437  482    0    0  386  
   0    0    0  366  361    0  424  461    0  485  
   0  387    0    0  458  481    0  472  361    0  
   0    0  418    0  362  485  466    0  450    0  
 421    0  461    0  465  382    0    0  412    0  
 506  506    0    0  502    0    0    0  446  368  
 421  412  432  481    0    0    0    0  380    0  
 454    0    0    0  413  484  460    0    0  427  
 508    0    0  503    0  419  451  509    0    0  
   0    0  415  387    0    0    0  383  467  416  
 511    0    0  439  505  399    0  463    0    0  
   0    0  416    0  478  462  501    0  418    0  
 417  495    0    0  422  438    0  520    0    0  
   0  488    0  476  400    0    0  406    0  482  
 529    0  418    0    0    0  508  529    0  517  
   0  413  405  531    0    0  418    0  406    0  
 468  426  545    0    0  412    0    0    0  461  
   0  484  493  531  432    0    0  546    0    0  
 525    0    0    0  456    0  427    0  493  554  ] 
 ] 
