K : 50
I : 5
C : 5
INSTANCE : 1
PREFERENCES : [    2    3    0    0    1  
   2    3    0    1    0  
   0    3    0    2    1  
   2    0    0    1    3  
   1    0    2    3    0  
   0    0    2    3    1  
   3    0    2    1    0  
   3    1    0    2    0  
   2    0    0    1    3  
   3    0    2    1    0  
   3    2    0    0    1  
   0    0    3    2    1  
   3    0    0    2    1  
   3    2    0    1    0  
   0    0    3    2    1  
   0    2    1    3    0  
   2    0    3    0    1  
   2    0    1    0    3  
   1    0    2    3    0  
   1    0    3    2    0  
   0    0    2    3    1  
   1    0    3    2    0  
   1    0    0    3    2  
   0    0    1    3    2  
   2    1    0    3    0  
   1    0    0    2    3  
   1    0    3    0    2  
   1    3    0    0    2  
   0    1    2    0    3  
   2    1    0    0    3  
   0    0    2    3    1  
   3    0    0    1    2  
   0    0    3    1    2  
   2    1    0    0    3  
   0    2    1    0    3  
   3    0    2    0    1  
   2    0    3    1    0  
   1    3    0    2    0  
   0    1    3    0    2  
   1    3    2    0    0  
   3    2    0    0    1  
   0    2    0    1    3  
   2    0    0    1    3  
   0    0    1    3    2  
   3    0    1    0    2  
   3    0    1    2    0  
   0    3    0    1    2  
   0    3    0    2    1  
   3    1    0    2    0  
   3    1    2    0    0  ] 
RESERVATION PRICES : [    5    5    0    0    6  
   6    5    0    5    0  
   0    6    0    6    5  
  11    0    0    9   12  
  11    0   11   12    0  
   0    0   15   13   13  
  19    0   19   17    0  
  24   23    0   27    0  
  28    0    0   30   29  
  29    0   25   32    0  
  38   40    0    0   34  
   0    0   33   41   38  
  48    0    0   48   40  
  50   44    0   44    0  
   0    0   58   48   53  
   0   58   49   64    0  
  68    0   59    0   62  
  60    0   73    0   68  
  54    0   68   56    0  
  64    0   65   70    0  
   0    0   65   74   64  
  74    0   79   66    0  
  85    0    0   87   65  
   0    0   65   82   83  
  75   89    0   82    0  
  95    0    0   90   73  
  76    0   76    0   76  
  88   95    0    0   97  
   0   94  109    0  101  
  98  108    0    0   86  
   0    0  105  119   98  
 118    0    0  106  117  
   0    0   94  116  105  
 128  109    0    0  100  
   0  114  112    0  122  
 105    0  115    0  135  
 128    0  110  129    0  
 144  116    0  129    0  
   0  143  135    0  147  
 113  142  136    0    0  
 147  143    0    0  123  
   0  153    0  148  141  
 128    0    0  131  164  
   0    0  132  150  127  
 148    0  131    0  124  
 158    0  142  158    0  
   0  165    0  149  171  
   0  158    0  163  171  
 156  158    0  171    0  
 173  178  157    0    0  ] 
 ] 
