K : 75
I : 10
C : 3
INSTANCE : 3
PREFERENCES : [    0    1    0    0    0    5    2    4    0    3  
   1    0    0    4    2    5    0    0    0    3  
   4    1    5    0    2    0    0    3    0    0  
   0    0    0    4    5    0    1    0    3    2  
   0    0    0    4    5    0    2    3    1    0  
   0    2    0    4    0    5    0    0    3    1  
   0    5    2    1    4    0    0    0    0    3  
   0    1    2    0    3    4    0    0    5    0  
   0    0    2    1    3    0    4    0    5    0  
   0    4    1    0    2    5    0    3    0    0  
   4    0    1    3    5    2    0    0    0    0  
   3    2    0    0    4    0    5    0    0    1  
   0    1    0    5    4    0    3    2    0    0  
   2    0    4    1    5    3    0    0    0    0  
   1    0    4    2    0    0    0    0    5    3  
   4    0    3    2    5    0    0    0    1    0  
   0    0    2    4    1    5    0    0    3    0  
   3    2    0    0    0    4    0    0    5    1  
   0    0    0    4    5    2    1    0    3    0  
   0    0    1    0    5    0    4    0    3    2  
   0    0    5    0    4    2    0    1    3    0  
   0    0    2    0    5    0    1    4    0    3  
   0    0    0    0    5    0    4    3    1    2  
   0    2    0    5    0    0    3    0    4    1  
   1    3    0    0    2    0    0    0    5    4  
   3    0    4    1    5    0    2    0    0    0  
   0    0    5    4    0    0    3    2    0    1  
   0    0    2    0    0    0    4    5    3    1  
   3    1    0    5    0    0    4    0    2    0  
   0    1    4    3    5    0    0    0    0    2  
   0    0    0    3    0    4    1    0    2    5  
   4    0    1    0    0    0    0    2    5    3  
   2    0    5    0    4    0    1    0    0    3  
   4    2    0    1    0    5    3    0    0    0  
   5    4    1    0    3    0    2    0    0    0  
   5    3    0    0    1    4    0    2    0    0  
   4    3    0    0    1    0    0    5    0    2  
   1    0    2    0    3    0    4    0    5    0  
   0    1    0    0    2    3    5    4    0    0  
   1    0    0    3    5    0    2    0    4    0  
   4    0    0    0    3    5    0    2    1    0  
   1    4    5    2    0    0    0    0    0    3  
   3    1    0    5    2    0    0    0    0    4  
   0    0    2    1    0    5    0    0    3    4  
   2    0    5    1    4    3    0    0    0    0  
   0    0    0    0    0    1    2    3    5    4  
   0    0    1    2    0    0    0    3    4    5  
   0    2    0    5    0    0    0    4    1    3  
   0    1    4    0    2    0    0    5    3    0  
   1    2    5    0    3    0    0    0    4    0  
   1    0    0    4    0    0    5    0    3    2  
   0    3    5    2    0    1    4    0    0    0  
   0    0    0    3    0    2    0    1    5    4  
   1    0    3    0    0    0    4    5    2    0  
   4    0    2    0    1    0    0    5    0    3  
   0    0    0    1    0    2    5    3    0    4  
   5    0    1    0    2    3    4    0    0    0  
   0    5    0    4    3    0    2    0    0    1  
   3    0    4    0    0    1    0    5    0    2  
   0    5    2    0    4    1    0    3    0    0  
   0    1    4    0    0    5    2    0    0    3  
   5    0    3    1    0    0    0    0    2    4  
   0    5    2    4    0    0    0    1    0    3  
   2    4    0    0    0    0    3    1    5    0  
   0    0    2    4    3    0    0    1    5    0  
   0    0    3    0    0    5    0    1    2    4  
   2    5    0    3    0    0    1    0    4    0  
   0    0    4    3    1    0    5    2    0    0  
   1    2    0    4    0    3    0    0    0    5  
   1    3    0    0    0    2    4    0    5    0  
   0    0    2    0    5    3    1    4    0    0  
   4    0    0    2    3    5    0    1    0    0  
   0    4    0    5    0    3    0    0    1    2  
   0    2    0    0    1    5    0    0    3    4  
   0    0    4    3    2    0    0    0    5    1  ] 
RESERVATION PRICES : [    0    7    0    0    0    8    7    7    0    9  
  10    0    0   11    9   10    0    0    0   10  
  16   13   15    0   15    0    0   15    0    0  
   0    0    0   17   18    0   22    0   21   22  
   0    0    0   21   27    0   27   20   21    0  
   0   32    0   27    0   26    0    0   27   29  
   0   26   28   30   29    0    0    0    0   30  
   0   34   28    0   33   26    0    0   31    0  
   0    0   31   31   28    0   28    0   26    0  
   0   39   32    0   32   39    0   38    0    0  
  39    0   37   34   32   37    0    0    0    0  
  34   44    0    0   37    0   35    0    0   43  
   0   36    0   49   40    0   41   48    0    0  
  45    0   42   38   45   42    0    0    0    0  
  51    0   47   41    0    0    0    0   40   52  
  55    0   52   51   59    0    0    0   50    0  
   0    0   48   54   49   47    0    0   47    0  
  51   48    0    0    0   66    0    0   52   52  
   0    0    0   62   55   56   58    0   57    0  
   0    0   54    0   69    0   67    0   51   67  
   0    0   71    0   73   56    0   60   55    0  
   0    0   57    0   61    0   63   73    0   66  
   0    0    0    0   78    0   83   63   81   75  
   0   80    0   80    0    0   74    0   85   81  
  69   84    0    0   79    0    0    0   76   74  
  75    0   91   72   89    0   94    0    0    0  
   0    0   76   99    0    0   84   89    0   88  
   0    0   79    0    0    0   97  101   85   89  
 100   86    0   84    0    0  101    0  105    0  
   0  106   81  103  112    0    0    0    0   99  
   0    0    0  111    0  116   99    0  102  104  
 104    0  109    0    0    0    0   91   86   96  
 121    0   96    0   94    0  104    0    0   89  
 106  104    0   98    0  103  115    0    0    0  
 129  102  102    0  117    0  134    0    0    0  
 103  111    0    0  131  129    0  135    0    0  
  97  108    0    0  108    0    0  134    0  130  
 131    0  137    0   99    0  133    0  108    0  
   0  119    0    0  105  105  138  140    0    0  
 144    0    0  127  131    0  113    0  105    0  
 150    0    0    0  123  138    0  144  124    0  
 138  153  144  140    0    0    0    0    0  153  
 131  132    0  132  117    0    0    0    0  140  
   0    0  120  143    0  134    0    0  119  146  
 158    0  141  163  168  157    0    0    0    0  
   0    0    0    0    0  131  163  171  141  138  
   0    0  158  135    0    0    0  177  154  170  
   0  141    0  162    0    0    0  178  161  171  
   0  167  149    0  180    0    0  162  154    0  
 151  154  182    0  174    0    0    0  140    0  
 182    0    0  168    0    0  178    0  178  188  
   0  196  167  175    0  194  188    0    0    0  
   0    0    0  201    0  174    0  152  163  158  
 157    0  190    0    0    0  168  187  176    0  
 169    0  171    0  210    0    0  163    0  155  
   0    0    0  166    0  186  217  175    0  205  
 210    0  166    0  198  160  179    0    0    0  
   0  222    0  193  216    0  220    0    0  218  
 187    0  215    0    0  214    0  188    0  204  
   0  224  168    0  169  191    0  171    0    0  
   0  219  231    0    0  229  181    0    0  208  
 224    0  185  177    0    0    0    0  237  202  
   0  176  232  179    0    0    0  188    0  217  
 204  210    0    0    0    0  189  174  174    0  
   0    0  204  202  180    0    0  229  206    0  
   0    0  210    0    0  220    0  179  232  205  
 231  193    0  250    0    0  209    0  194    0  
   0    0  232  208  195    0  262  259    0    0  
 211  191    0  192    0  260    0    0    0  249  
 221  259    0    0    0  266  198    0  214    0  
   0    0  268    0  234  209  212  222    0    0  
 262    0    0  248  212  238    0  263    0    0  
   0  241    0  231    0  254    0    0  262  252  
   0  210    0    0  279  275    0    0  247  209  
   0    0  219  267  277    0    0    0  268  270  ] 
 ] 
