K : 75
I : 15
C : 15
INSTANCE : 5
PREFERENCES : [    0    5    4    0    0    0    0    0    0    0    0    3    1    2    0  
   0    1    0    2    5    0    0    0    0    0    0    3    0    4    0  
   0    0    5    0    0    0    3    4    1    0    0    0    2    0    0  
   0    5    0    0    0    0    0    1    3    0    0    4    0    0    2  
   5    0    0    0    0    0    0    3    2    0    1    0    0    0    4  
   2    0    0    0    0    4    1    0    0    0    5    0    0    3    0  
   0    0    0    0    0    0    0    4    2    5    1    0    0    3    0  
   0    0    0    0    0    0    0    0    2    4    0    3    1    0    5  
   5    0    0    0    0    0    0    1    4    3    0    2    0    0    0  
   0    0    0    0    1    3    0    0    0    0    0    0    4    2    5  
   0    1    2    3    0    0    0    5    0    0    4    0    0    0    0  
   0    4    2    3    0    0    5    0    0    0    0    0    0    1    0  
   0    0    4    0    5    0    0    3    1    0    2    0    0    0    0  
   0    0    0    0    4    1    5    0    0    0    3    0    0    0    2  
   0    0    0    0    0    3    0    2    5    1    0    0    0    4    0  
   2    0    0    0    3    0    4    0    1    5    0    0    0    0    0  
   4    5    2    0    0    0    1    0    0    0    3    0    0    0    0  
   1    0    0    3    4    0    0    2    0    0    0    0    5    0    0  
   0    1    5    0    3    0    0    0    2    0    0    0    0    4    0  
   0    2    0    0    0    0    0    1    3    4    5    0    0    0    0  
   3    1    2    4    0    0    0    0    0    0    5    0    0    0    0  
   0    4    0    0    1    0    3    5    2    0    0    0    0    0    0  
   0    1    0    0    0    0    2    0    3    0    0    0    5    0    4  
   2    0    4    1    0    0    0    0    0    0    0    3    5    0    0  
   3    2    0    0    5    0    0    0    0    0    1    0    0    4    0  
   2    5    0    0    3    4    0    0    0    0    0    1    0    0    0  
   4    0    0    2    0    5    0    0    0    0    0    0    1    0    3  
   0    1    5    0    4    0    2    0    0    3    0    0    0    0    0  
   0    0    5    3    0    0    0    0    0    0    0    0    4    1    2  
   0    0    0    4    0    0    0    2    5    3    0    0    1    0    0  
   0    0    0    4    0    0    1    0    0    0    0    2    3    0    5  
   0    0    0    3    0    5    0    0    0    0    0    4    2    1    0  
   0    0    0    0    2    0    3    0    0    4    0    0    5    0    1  
   0    0    0    5    4    0    0    0    0    3    1    0    2    0    0  
   0    0    4    5    0    2    0    3    0    1    0    0    0    0    0  
   0    0    0    1    0    0    0    0    0    5    3    2    4    0    0  
   3    1    0    0    4    2    0    0    0    5    0    0    0    0    0  
   0    5    3    0    0    0    0    0    1    2    0    4    0    0    0  
   0    4    0    0    5    0    0    0    0    3    0    0    0    2    1  
   1    0    0    0    0    0    0    5    0    0    3    0    4    2    0  
   0    2    0    0    0    5    3    0    0    0    1    0    4    0    0  
   0    4    0    1    0    5    2    0    0    3    0    0    0    0    0  
   0    0    0    0    1    0    0    0    5    0    3    0    4    0    2  
   0    3    2    1    0    0    0    0    4    5    0    0    0    0    0  
   4    0    2    0    0    0    3    0    0    0    0    0    1    0    5  
   1    0    3    0    0    0    5    0    0    0    0    0    2    0    4  
   1    3    0    0    5    4    0    0    0    0    2    0    0    0    0  
   1    0    0    0    0    4    2    0    3    0    0    0    5    0    0  
   2    0    0    0    0    0    0    0    0    3    4    1    5    0    0  
   0    0    0    0    1    0    2    3    0    0    0    0    5    4    0  
   2    0    0    0    0    5    0    0    1    4    3    0    0    0    0  
   0    0    3    0    0    0    4    0    5    1    0    0    0    2    0  
   0    4    0    0    5    0    0    2    0    0    1    3    0    0    0  
   0    4    0    0    0    2    0    5    1    0    3    0    0    0    0  
   0    3    0    0    1    0    0    0    0    0    2    5    0    4    0  
   5    0    3    0    0    0    0    0    0    2    4    0    0    1    0  
   1    4    0    0    0    0    2    0    5    0    0    0    3    0    0  
   0    3    0    0    0    4    0    0    2    5    1    0    0    0    0  
   0    0    0    0    5    1    0    0    0    2    4    0    0    0    3  
   0    0    0    2    3    0    0    4    0    1    0    0    0    5    0  
   4    0    0    2    5    0    0    0    3    0    1    0    0    0    0  
   4    0    0    0    3    0    0    0    2    1    0    5    0    0    0  
   5    0    0    0    0    1    0    4    0    0    0    2    0    3    0  
   5    3    0    0    0    0    0    0    0    4    0    0    1    0    2  
   0    5    0    0    0    0    0    4    0    3    1    2    0    0    0  
   0    4    0    5    0    0    0    1    3    2    0    0    0    0    0  
   0    0    0    0    0    0    3    2    5    0    0    0    4    1    0  
   0    1    0    0    2    0    0    4    3    0    5    0    0    0    0  
   5    0    0    4    0    0    0    1    3    0    2    0    0    0    0  
   0    0    0    0    2    0    4    0    0    0    1    0    0    5    3  
   0    0    0    1    0    3    0    4    0    0    0    5    0    2    0  
   3    0    0    1    0    0    5    0    0    0    0    2    0    4    0  
   3    0    0    1    2    0    0    0    5    0    0    0    0    4    0  
   0    0    0    2    0    0    5    3    0    0    0    0    0    4    1  
   0    0    2    0    0    3    0    5    0    1    0    0    0    0    4  ] 
RESERVATION PRICES : [    0    6    6    0    0    0    0    0    0    0    0    6    5    5    0  
   0   12    0   13   12    0    0    0    0    0    0   10    0   10    0  
   0    0   11    0    0    0   11   12   13    0    0    0   10    0    0  
   0   17    0    0    0    0    0   17   16    0    0   18    0    0   15  
  22    0    0    0    0    0    0   21   22    0   24    0    0    0   23  
  22    0    0    0    0   24   26    0    0    0   27    0    0   20    0  
   0    0    0    0    0    0    0   27   26   33   24    0    0   32    0  
   0    0    0    0    0    0    0    0   29   26    0   31   31    0   30  
  40    0    0    0    0    0    0   36   35   33    0   35    0    0    0  
   0    0    0    0   40   40    0    0    0    0    0    0   35   34   37  
   0   43   42   38    0    0    0   46    0    0   46    0    0    0    0  
   0   49   46   47    0    0   49    0    0    0    0    0    0   40    0  
   0    0   41    0   40    0    0   51   44    0   53    0    0    0    0  
   0    0    0    0   57   48   51    0    0    0   57    0    0    0   46  
   0    0    0    0    0   60    0   60   47   46    0    0    0   61    0  
  53    0    0    0   68    0   70    0   66   56    0    0    0    0    0  
  54   64   59    0    0    0   52    0    0    0   54    0    0    0    0  
  58    0    0   70   79    0    0   74    0    0    0    0   79    0    0  
   0   75   66    0   69    0    0    0   79    0    0    0    0   70    0  
   0   82    0    0    0    0    0   74   77   65   63    0    0    0    0  
  84   74   69   86    0    0    0    0    0    0   84    0    0    0    0  
   0   84    0    0   67    0   71   84   68    0    0    0    0    0    0  
   0   87    0    0    0    0   76    0   89    0    0    0   79    0   95  
  78    0   69   86    0    0    0    0    0    0    0   87   93    0    0  
  86   91    0    0   94    0    0    0    0    0   85    0    0   90    0  
  79  101    0    0  101   83    0    0    0    0    0  104    0    0    0  
  86    0    0   88    0   99    0    0    0    0    0    0  100    0   91  
   0   99   99    0   88    0  114    0    0  114    0    0    0    0    0  
   0    0  106   91    0    0    0    0    0    0    0    0   82  102   90  
   0    0    0   97    0    0    0   94  111   97    0    0  108    0    0  
   0    0    0  109    0    0   98    0    0    0    0  119  105    0  123  
   0    0    0  118    0  124    0    0    0    0    0   97  121  107    0  
   0    0    0    0  104    0  126    0    0  111    0    0  125    0  106  
   0    0    0  107  105    0    0    0    0  131  111    0  130    0    0  
   0    0  141  106    0  136    0  127    0  139    0    0    0    0    0  
   0    0    0  137    0    0    0    0    0  134  142  130  133    0    0  
 117  141    0    0  137  107    0    0    0  129    0    0    0    0    0  
   0  149  113    0    0    0    0    0  151  147    0  151    0    0    0  
   0  130    0    0  148    0    0    0    0  140    0    0    0  125  132  
 141    0    0    0    0    0    0  120    0    0  154    0  124  146    0  
   0  122    0    0    0  143  128    0    0    0  123    0  125    0    0  
   0  150    0  140    0  152  136    0    0  131    0    0    0    0    0  
   0    0    0    0  160    0    0    0  169    0  139    0  123    0  127  
   0  160  153  171    0    0    0    0  174  137    0    0    0    0    0  
 133    0  157    0    0    0  151    0    0    0    0    0  170    0  155  
 167    0  153    0    0    0  160    0    0    0    0    0  176    0  181  
 176  184    0    0  150  139    0    0    0    0  175    0    0    0    0  
 163    0    0    0    0  165  167    0  177    0    0    0  173    0    0  
 152    0    0    0    0    0    0    0    0  167  185  171  167    0    0  
   0    0    0    0  160    0  168  144    0    0    0    0  155  170    0  
 195    0    0    0    0  166    0    0  161  169  146    0    0    0    0  
   0    0  151    0    0    0  177    0  204  178    0    0    0  156    0  
   0  175    0    0  204    0    0  166    0    0  204  150    0    0    0  
   0  172    0    0    0  156    0  161  196    0  175    0    0    0    0  
   0  206    0    0  165    0    0    0    0    0  164  203    0  183    0  
 172    0  164    0    0    0    0    0    0  200  166    0    0  158    0  
 188  156    0    0    0    0  157    0  177    0    0    0  185    0    0  
   0  209    0    0    0  216    0    0  197  199  209    0    0    0    0  
   0    0    0    0  199  200    0    0    0  171  195    0    0    0  190  
   0    0    0  215  164    0    0  192    0  182    0    0    0  169    0  
 195    0    0  207  214    0    0    0  197    0  185    0    0    0    0  
 204    0    0    0  209    0    0    0  212  166    0  224    0    0    0  
 194    0    0    0    0  202    0  195    0    0    0  231    0  209    0  
 206  204    0    0    0    0    0    0    0  173    0    0  232    0  192  
   0  219    0    0    0    0    0  197    0  219  195  215    0    0    0  
   0  197    0  226    0    0    0  206  187  243    0    0    0    0    0  
   0    0    0    0    0    0  213  184  230    0    0    0  175  212    0  
   0  244    0    0  221    0    0  224  227    0  202    0    0    0    0  
 213    0    0  246    0    0    0  201  253    0  199    0    0    0    0  
   0    0    0    0  201    0  210    0    0    0  218    0    0  242  257  
   0    0    0  246    0  259    0  228    0    0    0  261    0  196    0  
 211    0    0  268    0    0  254    0    0    0    0  251    0  257    0  
 231    0    0  247  248    0    0    0  223    0    0    0    0  227    0  
   0    0    0  209    0    0  273  270    0    0    0    0    0  254  267  
   0    0  257    0    0  216    0  252    0  239    0    0    0    0  258  ] 
 ] 
