K : 75
I : 15
C : 12
INSTANCE : 1
PREFERENCES : [    0    0    0    4    0    0    0    0    1    0    5    2    3    0    0  
   0    2    0    4    0    3    0    0    0    0    0    0    0    1    5  
   0    0    1    0    2    4    0    0    0    0    0    0    0    5    3  
   0    5    1    0    2    0    3    0    0    0    0    0    4    0    0  
   2    0    0    0    0    0    0    0    1    5    0    3    4    0    0  
   0    0    1    0    0    0    3    0    2    5    0    4    0    0    0  
   0    0    5    0    0    0    4    0    0    0    3    2    1    0    0  
   0    0    2    0    0    3    5    0    4    1    0    0    0    0    0  
   0    0    0    0    0    1    2    0    5    0    4    0    0    3    0  
   0    0    0    0    0    0    4    0    5    0    1    2    0    0    3  
   0    5    0    3    1    0    0    4    0    0    0    2    0    0    0  
   4    0    0    1    0    3    0    0    5    0    0    0    0    0    2  
   0    4    0    2    0    0    3    0    0    0    0    0    0    1    5  
   0    0    0    2    0    0    0    5    0    0    3    1    0    0    4  
   5    0    3    0    0    0    0    2    0    0    0    4    0    1    0  
   4    2    0    0    0    1    0    0    0    0    0    0    5    0    3  
   5    0    0    0    0    1    0    0    0    3    0    0    4    2    0  
   3    0    0    0    5    0    0    0    0    0    4    0    1    2    0  
   5    3    4    0    0    0    0    0    0    0    0    0    2    0    1  
   4    1    3    5    0    0    0    0    0    0    0    2    0    0    0  
   0    0    0    5    0    4    0    0    0    0    1    0    3    2    0  
   0    0    1    2    4    3    0    5    0    0    0    0    0    0    0  
   0    1    0    0    4    2    0    0    0    0    0    3    0    5    0  
   5    3    2    0    0    0    0    0    1    4    0    0    0    0    0  
   0    2    4    1    0    0    3    5    0    0    0    0    0    0    0  
   0    0    0    4    0    0    2    1    0    0    5    3    0    0    0  
   0    0    2    0    5    0    0    0    0    0    3    0    0    1    4  
   1    4    0    2    0    0    0    0    0    0    0    3    0    5    0  
   4    0    0    0    0    0    0    3    0    2    5    0    0    1    0  
   0    0    2    1    3    0    0    0    0    0    4    0    5    0    0  
   0    0    0    3    0    0    1    0    0    0    0    2    4    5    0  
   0    0    0    3    4    1    0    5    0    0    0    2    0    0    0  
   0    1    2    0    4    0    5    0    0    0    0    0    0    0    3  
   1    5    0    3    0    4    0    0    0    0    0    2    0    0    0  
   0    0    4    5    0    0    3    1    0    0    0    0    0    0    2  
   5    0    3    0    0    0    0    4    0    2    0    0    1    0    0  
   2    0    0    0    0    4    0    0    0    3    0    1    0    0    5  
   0    2    0    0    3    4    0    0    5    1    0    0    0    0    0  
   0    0    0    0    3    0    1    2    0    0    5    0    0    4    0  
   0    0    0    0    0    1    0    0    3    0    0    4    2    5    0  
   0    0    0    5    0    1    0    0    4    0    3    2    0    0    0  
   0    0    4    0    0    0    5    0    2    0    0    3    0    1    0  
   0    0    0    0    0    0    0    4    2    0    0    0    3    1    5  
   0    5    3    0    0    0    0    0    0    0    0    1    2    4    0  
   0    1    0    0    0    0    2    0    5    0    0    4    3    0    0  
   0    0    0    4    3    5    0    0    1    0    0    0    0    2    0  
   0    0    0    0    0    0    0    3    5    2    1    0    0    4    0  
   0    2    4    0    1    0    0    0    0    5    0    0    3    0    0  
   0    5    0    0    0    0    4    0    0    3    2    1    0    0    0  
   0    2    1    0    3    0    0    4    0    5    0    0    0    0    0  
   0    0    0    0    0    0    5    3    0    1    2    0    4    0    0  
   0    0    0    2    0    0    0    3    0    1    5    0    0    0    4  
   2    0    0    0    0    0    3    0    0    0    0    5    1    4    0  
   0    2    0    4    0    0    0    0    3    0    0    0    5    1    0  
   2    0    0    1    0    0    0    0    4    0    0    0    3    0    5  
   2    0    0    0    1    5    0    4    3    0    0    0    0    0    0  
   0    1    0    0    4    3    0    0    0    0    0    0    0    2    5  
   0    0    0    1    0    0    0    4    0    0    0    3    0    2    5  
   0    0    4    0    0    0    5    0    0    0    1    0    0    2    3  
   2    0    0    0    0    0    3    0    0    1    0    5    0    4    0  
   3    0    0    0    0    2    0    1    0    5    4    0    0    0    0  
   0    0    0    3    0    4    0    0    0    5    2    0    1    0    0  
   0    0    0    0    0    0    0    0    0    0    5    1    4    3    2  
   0    1    2    0    0    0    0    0    5    0    3    0    4    0    0  
   0    3    0    0    4    0    0    0    5    0    1    0    0    2    0  
   0    0    0    5    0    4    3    1    0    0    0    2    0    0    0  
   2    0    4    3    0    0    0    0    0    5    0    0    0    0    1  
   0    0    0    0    0    0    4    5    0    1    3    2    0    0    0  
   0    2    0    0    3    1    0    0    0    4    0    0    0    5    0  
   0    1    2    5    0    0    0    0    0    0    0    0    4    0    3  
   0    0    3    1    2    0    0    0    0    0    0    4    0    5    0  
   0    1    0    0    3    0    0    0    0    4    2    0    0    0    5  
   0    4    0    5    0    0    3    0    0    0    0    1    0    2    0  
   0    1    0    3    4    0    0    2    0    5    0    0    0    0    0  
   0    4    0    0    0    0    5    1    3    0    0    0    2    0    0  ] 
RESERVATION PRICES : [    0    0    0    5    0    0    0    0    6    0    5    6    5    0    0  
   0   12    0   12    0   12    0    0    0    0    0    0    0   12   11  
   0    0   16    0   14   13    0    0    0    0    0    0    0   15   13  
   0   18   18    0   23    0   19    0    0    0    0    0   19    0    0  
  25    0    0    0    0    0    0    0   26   27    0   25   26    0    0  
   0    0   29    0    0    0   30    0   25   28    0   26    0    0    0  
   0    0   27    0    0    0   29    0    0    0   32   35   33    0    0  
   0    0   30    0    0   29   30    0   35   31    0    0    0    0    0  
   0    0    0    0    0   39   44    0   33    0   34    0    0   43    0  
   0    0    0    0    0    0   38    0   32    0   43   43    0    0   33  
   0   49    0   46   41    0    0   47    0    0    0   43    0    0    0  
  49    0    0   51    0   49    0    0   45    0    0    0    0    0   48  
   0   45    0   46    0    0   59    0    0    0    0    0    0   50   44  
   0    0    0   59    0    0    0   55    0    0   48   52    0    0   53  
  55    0   52    0    0    0    0   56    0    0    0   49    0   60    0  
  53   61    0    0    0   52    0    0    0    0    0    0   57    0   60  
  57    0    0    0    0   63    0    0    0   63    0    0   61   66    0  
  72    0    0    0   59    0    0    0    0    0   63    0   61   55    0  
  65   79   62    0    0    0    0    0    0    0    0    0   76    0   76  
  74   80   77   66    0    0    0    0    0    0    0   76    0    0    0  
   0    0    0   71    0   79    0    0    0    0   84    0   81   77    0  
   0    0   63   86   71   83    0   82    0    0    0    0    0    0    0  
   0   88    0    0   77   68    0    0    0    0    0   92    0   73    0  
  77   74   94    0    0    0    0    0   75   84    0    0    0    0    0  
   0   85   77   81    0    0   74   72    0    0    0    0    0    0    0  
   0    0    0   95    0    0   83   87    0    0   82   70    0    0    0  
   0    0   80    0   93    0    0    0    0    0   80    0    0   85   83  
  94   88    0   94    0    0    0    0    0    0    0   84    0   88    0  
  82    0    0    0    0    0    0  100    0   81   96    0    0   82    0  
   0    0   97   91   90    0    0    0    0    0  106    0   82    0    0  
   0    0    0  102    0    0  103    0    0    0    0  112  115  108    0  
   0    0    0   86  105   90    0  108    0    0    0   86    0    0    0  
   0  100  118    0  102    0  106    0    0    0    0    0    0    0  112  
 109  103    0  100    0  112    0    0    0    0    0  101    0    0    0  
   0    0  104   97    0    0  103   97    0    0    0    0    0    0  100  
 100    0  132    0    0    0    0  120    0  129    0    0  113    0    0  
 119    0    0    0    0  127    0    0    0  143    0  141    0    0  111  
   0  132    0    0  143  148    0    0  121  144    0    0    0    0    0  
   0    0    0    0  143    0  138  115    0    0  137    0    0  139    0  
   0    0    0    0    0  142    0    0  117    0    0  133  111  139    0  
   0    0    0  128    0  140    0    0  119    0  150  126    0    0    0  
   0    0  151    0    0    0  158    0  157    0    0  138    0  128    0  
   0    0    0    0    0    0    0  144  142    0    0    0  156  167  158  
   0  172  136    0    0    0    0    0    0    0    0  147  152  145    0  
   0  152    0    0    0    0  163    0  151    0    0  161  132    0    0  
   0    0    0  161  167  136    0    0  177    0    0    0    0  170    0  
   0    0    0    0    0    0    0  147  146  136  168    0    0  140    0  
   0  129  130    0  151    0    0    0    0  160    0    0  172    0    0  
   0  169    0    0    0    0  165    0    0  153  141  145    0    0    0  
   0  149  132    0  172    0    0  139    0  165    0    0    0    0    0  
   0    0    0    0    0    0  146  153    0  147  159    0  177    0    0  
   0    0    0  141    0    0    0  166    0  189  146    0    0    0  176  
 183    0    0    0    0    0  191    0    0    0    0  182  178  171    0  
   0  180    0  151    0    0    0    0  175    0    0    0  159  198    0  
 157    0    0  190    0    0    0    0  206    0    0    0  154    0  168  
 171    0    0    0  182  189    0  173  178    0    0    0    0    0    0  
   0  164    0    0  171  169    0    0    0    0    0    0    0  175  174  
   0    0    0  179    0    0    0  193    0    0    0  167    0  198  167  
   0    0  162    0    0    0  175    0    0    0  213    0    0  205  170  
 194    0    0    0    0    0  163    0    0  190    0  175    0  173    0  
 208    0    0    0    0  168    0  176    0  191  210    0    0    0    0  
   0    0    0  217    0  172    0    0    0  219  219    0  224    0    0  
   0    0    0    0    0    0    0    0    0    0  182  184  170  204  203  
   0  213  174    0    0    0    0    0  221    0  215    0  181    0    0  
   0  186    0    0  206    0    0    0  208    0  197    0    0  233    0  
   0    0    0  219    0  175  236  221    0    0    0  178    0    0    0  
 239    0  211  225    0    0    0    0    0  193    0    0    0    0  245  
   0    0    0    0    0    0  234  217    0  219  247  211    0    0    0  
   0  203    0    0  257  250    0    0    0  187    0    0    0  200    0  
   0  236  193  213    0    0    0    0    0    0    0    0  251    0  192  
   0    0  228  191  228    0    0    0    0    0    0  237    0  194    0  
   0  200    0    0  266    0    0    0    0  219  195    0    0    0  262  
   0  197    0  213    0    0  268    0    0    0    0  260    0  218    0  
   0  269    0  243  202    0    0  213    0  262    0    0    0    0    0  
   0  269    0    0    0    0  210  228  241    0    0    0  232    0    0  ] 
 ] 
