K : 50
I : 10
C : 5
INSTANCE : 2
PREFERENCES : [    0    0    0    0    2    1    5    4    0    3  
   0    5    1    0    0    3    4    0    0    2  
   4    3    0    0    0    1    0    2    5    0  
   2    0    5    1    0    3    0    0    4    0  
   0    5    1    3    0    0    2    4    0    0  
   3    5    0    0    1    0    0    0    2    4  
   4    0    5    3    1    2    0    0    0    0  
   0    5    0    4    3    2    0    0    0    1  
   0    5    4    2    3    0    0    1    0    0  
   5    0    0    2    1    3    4    0    0    0  
   3    0    1    0    4    0    2    0    5    0  
   5    3    0    0    0    2    1    0    4    0  
   0    3    0    1    0    0    4    2    0    5  
   0    0    0    1    0    2    3    5    4    0  
   5    0    0    4    0    2    3    1    0    0  
   0    0    5    3    0    2    0    4    1    0  
   0    2    0    5    0    4    0    3    1    0  
   0    4    1    5    0    0    0    3    2    0  
   0    1    0    0    0    5    2    3    0    4  
   3    2    1    0    0    5    0    0    0    4  
   0    2    0    0    0    4    3    5    1    0  
   5    4    0    2    0    0    3    1    0    0  
   0    2    0    0    3    0    5    0    1    4  
   0    1    0    0    2    3    0    0    4    5  
   3    0    4    0    5    0    2    0    0    1  
   0    4    0    0    1    5    2    0    3    0  
   0    4    0    5    0    0    0    1    3    2  
   0    3    2    5    4    0    0    0    0    1  
   0    5    4    0    0    2    0    3    0    1  
   0    5    0    0    1    3    0    2    0    4  
   4    0    0    3    1    0    0    2    5    0  
   0    1    0    2    0    0    4    0    5    3  
   0    2    4    5    1    0    0    3    0    0  
   1    3    0    0    2    0    5    0    0    4  
   5    0    4    2    0    3    0    0    1    0  
   0    4    0    0    1    0    5    3    0    2  
   0    0    3    1    0    2    4    0    5    0  
   4    1    0    0    0    5    3    0    2    0  
   0    2    3    0    0    4    1    5    0    0  
   3    5    1    4    0    0    0    0    0    2  
   0    4    0    5    1    0    2    0    0    3  
   0    0    2    4    1    0    0    3    0    5  
   0    1    5    0    2    0    4    0    0    3  
   0    0    0    0    5    3    2    1    0    4  
   0    0    0    4    2    1    3    5    0    0  
   2    0    5    0    0    3    4    0    1    0  
   0    1    0    2    4    5    3    0    0    0  
   0    0    0    1    0    2    5    4    0    3  
   3    0    0    5    0    0    0    1    4    2  
   0    5    1    0    2    3    0    0    0    4  ] 
RESERVATION PRICES : [    0    0    0    0    9    9    8    8    0    8  
   0    7    7    0    0    7    9    0    0    7  
   9    8    0    0    0    7    0    9    7    0  
  14    0   11   13    0   12    0    0   12    0  
   0   17   18   18    0    0   17   17    0    0  
  20   18    0    0   21    0    0    0   19   19  
  19    0   23   20   25   20    0    0    0    0  
   0   26    0   26   30   30    0    0    0   27  
   0   29   27   30   26    0    0   28    0    0  
  34    0    0   29   25   27   33    0    0    0  
  34    0   36    0   29    0   36    0   33    0  
  34   43    0    0    0   43   45    0   46    0  
   0   44    0   39    0    0   40   36    0   41  
   0    0    0   41    0   43   45   38   44    0  
  47    0    0   48    0   39   48   38    0    0  
   0    0   54   52    0   45    0   40   45    0  
   0   48    0   51    0   48    0   44   61    0  
   0   58   52   56    0    0    0   52   51    0  
   0   58    0    0    0   63   67   51    0   64  
  62   64   58    0    0   70    0    0    0   69  
   0   72    0    0    0   61   72   71   57    0  
  69   60    0   76    0    0   75   72    0    0  
   0   74    0    0   64    0   78    0   64   64  
   0   69    0    0   76   80    0    0   72   82  
  94    0   84    0   75    0   81    0    0   68  
   0   84    0    0   84   72   78    0   70    0  
   0   85    0   99    0    0    0   82   78   72  
   0   81   76   93   86    0    0    0    0   97  
   0   82   85    0    0   86    0   94    0   91  
   0   92    0    0   88  112    0  101    0   95  
  90    0    0   91  116    0    0  113   87    0  
   0  107    0  111    0    0   97    0  114  103  
   0  109   95   95  121    0    0   99    0    0  
 103  124    0    0  113    0  114    0    0  129  
 126    0  100  135    0  113    0    0  112    0  
   0  132    0    0  104    0  120  128    0  105  
   0    0  125  145    0  140  129    0  120    0  
 120  148    0    0    0  134  152    0  130    0  
   0  126  125    0    0  154  142  136    0    0  
 138  116  116  124    0    0    0    0    0  125  
   0  133    0  146  133    0  138    0    0  156  
   0    0  162  155  166    0    0  132    0  149  
   0  143  124    0  161    0  141    0    0  150  
   0    0    0    0  125  146  140  135    0  160  
   0    0    0  161  170  143  126  134    0    0  
 163    0  152    0    0  160  155    0  173    0  
   0  169    0  141  146  175  166    0    0    0  
   0    0    0  142    0  138  150  161    0  138  
 167    0    0  179    0    0    0  134  172  180  
   0  149  148    0  186  154    0    0    0  158  ] 
 ] 
