K : 125
I : 15
C : 13
INSTANCE : 4
PREFERENCES : [    1    2    0    0    4    3    0    5    0    0    0    0    0    0    0  
   0    0    0    2    0    0    0    0    5    0    0    0    3    4    1  
   0    4    5    0    0    0    0    0    2    0    0    0    1    3    0  
   0    5    0    0    0    0    2    0    0    1    0    0    4    3    0  
   0    4    0    0    1    0    3    0    2    0    0    5    0    0    0  
   5    4    0    3    0    0    1    0    0    0    2    0    0    0    0  
   0    5    0    0    4    0    0    0    0    0    0    3    1    0    2  
   0    0    0    0    0    4    0    3    2    5    0    0    0    0    1  
   0    0    0    0    0    0    5    0    3    1    0    0    4    0    2  
   4    2    0    1    0    0    0    5    0    0    0    0    0    0    3  
   2    0    0    3    0    1    0    4    0    0    0    0    0    5    0  
   0    0    0    5    2    0    0    0    1    0    0    3    4    0    0  
   0    0    5    1    0    3    0    0    0    0    0    2    4    0    0  
   0    0    0    0    0    1    3    0    5    0    0    2    4    0    0  
   0    2    4    0    0    0    0    0    0    3    5    0    1    0    0  
   0    0    0    0    0    0    3    5    0    2    0    0    0    1    4  
   4    0    0    3    0    0    0    0    1    2    0    0    5    0    0  
   0    0    5    3    0    0    0    0    0    2    0    0    1    0    4  
   0    0    0    0    0    1    4    2    0    0    0    5    0    0    3  
   0    2    0    0    0    0    0    1    0    0    0    4    0    5    3  
   2    1    0    5    0    0    0    0    0    3    0    0    4    0    0  
   5    0    0    0    1    0    0    0    4    0    2    0    3    0    0  
   0    0    1    0    0    5    0    0    0    0    4    3    0    0    2  
   2    0    0    4    0    0    3    1    0    0    0    0    0    5    0  
   5    0    0    0    4    2    3    1    0    0    0    0    0    0    0  
   3    0    5    0    0    0    2    4    0    0    0    0    0    0    1  
   0    0    0    0    0    0    0    5    0    1    3    2    4    0    0  
   0    0    0    0    4    0    0    0    0    0    5    2    3    0    1  
   3    0    1    0    0    0    0    0    0    0    0    4    5    2    0  
   0    0    0    4    3    5    0    0    0    2    0    0    0    0    1  
   0    0    3    0    0    0    0    0    0    5    4    0    2    1    0  
   0    0    2    0    0    1    4    0    3    5    0    0    0    0    0  
   2    1    0    0    0    0    0    3    0    5    0    4    0    0    0  
   0    5    0    0    4    0    1    3    0    2    0    0    0    0    0  
   0    4    1    0    0    2    0    0    0    3    0    0    0    0    5  
   0    1    2    0    0    0    0    5    4    0    3    0    0    0    0  
   3    0    2    0    4    1    5    0    0    0    0    0    0    0    0  
   0    0    0    1    4    0    5    0    0    3    2    0    0    0    0  
   4    0    0    5    0    2    0    0    0    1    0    3    0    0    0  
   0    0    0    0    0    2    0    0    0    1    3    0    4    0    5  
   1    4    0    0    3    5    0    0    0    2    0    0    0    0    0  
   4    0    0    1    0    0    0    5    2    3    0    0    0    0    0  
   1    0    5    0    0    3    0    4    2    0    0    0    0    0    0  
   0    3    0    0    0    0    0    4    0    0    0    1    5    0    2  
   4    5    3    0    0    0    0    1    0    0    2    0    0    0    0  
   0    0    1    5    4    2    0    3    0    0    0    0    0    0    0  
   0    0    3    0    2    4    5    0    0    0    1    0    0    0    0  
   4    0    0    0    0    0    0    0    0    0    5    0    2    3    1  
   0    0    1    0    0    0    0    0    4    2    0    0    3    0    5  
   0    1    0    4    0    0    0    0    0    0    5    3    0    2    0  
   5    0    0    0    0    0    2    0    0    0    0    3    4    1    0  
   0    4    0    0    0    0    5    0    0    0    3    2    0    1    0  
   1    2    0    0    0    0    4    0    0    0    5    0    0    3    0  
   0    0    1    4    0    0    0    5    0    2    0    3    0    0    0  
   5    0    0    3    0    2    0    0    0    0    1    0    0    4    0  
   0    0    0    3    0    1    0    0    0    4    2    0    0    5    0  
   0    0    0    0    2    4    0    0    0    0    0    0    3    1    5  
   0    4    0    0    0    0    0    1    0    0    0    0    3    5    2  
   2    0    0    1    0    3    0    0    0    0    5    0    0    0    4  
   0    2    0    3    4    0    5    0    0    1    0    0    0    0    0  
   2    4    0    0    0    0    0    3    0    0    0    0    5    0    1  
   0    0    0    4    0    0    0    0    2    1    3    0    0    5    0  
   0    0    0    4    0    0    3    1    0    0    5    0    0    2    0  
   0    1    5    0    3    0    0    0    0    4    2    0    0    0    0  
   4    0    5    0    0    0    0    2    0    0    0    1    0    3    0  
   0    0    0    0    0    0    0    0    5    0    4    3    1    0    2  
   0    0    0    3    1    0    0    0    0    5    0    2    0    0    4  
   0    0    0    3    5    0    4    0    0    0    0    2    1    0    0  
   0    0    2    0    5    1    4    0    0    0    0    0    0    0    3  
   0    0    0    4    3    0    0    2    0    0    5    1    0    0    0  
   0    0    0    5    0    2    0    3    0    0    0    4    0    0    1  
   0    4    1    0    0    0    0    0    5    0    0    0    3    0    2  
   0    0    0    4    0    0    1    5    0    0    0    0    2    0    3  
   0    3    1    0    0    4    2    0    0    0    5    0    0    0    0  
   3    0    2    0    1    0    0    0    0    0    5    0    0    4    0  
   0    3    2    0    0    0    0    4    0    5    1    0    0    0    0  
   0    0    4    5    0    0    0    2    3    0    0    1    0    0    0  
   0    0    2    0    4    0    0    0    0    0    1    0    0    5    3  
   0    2    0    0    0    3    5    0    0    0    0    4    0    1    0  
   0    4    3    0    0    0    0    0    2    0    5    0    1    0    0  
   5    4    0    0    1    2    0    0    0    0    0    0    3    0    0  
   0    0    0    5    0    1    0    0    0    0    0    2    4    3    0  
   5    0    1    0    4    0    0    3    0    0    2    0    0    0    0  
   3    0    2    0    0    0    0    0    0    5    1    0    0    4    0  
   0    0    4    5    0    0    0    0    0    1    0    0    0    2    3  
   5    3    0    0    0    1    0    0    0    2    0    0    4    0    0  
   0    1    0    0    0    0    5    2    0    4    3    0    0    0    0  
   0    1    0    3    2    4    0    5    0    0    0    0    0    0    0  
   1    2    0    0    3    0    0    0    0    0    4    0    5    0    0  
   0    1    0    0    0    0    0    5    0    4    0    0    3    2    0  
   1    0    0    2    0    0    0    4    0    0    5    0    0    3    0  
   0    0    1    0    0    0    0    2    3    5    4    0    0    0    0  
   0    0    1    0    0    0    0    0    0    5    3    0    0    2    4  
   2    0    4    0    0    0    0    0    0    3    0    0    1    0    5  
   0    4    5    2    0    3    0    0    1    0    0    0    0    0    0  
   0    0    0    0    4    0    0    2    5    1    0    0    0    0    3  
   0    4    0    0    5    0    0    0    0    2    1    0    3    0    0  
   0    0    3    0    0    2    0    0    0    0    0    5    0    4    1  
   0    0    0    0    2    0    0    0    0    0    3    4    1    0    5  
   0    4    0    0    0    0    0    0    1    0    0    5    0    2    3  
   0    2    0    5    4    0    1    0    0    3    0    0    0    0    0  
   1    0    0    5    3    0    0    0    2    0    0    4    0    0    0  
   1    0    0    0    0    0    0    0    0    5    2    0    0    4    3  
   4    0    1    3    5    0    0    0    0    0    0    2    0    0    0  
   0    0    0    5    0    4    0    0    1    0    3    0    0    0    2  
   0    1    0    2    0    0    5    0    3    0    0    4    0    0    0  
   3    0    0    0    2    1    0    0    5    0    0    0    0    0    4  
   0    1    0    0    0    0    5    0    0    0    3    4    0    0    2  
   3    0    0    0    0    1    2    0    4    5    0    0    0    0    0  
   5    1    0    0    0    0    2    3    0    0    0    0    4    0    0  
   0    0    0    0    0    0    0    5    0    2    0    0    1    3    4  
   0    0    5    0    3    1    4    0    0    0    0    0    0    2    0  
   0    2    0    0    0    0    5    0    1    0    4    3    0    0    0  
   2    0    1    0    0    0    0    5    4    0    0    0    3    0    0  
   0    0    0    4    0    0    1    5    0    0    0    0    0    3    2  
   0    3    0    0    4    1    0    0    0    2    5    0    0    0    0  
   0    3    0    0    0    0    4    0    0    5    0    0    2    0    1  
   5    4    3    0    0    0    0    0    0    1    0    0    2    0    0  
   1    0    0    0    3    0    5    0    0    0    2    0    4    0    0  
   0    0    5    0    3    4    0    0    2    0    0    0    0    0    1  
   0    3    0    0    5    1    4    0    0    2    0    0    0    0    0  
   1    4    0    0    0    5    3    0    0    0    0    0    0    2    0  
   0    0    0    0    5    0    0    0    0    0    0    4    3    1    2  
   3    2    1    0    0    0    4    0    0    0    0    0    0    0    5  
   0    5    1    2    0    0    0    0    3    0    0    0    0    4    0  ] 
RESERVATION PRICES : [    7    9    0    0    9    7    0    9    0    0    0    0    0    0    0  
   0    0    0   11    0    0    0    0   11    0    0    0   10   12    9  
   0   10    9    0    0    0    0    0   10    0    0    0   10   12    0  
   0   16    0    0    0    0   15    0    0   19    0    0   14   17    0  
   0   17    0    0   14    0   17    0   14    0    0   19    0    0    0  
  18   22    0   22    0    0   21    0    0    0   19    0    0    0    0  
   0   19    0    0   19    0    0    0    0    0    0   18   20    0   23  
   0    0    0    0    0   21    0   23   24   20    0    0    0    0   21  
   0    0    0    0    0    0   29    0   30   29    0    0   31    0   30  
  34   32    0   31    0    0    0   30    0    0    0    0    0    0   27  
  42    0    0   40    0   33    0   32    0    0    0    0    0   41    0  
   0    0    0   43   41    0    0    0   36    0    0   42   42    0    0  
   0    0   41   50    0   37    0    0    0    0    0   50   45    0    0  
   0    0    0    0    0   41   43    0   41    0    0   44   39    0    0  
   0   44   42    0    0    0    0    0    0   47   44    0   39    0    0  
   0    0    0    0    0    0   54   53    0   54    0    0    0   49   51  
  52    0    0   50    0    0    0    0   42   52    0    0   42    0    0  
   0    0   53   57    0    0    0    0    0   60    0    0   45    0   44  
   0    0    0    0    0   60   46   62    0    0    0   51    0    0   54  
   0   63    0    0    0    0    0   69    0    0    0   68    0   53   63  
  67   68    0   58    0    0    0    0    0   64    0    0   59    0    0  
  75    0    0    0   66    0    0    0   65    0   66    0   77    0    0  
   0    0   70    0    0   69    0    0    0    0   74   76    0    0   77  
  80    0    0   63    0    0   73   72    0    0    0    0    0   63    0  
  69    0    0    0   64   77   83   88    0    0    0    0    0    0    0  
  76    0   79    0    0    0   81   93    0    0    0    0    0    0   90  
   0    0    0    0    0    0    0   84    0   75   77   86   72    0    0  
   0    0    0    0   75    0    0    0    0    0   76   87   82    0   79  
  83    0   97    0    0    0    0    0    0    0    0   78  103   94    0  
   0    0    0   84   98   81    0    0    0  108    0    0    0    0   89  
   0    0  109    0    0    0    0    0    0  108   80    0  101   97    0  
   0    0   94    0    0  112   98    0  111  100    0    0    0    0    0  
 107  104    0    0    0    0    0  122    0   93    0  102    0    0    0  
   0   96    0    0  100    0   89  109    0  108    0    0    0    0    0  
   0  108  116    0    0  109    0    0    0   98    0    0    0    0   95  
   0  117  108    0    0    0    0  113   92    0   97    0    0    0    0  
 132    0  109    0  131  108  123    0    0    0    0    0    0    0    0  
   0    0    0  118  119    0  122    0    0  100  132    0    0    0    0  
 118    0    0  118    0  107    0    0    0  132    0  127    0    0    0  
   0    0    0    0    0  149    0    0    0  115  122    0  110    0  141  
 135  119    0    0  143  119    0    0    0  135    0    0    0    0    0  
 117    0    0  122    0    0    0  143  125  143    0    0    0    0    0  
 156    0  154    0    0  147    0  156  155    0    0    0    0    0    0  
   0  142    0    0    0    0    0  125    0    0    0  119  161    0  142  
 122  159  160    0    0    0    0  158    0    0  152    0    0    0    0  
   0    0  134  146  147  167    0  126    0    0    0    0    0    0    0  
   0    0  136    0  142  172  143    0    0    0  161    0    0    0    0  
 155    0    0    0    0    0    0    0    0    0  176    0  166  173  134  
   0    0  172    0    0    0    0    0  175  180    0    0  159    0  153  
   0  182    0  178    0    0    0    0    0    0  148  137    0  143    0  
 182    0    0    0    0    0  178    0    0    0    0  146  146  187    0  
   0  180    0    0    0    0  144    0    0    0  165  153    0  199    0  
 149  183    0    0    0    0  149    0    0    0  169    0    0  165    0  
   0    0  189  169    0    0    0  145    0  189    0  195    0    0    0  
 183    0    0  166    0  205    0    0    0    0  192    0    0  172    0  
   0    0    0  178    0  191    0    0    0  187  190    0    0  155    0  
   0    0    0    0  193  186    0    0    0    0    0    0  165  184  213  
   0  191    0    0    0    0    0  200    0    0    0    0  203  215  157  
 185    0    0  170    0  205    0    0    0    0  184    0    0    0  179  
   0  198    0  190  204    0  185    0    0  163    0    0    0    0    0  
 172  222    0    0    0    0    0  213    0    0    0    0  220    0  185  
   0    0    0  226    0    0    0    0  229  181  175    0    0  193    0  
   0    0    0  208    0    0  200  174    0    0  197    0    0  180    0  
   0  233  190    0  214    0    0    0    0  207  184    0    0    0    0  
 192    0  208    0    0    0    0  189    0    0    0  224    0  217    0  
   0    0    0    0    0    0    0    0  231    0  186  238  248    0  188  
   0    0    0  188  202    0    0    0    0  206    0  231    0    0  239  
   0    0    0  251  255    0  186    0    0    0    0  188  231    0    0  
   0    0  236    0  222  218  201    0    0    0    0    0    0    0  186  
   0    0    0  258  205    0    0  247    0    0  201  243    0    0    0  
   0    0    0  226    0  217    0  238    0    0    0  209    0    0  225  
   0  217  270    0    0    0    0    0  247    0    0    0  217    0  236  
   0    0    0  228    0    0  230  221    0    0    0    0  251    0  234  
   0  223  256    0    0  249  229    0    0    0  209    0    0    0    0  
 284    0  278    0  225    0    0    0    0    0  266    0    0  240    0  
   0  238  221    0    0    0    0  210    0  278  227    0    0    0    0  
   0    0  226  261    0    0    0  217  242    0    0  246    0    0    0  
   0    0  236    0  253    0    0    0    0    0  225    0    0  280  269  
   0  221    0    0    0  267  242    0    0    0    0  244    0  265    0  
   0  266  259    0    0    0    0    0  294    0  255    0  259    0    0  
 260  242    0    0  221  275    0    0    0    0    0    0  271    0    0  
   0    0    0  278    0  249    0    0    0    0    0  252  249  252    0  
 275    0  239    0  314    0    0  239    0    0  297    0    0    0    0  
 293    0  319    0    0    0    0    0    0  298  236    0    0  251    0  
   0    0  297  279    0    0    0    0    0  262    0    0    0  288  307  
 305  256    0    0    0  299    0    0    0  302    0    0  257    0    0  
   0  305    0    0    0    0  278  254    0  242  289    0    0    0    0  
   0  269    0  260  245  236    0  254    0    0    0    0    0    0    0  
 253  235    0    0  321    0    0    0    0    0  313    0  317    0    0  
   0  244    0    0    0    0    0  324    0  280    0    0  291  270    0  
 263    0    0  290    0    0    0  282    0    0  243    0    0  320    0  
   0    0  279    0    0    0    0  335  320  269  295    0    0    0    0  
   0    0  334    0    0    0    0    0    0  296  310    0    0  262  276  
 325    0  306    0    0    0    0    0    0  304    0    0  270    0  258  
   0  274  342  330    0  286    0    0  279    0    0    0    0    0    0  
   0    0    0    0  300    0    0  292  349  293    0    0    0    0  294  
   0  257    0    0  263    0    0    0    0  274  288    0  273    0    0  
   0    0  293    0    0  322    0    0    0    0    0  283    0  290  262  
   0    0    0    0  363    0    0    0    0    0  341  336  332    0  268  
   0  318    0    0    0    0    0    0  322    0    0  361    0  287  338  
   0  351    0  313  346    0  303    0    0  372    0    0    0    0    0  
 315    0    0  332  372    0    0    0  309    0    0  310    0    0    0  
 355    0    0    0    0    0    0    0    0  325  282    0    0  284  347  
 351    0  365  291  345    0    0    0    0    0    0  307    0    0    0  
   0    0    0  283    0  324    0    0  293    0  388    0    0    0  384  
   0  344    0  337    0    0  339    0  367    0    0  334    0    0    0  
 335    0    0    0  301  336    0    0  381    0    0    0    0    0  375  
   0  401    0    0    0    0  299    0    0    0  296  399    0    0  297  
 372    0    0    0    0  320  397    0  409  310    0    0    0    0    0  
 306  304    0    0    0    0  326  322    0    0    0    0  324    0    0  
   0    0    0    0    0    0    0  370    0  397    0    0  329  400  301  
   0    0  417    0  412  401  319    0    0    0    0    0    0  359    0  
   0  421    0    0    0    0  392    0  401    0  404  374    0    0    0  
 368    0  420    0    0    0    0  355  348    0    0    0  422    0    0  
   0    0    0  364    0    0  345  326    0    0    0    0    0  383  421  
   0  316    0    0  406  388    0    0    0  435  394    0    0    0    0  
   0  421    0    0    0    0  324    0    0  434    0    0  373    0  352  
 440  413  392    0    0    0    0    0    0  441    0    0  426    0    0  
 393    0    0    0  383    0  426    0    0    0  350    0  329    0    0  
   0    0  365    0  422  398    0    0  439    0    0    0    0    0  434  
   0  389    0    0  329  431  365    0    0  387    0    0    0    0    0  
 325  353    0    0    0  409  442    0    0    0    0    0    0  449    0  
   0    0    0    0  440    0    0    0    0    0    0  384  412  456  432  
 419  341  378    0    0    0  396    0    0    0    0    0    0    0  465  
   0  376  433  375    0    0    0    0  375    0    0    0    0  438    0  ] 
 ] 
