K : 125
I : 10
C : 13
INSTANCE : 4
PREFERENCES : [    0    0    4    0    0    2    3    0    1    5  
   0    3    2    5    0    4    1    0    0    0  
   3    5    0    0    2    0    0    0    1    4  
   4    5    2    0    0    3    0    0    1    0  
   5    3    0    4    1    0    0    0    2    0  
   5    3    1    0    4    0    0    2    0    0  
   1    0    0    4    0    2    3    0    0    5  
   0    1    4    0    0    0    5    0    3    2  
   0    1    4    0    5    2    0    3    0    0  
   3    0    5    4    1    2    0    0    0    0  
   2    0    0    4    1    0    5    0    3    0  
   0    0    3    0    0    2    1    5    4    0  
   5    0    2    0    4    0    0    3    0    1  
   0    3    4    1    0    0    5    2    0    0  
   1    4    0    0    0    2    0    5    0    3  
   4    0    0    0    5    2    0    0    3    1  
   0    1    0    4    5    0    0    2    0    3  
   2    3    0    1    4    0    5    0    0    0  
   0    1    0    3    0    0    2    5    0    4  
   0    0    1    4    0    2    3    0    5    0  
   0    4    0    0    1    0    3    5    2    0  
   1    5    0    0    0    4    2    3    0    0  
   0    0    0    4    2    0    3    0    5    1  
   5    0    0    1    0    4    2    0    3    0  
   2    4    0    0    0    5    3    1    0    0  
   0    2    5    0    0    1    0    0    3    4  
   2    0    0    0    0    0    5    4    1    3  
   0    2    0    5    4    3    0    0    0    1  
   0    0    5    3    4    0    0    1    2    0  
   3    0    5    1    0    0    0    4    2    0  
   3    1    5    0    0    0    4    2    0    0  
   0    5    1    0    0    0    3    4    2    0  
   2    0    5    0    0    0    4    1    3    0  
   5    0    0    0    0    1    2    3    0    4  
   0    0    4    2    5    1    0    0    3    0  
   0    5    0    3    0    0    2    0    4    1  
   0    0    1    0    2    0    0    3    4    5  
   1    3    0    2    5    0    0    0    4    0  
   0    0    3    1    2    0    5    0    4    0  
   0    0    4    5    0    1    0    3    2    0  
   0    3    0    0    2    0    4    1    5    0  
   5    3    0    2    4    0    0    0    1    0  
   0    0    0    1    0    4    0    3    5    2  
   5    0    0    4    0    2    3    1    0    0  
   0    0    0    4    2    5    1    0    3    0  
   4    0    3    0    1    0    2    5    0    0  
   0    0    4    0    0    0    1    3    5    2  
   5    4    2    3    1    0    0    0    0    0  
   0    2    1    0    4    0    0    5    3    0  
   3    0    0    5    0    0    2    1    4    0  
   1    0    3    5    0    0    0    4    0    2  
   3    2    0    0    1    0    0    4    5    0  
   0    0    3    0    2    1    0    0    4    5  
   2    0    0    0    5    0    3    4    1    0  
   3    0    0    4    1    0    0    2    0    5  
   0    0    5    2    3    0    0    1    4    0  
   0    3    0    4    2    0    0    5    1    0  
   0    0    0    5    2    0    4    1    3    0  
   5    2    0    0    3    0    0    0    4    1  
   5    0    3    1    0    0    4    0    2    0  
   0    1    2    0    3    0    5    0    4    0  
   0    1    2    0    4    0    0    0    5    3  
   0    4    5    1    0    0    0    0    2    3  
   5    3    0    4    1    2    0    0    0    0  
   5    3    0    2    0    0    0    1    0    4  
   2    1    0    4    0    3    5    0    0    0  
   0    2    3    0    5    0    0    1    0    4  
   0    5    4    0    0    1    3    0    2    0  
   0    3    0    5    0    1    2    0    4    0  
   4    0    0    3    0    2    1    0    5    0  
   2    5    0    0    1    0    0    4    0    3  
   1    0    5    0    0    3    2    0    4    0  
   4    0    1    3    0    5    0    2    0    0  
   0    4    0    1    3    0    5    0    2    0  
   1    5    2    0    4    0    0    0    3    0  
   1    2    0    0    0    5    0    0    4    3  
   0    1    3    0    0    0    4    2    0    5  
   0    4    0    2    0    3    5    0    1    0  
   0    5    0    0    0    4    1    3    2    0  
   3    2    4    0    5    0    0    0    1    0  
   2    0    0    5    3    0    0    4    1    0  
   3    0    2    4    0    0    5    0    0    1  
   0    0    3    0    1    5    0    0    2    4  
   2    4    0    3    0    5    1    0    0    0  
   0    0    0    5    3    2    1    4    0    0  
   0    0    3    2    5    0    0    1    0    4  
   0    4    0    5    3    1    2    0    0    0  
   2    5    0    0    3    0    0    0    1    4  
   0    0    0    5    0    4    2    3    0    1  
   0    2    0    0    5    1    0    4    0    3  
   4    0    3    5    0    0    2    0    0    1  
   1    0    0    2    5    0    0    0    4    3  
   0    0    3    0    0    1    4    5    0    2  
   0    0    1    0    2    5    0    3    0    4  
   4    5    0    0    0    2    0    1    0    3  
   1    2    0    0    4    5    3    0    0    0  
   0    0    0    0    2    5    4    0    3    1  
   0    1    2    4    0    5    3    0    0    0  
   1    4    3    5    2    0    0    0    0    0  
   0    0    0    3    2    0    0    4    1    5  
   0    3    4    1    0    2    0    5    0    0  
   5    0    2    0    1    0    4    3    0    0  
   0    0    3    4    0    2    0    5    1    0  
   3    4    0    0    1    0    0    0    2    5  
   0    4    0    3    0    2    0    5    1    0  
   0    0    0    5    3    4    1    0    0    2  
   0    0    2    1    0    0    0    5    4    3  
   2    0    1    5    4    0    0    3    0    0  
   0    0    0    2    5    1    3    0    4    0  
   0    4    0    1    0    5    0    3    0    2  
   5    0    4    3    0    2    0    1    0    0  
   1    0    0    4    5    3    0    0    0    2  
   0    0    0    3    2    0    0    1    5    4  
   0    0    3    2    0    0    4    1    5    0  
   0    0    2    1    0    0    4    5    3    0  
   5    1    0    0    0    2    0    4    0    3  
   0    2    1    0    0    3    5    4    0    0  
   4    0    5    3    0    1    0    0    0    2  
   4    2    3    0    0    0    1    0    0    5  
   2    1    0    0    5    4    0    0    3    0  
   1    4    0    0    0    0    3    0    2    5  
   0    0    2    0    0    4    5    1    0    3  
   5    2    0    0    0    0    1    0    4    3  
   3    0    5    0    2    0    0    4    0    1  
   2    1    0    4    0    3    0    5    0    0  ] 
RESERVATION PRICES : [    0    0    8    0    0    8    9    0    9    9  
   0   11   10   11    0   11    9    0    0    0  
  14   15    0    0   16    0    0    0   18   14  
  23   23   22    0    0   18    0    0   20    0  
  22   21    0   20   20    0    0    0   19    0  
  24   23   19    0   23    0    0   20    0    0  
  33    0    0   33    0   31   28    0    0   25  
   0   27   34    0    0    0   32    0   28   25  
   0   37   34    0   38   38    0   32    0    0  
  45    0   43   44   40   40    0    0    0    0  
  49    0    0   48   44    0   47    0   47    0  
   0    0   51    0    0   47   50   51   52    0  
  44    0   55    0   45    0    0   53    0   48  
   0   60   62   56    0    0   58   51    0    0  
  60   58    0    0    0   65    0   55    0   49  
  51    0    0    0   52   69    0    0   55   51  
   0   75    0   57   55    0    0   58    0   58  
  77   60    0   74   69    0   59    0    0    0  
   0   64    0   71    0    0   65   80    0   58  
   0    0   68   69    0   59   80    0   80    0  
   0   59    0    0   60    0   80   61   81    0  
  79   83    0    0    0   76   77   78    0    0  
   0    0    0   79   81    0   89    0   85   66  
  88    0    0   71    0   93   81    0   84    0  
  96   86    0    0    0   73   78   92    0    0  
   0  100   88    0    0   90    0    0  100   91  
 100    0    0    0    0    0   85   84  107   94  
   0  100    0   99   92  102    0    0    0   97  
   0    0  114  110  112    0    0   88  108    0  
 112    0  102  126    0    0    0  103   94    0  
 109  109  118    0    0    0  113  102    0    0  
   0   94  109    0    0    0  111  104  104    0  
 106    0  101    0    0    0  119  119  109    0  
 101    0    0    0    0  120  111  130    0   97  
   0    0  132  105  107  107    0    0  102    0  
   0  138    0  115    0    0  114    0  125  120  
   0    0  127    0  122    0    0  112  133  116  
 130  114    0  111  117    0    0    0  136    0  
   0    0  147  127  151    0  120    0  121    0  
   0    0  157  139    0  115    0  125  133    0  
   0  131    0    0  156    0  139  131  117    0  
 123  147    0  138  127    0    0    0  154    0  
   0    0    0  167    0  141    0  122  140  127  
 148    0    0  154    0  135  167  150    0    0  
   0    0    0  148  143  171  171    0  144    0  
 164    0  173    0  126    0  153  153    0    0  
   0    0  149    0    0    0  133  156  144  134  
 165  176  182  133  157    0    0    0    0    0  
   0  150  182    0  160    0    0  158  156    0  
 137    0    0  191    0    0  161  172  150    0  
 147    0  157  147    0    0    0  184    0  180  
 150  191    0    0  188    0    0  185  182    0  
   0    0  180    0  173  185    0    0  181  200  
 187    0    0    0  146    0  193  183  169    0  
 197    0    0  166  186    0    0  192    0  158  
   0    0  161  193  173    0    0  154  152    0  
   0  182    0  194  178    0    0  187  201    0  
   0    0    0  170  206    0  179  205  181    0  
 157  167    0    0  165    0    0    0  206  183  
 219    0  196  159    0    0  205    0  157    0  
   0  206  208    0  167    0  163    0  191    0  
   0  211  199    0  209    0    0    0  215  171  
   0  214  221  185    0    0    0    0  189  169  
 231  209    0  185  218  213    0    0    0    0  
 207  212    0  170    0    0    0  233    0  173  
 204  173    0  178    0  212  192    0    0    0  
   0  190  218    0  240    0    0  222    0  213  
   0  224  212    0    0  180  211    0  181    0  
   0  180    0  248    0  238  251    0  232    0  
 225    0    0  221    0  226  202    0  212    0  
 205  217    0    0  196    0    0  260    0  225  
 217    0  223    0    0  227  208    0  203    0  
 193    0  259  259    0  266    0  224    0    0  
   0  225    0  201  249    0  263    0  266    0  
 256  267  244    0  267    0    0    0  200    0  
 218  232    0    0    0  263    0    0  212  243  
   0  273  278    0    0    0  236  204    0  212  
   0  204    0  257    0  208  236    0  210    0  
   0  229    0    0    0  255  211  264  241    0  
 238  221  236    0  279    0    0    0  215    0  
 271    0    0  225  250    0    0  257  241    0  
 263    0  274  292    0    0  279    0    0  263  
   0    0  253    0  292  218    0    0  226  220  
 298  276    0  263    0  300  244    0    0    0  
   0    0    0  271  275  243  233  299    0    0  
   0    0  307  240  241    0    0  271    0  270  
   0  312    0  290  294  293  307    0    0    0  
 317  313    0    0  302    0    0    0  300  287  
   0    0    0  326    0  270  316  253    0  236  
   0  272    0    0  265  263    0  298    0  247  
 327    0  244  260    0    0  328    0    0  306  
 320    0    0  321  304    0    0    0  308  288  
   0    0  295    0    0  324  306  277    0  286  
   0    0  270    0  334  249    0  316    0  284  
 281  289    0    0    0  281    0  263    0  315  
 288  267    0    0  349  268  288    0    0    0  
   0    0    0    0  264  297  343    0  301  348  
   0  350  313  264    0  339  275    0    0    0  
 309  364  353  340  340    0    0    0    0    0  
   0    0    0  323  371    0    0  305  353  354  
   0  298  304  338    0  284    0  300    0    0  
 361    0  352    0  380    0  286  358    0    0  
   0    0  375  293    0  359    0  323  289    0  
 316  368    0    0  326    0    0    0  279  363  
   0  304    0  351    0  356    0  317  396    0  
   0    0    0  396  309  390  384    0    0  309  
   0    0  331  323    0    0    0  311  371  339  
 378    0  391  301  368    0    0  380    0    0  
   0    0    0  361  366  341  309    0  336    0  
   0  374    0  413    0  339    0  389    0  310  
 368    0  331  301    0  310    0  359    0    0  
 374    0    0  417  351  311    0    0    0  316  
   0    0    0  412  347    0    0  356  345  422  
   0    0  313  380    0    0  316  410  373    0  
   0    0  418  373    0    0  400  337  369    0  
 376  430    0    0    0  315    0  378    0  328  
   0  349  349    0    0  367  333  353    0    0  
 398    0  323  351    0  399    0    0    0  444  
 441  441  409    0    0    0  428    0    0  329  
 379  390    0    0  325  381    0    0  337    0  
 390  348    0    0    0    0  409    0  447  420  
   0    0  425    0    0  329  367  453    0  342  
 356  352    0    0    0    0  372    0  358  338  
 444    0  431    0  355    0    0  423    0  414  
 438  354    0  347    0  453    0  466    0    0  ] 
 ] 
