K : 125
I : 5
C : 5
INSTANCE : 5
PREFERENCES : [    0    2    0    1    3  
   3    0    2    0    1  
   3    0    0    2    1  
   0    1    3    2    0  
   3    0    1    0    2  
   0    0    2    3    1  
   0    2    0    1    3  
   0    0    3    2    1  
   3    0    0    1    2  
   1    0    2    3    0  
   3    1    2    0    0  
   1    3    0    2    0  
   1    0    2    3    0  
   1    0    3    2    0  
   1    0    3    0    2  
   3    2    0    0    1  
   0    3    1    2    0  
   0    3    0    1    2  
   3    1    0    2    0  
   3    0    0    2    1  
   2    3    1    0    0  
   0    0    2    1    3  
   3    0    0    1    2  
   0    1    2    0    3  
   1    0    3    2    0  
   0    0    1    3    2  
   2    3    0    0    1  
   3    2    0    0    1  
   1    0    2    3    0  
   3    1    0    0    2  
   0    2    0    3    1  
   0    0    1    3    2  
   1    2    0    3    0  
   0    2    3    1    0  
   1    0    3    2    0  
   3    2    0    0    1  
   2    0    0    1    3  
   3    2    0    1    0  
   1    0    0    2    3  
   2    0    1    0    3  
   1    0    0    3    2  
   0    3    0    2    1  
   0    3    0    1    2  
   2    1    3    0    0  
   0    0    3    1    2  
   1    3    2    0    0  
   2    1    0    3    0  
   1    2    3    0    0  
   2    0    0    1    3  
   0    3    1    0    2  
   1    0    3    0    2  
   2    0    0    3    1  
   0    1    3    0    2  
   0    0    3    2    1  
   0    3    2    1    0  
   0    0    2    1    3  
   2    0    3    0    1  
   3    0    0    1    2  
   1    0    2    0    3  
   0    2    3    0    1  
   1    2    3    0    0  
   3    0    2    1    0  
   1    0    0    2    3  
   1    0    0    2    3  
   3    1    0    2    0  
   0    0    1    3    2  
   1    3    0    0    2  
   1    0    3    0    2  
   1    0    3    0    2  
   3    2    1    0    0  
   1    2    0    0    3  
   2    1    0    3    0  
   2    0    0    1    3  
   0    3    0    2    1  
   1    0    2    3    0  
   1    2    0    3    0  
   3    0    0    2    1  
   0    0    1    2    3  
   1    3    2    0    0  
   2    3    0    0    1  
   2    1    0    0    3  
   2    1    3    0    0  
   2    3    1    0    0  
   2    0    1    0    3  
   0    0    3    1    2  
   2    1    0    3    0  
   0    3    0    1    2  
   0    3    2    1    0  
   0    1    2    0    3  
   3    0    2    0    1  
   2    0    0    3    1  
   3    0    1    0    2  
   0    1    0    2    3  
   0    0    2    1    3  
   1    0    0    2    3  
   0    0    2    1    3  
   2    3    0    0    1  
   0    1    2    0    3  
   2    0    0    1    3  
   2    0    0    1    3  
   0    1    3    2    0  
   3    0    0    1    2  
   2    0    0    3    1  
   3    0    0    1    2  
   0    0    2    3    1  
   1    3    0    0    2  
   3    0    0    1    2  
   1    0    3    2    0  
   0    0    2    3    1  
   3    0    0    1    2  
   1    0    2    3    0  
   0    0    2    3    1  
   0    2    3    0    1  
   0    1    2    0    3  
   1    0    0    2    3  
   0    1    3    2    0  
   1    0    2    3    0  
   1    0    0    2    3  
   0    0    3    2    1  
   0    0    3    1    2  
   1    0    0    3    2  
   2    1    3    0    0  
   0    3    0    1    2  
   1    3    0    2    0  
   3    1    0    0    2  ] 
RESERVATION PRICES : [    0    5    0    6    6  
  10    0   13    0   13  
  15    0    0   14   17  
   0   20   24   20    0  
  20    0   24    0   23  
   0    0   28   21   23  
   0   25    0   29   30  
   0    0   24   29   31  
  32    0    0   29   33  
  31    0   40   42    0  
  41   34   44    0    0  
  42   43    0   40    0  
  51    0   42   48    0  
  57    0   55   44    0  
  62    0   48    0   52  
  59   65    0    0   66  
   0   53   62   67    0  
   0   65    0   64   65  
  59   71    0   63    0  
  72    0    0   66   77  
  77   63   70    0    0  
   0    0   83   76   86  
  97    0    0   86   78  
   0  100   90    0   84  
 103    0  101   84    0  
   0    0   94   88   95  
 101  114    0    0  101  
  82   99    0    0   89  
  88    0  100  108    0  
 110  110    0    0  110  
   0  115    0  115  117  
   0    0   94  113  109  
 112  125    0   96    0  
   0  139  124  101    0  
 144    0  142  128    0  
 133  135    0    0  106  
 134    0    0  138  143  
 135  140    0  123    0  
 129    0    0  133  142  
 131    0  140    0  123  
 153    0    0  140  126  
   0  163    0  152  144  
   0  149    0  146  145  
 160  154  171    0    0  
   0    0  135  130  170  
 176  168  160    0    0  
 164  184    0  184    0  
 162  188  144    0    0  
 170    0    0  152  154  
   0  192  144    0  187  
 163    0  191    0  184  
 198    0    0  195  193  
   0  204  165    0  192  
   0    0  210  164  156  
   0  177  183  174    0  
   0    0  193  180  164  
 211    0  219    0  178  
 184    0    0  200  191  
 173    0  206    0  221  
   0  209  221    0  185  
 235  214  216    0    0  
 206    0  197  203    0  
 186    0    0  202  199  
 240    0    0  245  240  
 180  248    0  243    0  
   0    0  206  219  183  
 217  232    0    0  247  
 253    0  191    0  230  
 214    0  246    0  254  
 210  255  253    0    0  
 259  280    0    0  232  
 212  207    0  212    0  
 229    0    0  242  208  
   0  236    0  236  220  
 277    0  260  215    0  
 279  223    0  231    0  
 233    0    0  245  222  
   0    0  230  256  223  
 223  290  236    0    0  
 268  302    0    0  310  
 284  256    0    0  284  
 242  256  232    0    0  
 251  266  243    0    0  
 252    0  289    0  237  
   0    0  294  263  252  
 242  236    0  324    0  
   0  297    0  280  305  
   0  318  303  320    0  
   0  271  301    0  266  
 283    0  325    0  316  
 253    0    0  254  307  
 323    0  261    0  258  
   0  290    0  334  304  
   0    0  279  340  356  
 310    0    0  327  321  
   0    0  311  282  264  
 334  366    0    0  296  
   0  298  359    0  350  
 291    0    0  371  295  
 330    0    0  288  308  
   0  313  291  319    0  
 361    0    0  284  332  
 324    0    0  327  306  
 375    0    0  287  307  
   0    0  314  388  330  
 349  389    0    0  394  
 301    0    0  397  314  
 381    0  390  310    0  
   0    0  370  343  363  
 365    0    0  325  317  
 353    0  385  417    0  
   0    0  309  372  418  
   0  317  342    0  332  
   0  338  342    0  327  
 319    0    0  349  356  
   0  325  318  441    0  
 405    0  374  373    0  
 346    0    0  379  373  
   0    0  349  338  337  
   0    0  328  340  370  
 403    0    0  341  382  
 342  343  368    0    0  
   0  357    0  332  397  
 452  391    0  391    0  
 342  422    0    0  397  ] 
 ] 
