K : 150
I : 5
C : 30
INSTANCE : 2
PREFERENCES : [    3    0    1    2    0  
   1    3    0    0    2  
   2    1    3    0    0  
   3    0    2    0    1  
   0    2    1    0    3  
   1    2    0    0    3  
   0    1    2    3    0  
   0    1    0    3    2  
   2    1    3    0    0  
   1    2    0    3    0  
   1    0    0    3    2  
   2    3    1    0    0  
   2    0    3    1    0  
   1    0    0    3    2  
   0    1    2    3    0  
   0    3    0    2    1  
   1    0    2    3    0  
   1    3    0    2    0  
   3    0    1    0    2  
   0    3    2    0    1  
   2    3    1    0    0  
   2    1    0    0    3  
   2    3    1    0    0  
   0    0    1    2    3  
   0    0    2    1    3  
   2    0    1    3    0  
   0    0    2    1    3  
   0    2    0    1    3  
   0    3    1    2    0  
   0    3    1    2    0  
   2    3    1    0    0  
   1    3    0    0    2  
   0    1    2    3    0  
   0    1    0    2    3  
   3    2    0    0    1  
   0    3    1    2    0  
   1    2    0    0    3  
   0    0    1    2    3  
   3    1    2    0    0  
   3    0    1    0    2  
   0    3    2    1    0  
   1    0    2    0    3  
   2    1    3    0    0  
   1    3    0    2    0  
   1    0    2    0    3  
   2    0    1    3    0  
   1    2    3    0    0  
   2    3    0    1    0  
   0    2    3    1    0  
   0    0    3    1    2  
   3    1    0    0    2  
   1    2    0    3    0  
   3    2    0    0    1  
   0    2    1    0    3  
   3    0    2    1    0  
   0    3    0    2    1  
   0    2    0    1    3  
   2    3    0    0    1  
   0    1    2    0    3  
   3    1    0    0    2  
   2    0    0    1    3  
   0    3    2    0    1  
   2    0    0    3    1  
   3    0    2    1    0  
   0    2    0    1    3  
   2    3    1    0    0  
   1    0    0    2    3  
   0    0    1    3    2  
   2    3    0    0    1  
   1    0    2    3    0  
   1    3    2    0    0  
   1    0    0    3    2  
   0    1    0    3    2  
   1    0    0    3    2  
   1    2    3    0    0  
   0    3    0    1    2  
   0    0    3    1    2  
   2    3    0    1    0  
   0    1    3    2    0  
   2    0    0    3    1  
   2    0    0    3    1  
   0    0    3    2    1  
   0    2    0    3    1  
   2    3    1    0    0  
   2    1    3    0    0  
   0    2    1    3    0  
   3    0    1    2    0  
   1    0    2    0    3  
   0    2    1    3    0  
   3    0    2    0    1  
   3    0    2    1    0  
   1    2    0    0    3  
   1    0    0    2    3  
   3    2    0    0    1  
   0    3    2    0    1  
   0    2    3    0    1  
   1    3    2    0    0  
   0    1    3    2    0  
   2    1    3    0    0  
   2    3    0    0    1  
   2    0    0    3    1  
   0    3    1    2    0  
   0    2    0    3    1  
   3    2    1    0    0  
   2    3    1    0    0  
   3    1    0    2    0  
   2    0    1    3    0  
   3    2    1    0    0  
   2    3    1    0    0  
   0    3    1    0    2  
   0    1    3    0    2  
   0    1    3    0    2  
   0    1    3    0    2  
   2    1    0    3    0  
   0    1    2    0    3  
   2    0    0    1    3  
   3    1    2    0    0  
   2    3    0    0    1  
   2    0    1    3    0  
   0    2    3    0    1  
   0    0    1    3    2  
   0    3    0    2    1  
   3    1    0    0    2  
   3    0    2    0    1  
   0    0    1    3    2  
   0    1    3    0    2  
   0    0    3    1    2  
   3    1    0    0    2  
   2    0    3    0    1  
   1    0    0    2    3  
   1    0    0    2    3  
   3    2    0    1    0  
   0    3    1    2    0  
   1    3    2    0    0  
   0    2    3    0    1  
   0    3    2    1    0  
   3    0    2    0    1  
   2    1    3    0    0  
   2    0    3    1    0  
   3    1    0    2    0  
   0    2    1    0    3  
   1    0    3    2    0  
   1    0    0    3    2  
   1    0    0    2    3  
   3    1    0    0    2  
   0    1    0    2    3  
   2    0    3    0    1  
   1    0    3    0    2  
   0    0    1    2    3  
   1    0    3    0    2  ] 
RESERVATION PRICES : [    6    0    6    5    0  
  14   14    0    0   12  
  18   16   17    0    0  
  18    0   20    0   18  
   0   25   25    0   24  
  33   28    0    0   30  
   0   27   30   32    0  
   0   37    0   41   41  
  35   36   35    0    0  
  34   41    0   43    0  
  46    0    0   40   46  
  45   55   41    0    0  
  53    0   52   51    0  
  48    0    0   60   47  
   0   50   59   48    0  
   0   54    0   56   65  
  59    0   68   55    0  
  64   64    0   68    0  
  76    0   58    0   73  
   0   73   79    0   68  
  74   78   83    0    0  
  76   65    0    0   70  
  72   81   88    0    0  
   0    0   85   89   97  
   0    0   98   97   87  
  81    0   77   75    0  
   0    0  106   86   85  
   0  100    0   83   89  
   0   96  114  101    0  
   0   91  114   88    0  
  96  116  103    0    0  
  97  101    0    0  105  
   0   97  130  126    0  
   0  115    0  108  130  
 106  142    0    0  105  
   0  146  114  147    0  
 118  139    0    0  140  
   0    0  129  122  115  
 127  128  152    0    0  
 157    0  152    0  129  
   0  140  138  129    0  
 166    0  138    0  160  
 130  171  125    0    0  
 168  178    0  131    0  
 163    0  160    0  136  
 182    0  175  171    0  
 155  165  181    0    0  
 195  188    0  164    0  
   0  151  190  184    0  
   0    0  178  173  144  
 200  155    0    0  192  
 158  180    0  171    0  
 156  162    0    0  190  
   0  192  166    0  173  
 166    0  168  177    0  
   0  214    0  186  170  
   0  185    0  202  212  
 208  205    0    0  185  
   0  217  218    0  214  
 216  201    0    0  189  
 197    0    0  192  225  
   0  228  198    0  176  
 206    0    0  223  191  
 199    0  189  242    0  
   0  234    0  184  198  
 197  204  236    0    0  
 233    0    0  194  213  
   0    0  250  252  230  
 254  229    0    0  252  
 262    0  214  227    0  
 197  223  269    0    0  
 276    0    0  213  243  
   0  258    0  259  201  
 238    0    0  255  211  
 259  277  284    0    0  
   0  224    0  264  243  
   0    0  273  252  231  
 293  219    0  273    0  
   0  225  285  284    0  
 281    0    0  250  280  
 296    0    0  270  236  
   0    0  240  249  247  
   0  235    0  256  296  
 312  274  231    0    0  
 250  245  305    0    0  
   0  299  328  283    0  
 265    0  252  243    0  
 281    0  268    0  309  
   0  278  332  269    0  
 301    0  274    0  332  
 283    0  291  333    0  
 337  331    0    0  277  
 260    0    0  315  290  
 255  327    0    0  259  
   0  290  353    0  350  
   0  262  277    0  306  
 364  278  319    0    0  
   0  332  282  287    0  
 337  272  283    0    0  
 284  276    0    0  291  
 364    0    0  384  304  
   0  328  365  336    0  
   0  367    0  369  325  
 317  365  335    0    0  
 310  309  333    0    0  
 296  308    0  370    0  
 393    0  291  391    0  
 347  297  340    0    0  
 319  347  360    0    0  
   0  412  358    0  405  
   0  416  329    0  384  
   0  371  357    0  335  
   0  416  391    0  326  
 389  356    0  338    0  
   0  320  304    0  344  
 419    0    0  344  421  
 322  387  342    0    0  
 347  325    0    0  333  
 404    0  366  367    0  
   0  379  371    0  420  
   0    0  388  432  378  
   0  363    0  320  422  
 401  384    0    0  352  
 324    0  329    0  395  
   0    0  325  360  330  
   0  361  452    0  341  
   0    0  373  438  415  
 444  374    0    0  433  
 446    0  346    0  449  
 466    0    0  378  472  
 370    0    0  408  480  
 464  400    0  481    0  
   0  393  386  447    0  
 393  429  451    0    0  
   0  431  437    0  367  
   0  379  501  360    0  
 484    0  420    0  449  
 397  369  467    0    0  
 388    0  379  432    0  
 474  440    0  374    0  
   0  451  417    0  471  
 427    0  499  428    0  
 479    0    0  489  507  
 477    0    0  477  422  
 499  418    0    0  430  
   0  415    0  401  467  
 436    0  503    0  548  
 414    0  419    0  480  
   0    0  426  512  456  
 492    0  423    0  477  ] 
 ] 
