K : 100
I : 5
C : 16
INSTANCE : 1
PREFERENCES : [    2    0    1    3    0  
   3    0    1    0    2  
   0    3    0    1    2  
   3    0    2    1    0  
   3    2    0    0    1  
   0    2    1    3    0  
   2    0    1    3    0  
   3    2    1    0    0  
   1    3    0    0    2  
   0    1    0    3    2  
   0    2    0    3    1  
   0    1    0    3    2  
   0    2    1    3    0  
   0    0    1    2    3  
   0    1    3    2    0  
   2    3    0    0    1  
   0    1    0    3    2  
   2    0    3    0    1  
   3    2    1    0    0  
   2    3    0    1    0  
   0    3    2    0    1  
   0    0    2    3    1  
   0    0    2    1    3  
   0    2    3    1    0  
   0    3    2    0    1  
   0    2    1    0    3  
   0    1    2    3    0  
   0    3    1    2    0  
   3    2    1    0    0  
   1    2    0    0    3  
   3    2    0    1    0  
   3    2    0    1    0  
   1    2    0    0    3  
   1    2    0    0    3  
   0    2    3    0    1  
   0    1    3    0    2  
   0    1    3    2    0  
   1    0    0    3    2  
   0    0    1    2    3  
   3    2    1    0    0  
   1    0    0    3    2  
   1    0    3    0    2  
   3    1    0    0    2  
   1    0    2    0    3  
   0    1    2    3    0  
   3    0    2    0    1  
   0    3    1    2    0  
   0    2    1    3    0  
   3    0    0    2    1  
   0    3    0    2    1  
   0    2    1    3    0  
   2    3    0    1    0  
   2    0    3    1    0  
   1    3    0    2    0  
   0    1    3    0    2  
   1    0    0    3    2  
   1    2    0    3    0  
   0    2    3    1    0  
   3    0    1    0    2  
   0    1    0    3    2  
   2    1    0    3    0  
   0    1    2    3    0  
   1    0    3    0    2  
   0    1    2    3    0  
   0    3    2    1    0  
   3    1    2    0    0  
   0    0    3    1    2  
   2    0    0    3    1  
   0    3    1    2    0  
   0    2    1    0    3  
   0    3    1    0    2  
   1    2    3    0    0  
   3    2    0    1    0  
   0    1    3    0    2  
   0    2    1    3    0  
   1    0    0    2    3  
   3    2    0    1    0  
   1    0    3    0    2  
   1    2    0    0    3  
   0    2    0    1    3  
   0    0    1    3    2  
   0    3    0    2    1  
   2    0    3    1    0  
   0    2    3    0    1  
   0    3    0    1    2  
   2    1    0    3    0  
   1    2    3    0    0  
   0    2    3    1    0  
   2    0    1    3    0  
   0    1    0    3    2  
   2    0    3    0    1  
   2    0    1    0    3  
   0    2    0    1    3  
   2    3    0    1    0  
   2    0    1    0    3  
   1    2    3    0    0  
   1    0    3    0    2  
   0    2    3    1    0  
   2    0    0    3    1  
   1    0    2    3    0  ] 
RESERVATION PRICES : [    6    0    6    7    0  
  10    0    9    0   10  
   0   13    0   14   13  
  13    0   13   15    0  
  17   16    0    0   16  
   0   19   20   24    0  
  22    0   24   23    0  
  26   30   28    0    0  
  28   27    0    0   26  
   0   38    0   39   37  
   0   36    0   39   34  
   0   47    0   49   38  
   0   47   38   38    0  
   0    0   47   54   50  
   0   55   59   53    0  
  52   61    0    0   53  
   0   64    0   65   63  
  52    0   54    0   53  
  75   73   80    0    0  
  73   63    0   71    0  
   0   62   73    0   62  
   0    0   76   68   82  
   0    0   71   71   72  
   0   83   95   69    0  
   0   89   74    0   92  
   0   74   72    0   88  
   0  106  101   82    0  
   0   90  101   85    0  
  99   89   93    0    0  
  82   86    0    0  108  
 105  104    0  104    0  
  99  114    0  113    0  
 105  110    0    0  101  
 105  109    0    0  130  
   0  126  125    0  134  
   0  142  121    0  113  
   0  140  129  104    0  
 130    0    0  145  120  
   0    0  126  127  147  
 136  138  137    0    0  
 140    0    0  115  117  
 139    0  134    0  134  
 150  127    0    0  129  
 129    0  160    0  151  
   0  154  165  132    0  
 171    0  165    0  135  
   0  151  136  161    0  
   0  148  169  143    0  
 164    0    0  160  143  
   0  151    0  157  171  
   0  164  154  179    0  
 175  187    0  163    0  
 170    0  193  147    0  
 168  184    0  198    0  
   0  199  164    0  198  
 208    0    0  150  150  
 171  155    0  187    0  
   0  201  193  191    0  
 198    0  214    0  183  
   0  161    0  170  209  
 216  220    0  174    0  
   0  206  210  229    0  
 217    0  231    0  210  
   0  210  186  191    0  
   0  213  193  186    0  
 215  212  221    0    0  
   0    0  200  215  244  
 238    0    0  210  228  
   0  239  258  247    0  
   0  209  215    0  263  
   0  207  207    0  223  
 202  197  237    0    0  
 211  221    0  243    0  
   0  279  225    0  216  
   0  233  213  214    0  
 278    0    0  271  206  
 269  275    0  232    0  
 237    0  279    0  234  
 261  256    0    0  256  
   0  260    0  252  259  
   0    0  240  246  284  
   0  224    0  253  280  
 240    0  247  304    0  
   0  268  244    0  284  
   0  243    0  286  307  
 278  257    0  301    0  
 256  262  259    0    0  
   0  247  258  246    0  
 331    0  324  312    0  
   0  319    0  253  262  
 275    0  266    0  250  
 298    0  263    0  308  
   0  282    0  330  336  
 350  296    0  347    0  
 286    0  334    0  311  
 361  323  310    0    0  
 348    0  268    0  328  
   0  291  363  335    0  
 345    0    0  333  298  
 334    0  324  366    0  ] 
 ] 
