K : 125
I : 15
C : 5
INSTANCE : 1
PREFERENCES : [    0    0    0    0    0    0    0    2    0    0    4    3    0    5    1  
   4    0    0    5    3    1    0    0    0    0    0    0    0    2    0  
   0    0    0    0    0    0    2    1    0    4    0    0    0    5    3  
   0    5    0    0    0    0    0    3    2    0    0    0    4    0    1  
   0    0    0    4    5    0    0    0    0    1    0    0    2    0    3  
   1    2    3    5    0    0    0    0    0    0    0    0    0    4    0  
   0    0    0    4    0    0    0    3    0    0    1    0    2    0    5  
   0    0    0    0    0    3    0    5    0    0    0    0    1    4    2  
   0    0    4    0    5    1    0    0    0    0    2    3    0    0    0  
   0    0    2    0    0    5    0    1    0    0    3    0    4    0    0  
   2    5    0    0    0    3    0    0    0    0    1    0    4    0    0  
   5    4    0    0    0    0    0    0    3    0    0    0    2    0    1  
   0    0    0    3    0    4    2    0    5    0    0    1    0    0    0  
   0    0    0    3    5    2    0    4    1    0    0    0    0    0    0  
   5    3    0    0    2    0    1    0    0    0    0    0    0    0    4  
   0    0    3    1    0    4    0    0    0    0    0    5    0    2    0  
   0    0    4    2    0    0    1    0    0    5    0    0    3    0    0  
   0    0    0    0    0    0    0    5    0    4    3    2    0    0    1  
   4    0    5    0    0    0    1    3    0    0    0    0    0    0    2  
   0    2    0    3    0    0    0    5    0    0    0    0    0    1    4  
   0    0    0    0    2    1    0    0    5    4    0    0    0    0    3  
   5    0    0    2    0    0    3    0    0    0    0    1    0    0    4  
   0    0    0    0    5    1    2    0    0    3    0    0    0    4    0  
   0    4    0    2    0    5    1    3    0    0    0    0    0    0    0  
   0    0    0    2    0    1    0    0    4    0    5    0    3    0    0  
   1    0    5    0    0    0    0    0    0    4    2    0    0    3    0  
   0    0    3    0    2    0    0    0    1    0    5    0    0    0    4  
   1    0    0    0    4    5    0    0    0    2    0    0    3    0    0  
   4    2    0    0    0    1    0    0    0    5    0    0    0    3    0  
   0    1    0    0    0    4    0    0    0    2    0    0    0    3    5  
   3    0    2    4    0    0    0    0    0    0    1    0    0    5    0  
   0    5    2    0    1    0    0    0    0    0    4    3    0    0    0  
   0    0    3    0    0    1    0    4    0    5    2    0    0    0    0  
   2    5    0    0    0    0    0    0    0    0    4    3    0    0    1  
   4    0    5    0    0    0    2    0    3    0    0    0    0    1    0  
   5    0    0    2    1    0    0    0    0    0    3    4    0    0    0  
   2    0    3    0    0    0    0    1    4    0    0    0    0    5    0  
   1    5    0    2    3    0    0    0    0    0    0    0    0    0    4  
   0    4    1    2    0    0    0    0    0    3    0    0    0    0    5  
   0    5    0    4    0    0    0    0    0    0    1    2    0    0    3  
   0    0    0    0    0    0    2    0    0    3    0    1    0    4    5  
   0    3    0    0    0    0    2    0    0    0    4    1    0    5    0  
   0    0    0    2    0    0    1    3    0    0    0    0    0    4    5  
   0    2    0    0    1    0    0    0    0    5    3    0    0    4    0  
   0    0    0    0    0    5    0    2    1    0    0    4    0    0    3  
   0    0    3    0    5    4    0    0    2    0    0    1    0    0    0  
   0    3    0    0    4    0    0    0    5    0    0    0    0    1    2  
   0    0    0    5    0    3    0    0    1    0    0    0    0    2    4  
   0    0    5    1    4    0    0    0    0    0    2    0    0    3    0  
   4    2    0    0    0    0    1    0    0    0    3    0    0    5    0  
   0    0    0    3    1    0    0    2    0    4    0    5    0    0    0  
   0    0    0    1    0    2    0    0    0    0    0    0    5    3    4  
   0    0    3    0    2    0    0    5    0    1    0    0    0    4    0  
   0    4    2    0    0    5    0    0    0    1    0    0    3    0    0  
   0    0    0    0    2    0    0    3    1    5    0    4    0    0    0  
   2    3    0    0    1    0    0    0    0    0    0    4    5    0    0  
   0    0    3    0    0    2    1    0    5    0    0    0    0    4    0  
   0    0    3    0    5    0    2    0    0    4    0    0    0    0    1  
   4    0    0    0    0    2    0    1    5    0    0    0    0    0    3  
   0    4    0    0    0    0    5    0    0    0    1    3    2    0    0  
   0    0    4    3    2    0    0    0    1    0    5    0    0    0    0  
   2    0    5    4    0    3    0    1    0    0    0    0    0    0    0  
   4    1    5    2    0    0    0    0    0    0    0    3    0    0    0  
   0    0    0    0    0    4    5    0    0    0    2    0    3    0    1  
   0    0    0    3    0    5    0    4    0    0    1    0    0    0    2  
   3    2    5    0    4    0    1    0    0    0    0    0    0    0    0  
   0    0    0    5    0    3    2    0    0    0    0    0    1    4    0  
   0    0    0    0    4    2    5    0    0    0    1    0    0    0    3  
   0    0    0    0    3    1    0    2    0    0    0    5    4    0    0  
   0    0    0    0    3    0    5    0    4    0    2    1    0    0    0  
   5    0    0    0    0    0    2    0    4    0    0    1    0    3    0  
   0    0    0    0    5    1    4    2    3    0    0    0    0    0    0  
   4    0    0    5    0    0    0    2    0    0    1    3    0    0    0  
   0    4    2    1    0    0    5    0    0    0    0    0    0    0    3  
   4    0    0    0    0    5    2    0    0    0    0    0    1    0    3  
   4    0    5    1    0    0    2    3    0    0    0    0    0    0    0  
   0    5    0    0    0    0    1    3    0    0    0    0    0    4    2  
   0    0    0    1    0    0    5    4    0    0    0    0    2    0    3  
   3    0    0    2    0    0    4    0    0    0    0    0    1    0    5  
   1    0    0    4    0    0    0    0    0    2    0    0    5    0    3  
   0    0    1    0    0    3    0    2    0    0    5    0    0    4    0  
   0    4    0    0    5    0    0    1    0    0    0    0    2    3    0  
   0    0    3    0    2    0    0    0    0    1    4    0    0    5    0  
   0    0    0    0    4    0    1    3    0    2    0    0    0    5    0  
   0    0    0    2    0    0    1    4    0    5    0    3    0    0    0  
   1    0    2    3    0    0    5    0    0    4    0    0    0    0    0  
   0    0    2    0    0    0    1    0    5    0    4    0    0    0    3  
   3    5    0    2    0    0    4    0    1    0    0    0    0    0    0  
   3    0    5    0    0    0    0    1    0    4    2    0    0    0    0  
   4    0    0    3    0    0    0    0    5    1    0    0    0    2    0  
   0    0    0    2    0    3    0    5    0    1    4    0    0    0    0  
   3    5    0    0    0    0    0    1    0    0    0    0    2    4    0  
   0    4    0    0    0    1    0    0    3    2    0    5    0    0    0  
   0    1    0    2    0    0    0    4    3    0    0    0    0    5    0  
   0    0    2    0    0    1    3    0    0    0    0    0    0    5    4  
   2    0    0    0    0    5    1    0    0    0    0    3    0    0    4  
   1    0    0    0    5    0    0    2    0    0    0    3    0    4    0  
   0    0    2    0    0    0    3    1    0    0    0    5    0    4    0  
   0    3    0    0    0    0    5    1    0    0    4    0    0    2    0  
   2    0    0    0    1    0    3    0    5    0    0    0    0    4    0  
   0    0    4    3    0    0    2    1    0    0    0    5    0    0    0  
   0    3    0    0    2    0    0    4    0    5    1    0    0    0    0  
   0    2    0    4    0    0    0    0    0    0    1    5    3    0    0  
   0    3    2    0    0    0    4    0    0    5    0    0    0    1    0  
   4    0    0    5    0    0    0    0    1    0    0    0    3    2    0  
   4    0    0    0    2    0    0    0    3    5    0    0    0    0    1  
   3    0    0    2    0    0    1    0    0    0    4    0    0    5    0  
   0    3    0    0    0    0    1    0    0    2    5    4    0    0    0  
   0    0    0    0    1    4    0    0    0    3    2    0    0    0    5  
   0    0    5    0    0    0    0    4    0    0    0    0    1    3    2  
   4    0    0    5    0    0    0    0    1    0    0    3    0    0    2  
   0    2    0    5    1    0    0    0    3    0    0    0    0    0    4  
   0    3    0    1    4    0    0    0    0    2    0    5    0    0    0  
   3    5    0    0    0    0    0    0    0    0    1    0    2    0    4  
   0    0    0    5    2    0    0    0    0    0    1    0    0    3    4  
   4    5    1    0    2    0    0    0    0    0    0    0    3    0    0  
   0    0    0    0    0    5    0    0    4    0    2    0    0    1    3  
   0    1    0    0    0    3    0    0    0    2    0    5    4    0    0  
   0    0    0    2    5    0    0    0    4    0    1    0    0    3    0  
   0    0    0    4    0    3    0    0    0    1    0    5    0    0    2  
   0    0    2    3    0    0    0    5    0    0    0    4    0    0    1  
   0    4    0    0    0    5    1    0    0    0    0    3    2    0    0  
   0    3    0    0    2    0    0    1    0    0    0    4    0    5    0  
   0    0    5    2    1    0    0    0    0    3    4    0    0    0    0  
   0    1    3    0    0    0    0    0    5    0    0    0    0    2    4  ] 
RESERVATION PRICES : [    0    0    0    0    0    0    0    8    0    0    8    8    0    9    8  
  10    0    0   11   10    9    0    0    0    0    0    0    0   10    0  
   0    0    0    0    0    0   18   16    0   16    0    0    0   15   18  
   0   18    0    0    0    0    0   17   14    0    0    0   16    0   19  
   0    0    0   19   22    0    0    0    0   17    0    0   20    0   19  
  22   21   21   25    0    0    0    0    0    0    0    0    0   20    0  
   0    0    0   23    0    0    0   27    0    0   24    0   22    0   26  
   0    0    0    0    0   29    0   24    0    0    0    0   24   25   27  
   0    0   30    0   28   35    0    0    0    0   28   34    0    0    0  
   0    0   31    0    0   40    0   34    0    0   37    0   35    0    0  
  46   37    0    0    0   37    0    0    0    0   35    0   36    0    0  
  51   38    0    0    0    0    0    0   47    0    0    0   46    0   52  
   0    0    0   52    0   45   49    0   56    0    0   47    0    0    0  
   0    0    0   44   48   57    0   53   59    0    0    0    0    0    0  
  50   48    0    0   56    0   59    0    0    0    0    0    0    0   51  
   0    0   49   59    0   60    0    0    0    0    0   65    0   56    0  
   0    0   67   53    0    0   58    0    0   68    0    0   59    0    0  
   0    0    0    0    0    0    0   58    0   72   70   63    0    0   62  
  65    0   62    0    0    0   68   60    0    0    0    0    0    0   76  
   0   62    0   75    0    0    0   79    0    0    0    0    0   63   67  
   0    0    0    0   87   68    0    0   88   75    0    0    0    0   81  
  90    0    0   81    0    0   75    0    0    0    0   75    0    0   71  
   0    0    0    0   71   77   88    0    0   81    0    0    0   93    0  
   0   85    0   75    0   78   83   78    0    0    0    0    0    0    0  
   0    0    0   80    0   82    0    0   86    0   92    0   80    0    0  
 111    0   88    0    0    0    0    0    0   88   92    0    0  103    0  
   0    0  101    0   92    0    0    0   92    0   98    0    0    0  102  
 111    0    0    0  107   96    0    0    0  112    0    0   85    0    0  
 105  117    0    0    0  120    0    0    0  111    0    0    0   91    0  
   0   97    0    0    0   99    0    0    0  117    0    0    0   96  117  
 120    0  117  121    0    0    0    0    0    0  111    0    0  113    0  
   0  103  126    0  117    0    0    0    0    0  104  102    0    0    0  
   0    0  112    0    0  104    0  111    0  125  121    0    0    0    0  
 128  139    0    0    0    0    0    0    0    0  138  112    0    0  111  
 124    0  131    0    0    0  130    0  140    0    0    0    0  120    0  
 111    0    0  129  119    0    0    0    0    0  120  120    0    0    0  
 133    0  111    0    0    0    0  149  121    0    0    0    0  149    0  
 118  130    0  148  119    0    0    0    0    0    0    0    0    0  153  
   0  156  138  157    0    0    0    0    0  158    0    0    0    0  141  
   0  157    0  142    0    0    0    0    0    0  160  130    0    0  159  
   0    0    0    0    0    0  124    0    0  143    0  127    0  150  140  
   0  172    0    0    0    0  126    0    0    0  160  143    0  146    0  
   0    0    0  139    0    0  143  146    0    0    0    0    0  175  146  
   0  174    0    0  139    0    0    0    0  165  176    0    0  152    0  
   0    0    0    0    0  155    0  149  144    0    0  165    0    0  183  
   0    0  182    0  136  172    0    0  178    0    0  151    0    0    0  
   0  145    0    0  184    0    0    0  181    0    0    0    0  148  139  
   0    0    0  174    0  191    0    0  137    0    0    0    0  154  159  
   0    0  142  144  156    0    0    0    0    0  165    0    0  173    0  
 193  171    0    0    0    0  164    0    0    0  160    0    0  146    0  
   0    0    0  165  184    0    0  167    0  193    0  155    0    0    0  
   0    0    0  165    0  199    0    0    0    0    0    0  193  166  186  
   0    0  159    0  179    0    0  197    0  201    0    0    0  159    0  
   0  177  205    0    0  163    0    0    0  165    0    0  155    0    0  
   0    0    0    0  162    0    0  167  205  168    0  199    0    0    0  
 171  171    0    0  197    0    0    0    0    0    0  184  170    0    0  
   0    0  164    0    0  181  163    0  201    0    0    0    0  204    0  
   0    0  175    0  181    0  179    0    0  190    0    0    0    0  199  
 173    0    0    0    0  168    0  213  168    0    0    0    0    0  211  
   0  224    0    0    0    0  214    0    0    0  173  167  223    0    0  
   0    0  198  188  213    0    0    0  221    0  222    0    0    0    0  
 230    0  213  210    0  226    0  203    0    0    0    0    0    0    0  
 236  191  174  228    0    0    0    0    0    0    0  195    0    0    0  
   0    0    0    0    0  229  197    0    0    0  230    0  208    0  184  
   0    0    0  200    0  212    0  187    0    0  187    0    0    0  211  
 227  220  197    0  192    0  243    0    0    0    0    0    0    0    0  
   0    0    0  198    0  233  212    0    0    0    0    0  213  223    0  
   0    0    0    0  206  226  239    0    0    0  219    0    0    0  217  
   0    0    0    0  200  238    0  199    0    0    0  214  253    0    0  
   0    0    0    0  251    0  269    0  251    0  238  267    0    0    0  
 264    0    0    0    0    0  225    0  224    0    0  250    0  219    0  
   0    0    0    0  220  272  210  221  258    0    0    0    0    0    0  
 246    0    0  275    0    0    0  235    0    0  239  249    0    0    0  
   0  265  231  269    0    0  269    0    0    0    0    0    0    0  225  
 279    0    0    0    0  256  227    0    0    0    0    0  238    0  226  
 291    0  227  267    0    0  270  263    0    0    0    0    0    0    0  
   0  277    0    0    0    0  295  284    0    0    0    0    0  237  237  
   0    0    0  224    0    0  297  299    0    0    0    0  267    0  290  
 298    0    0  236    0    0  304    0    0    0    0    0  251    0  242  
 242    0    0  224    0    0    0    0    0  288    0    0  286    0  242  
   0    0  252    0    0  251    0  284    0    0  228    0    0  262    0  
   0  285    0    0  287    0    0  315    0    0    0    0  253  312    0  
   0    0  302    0  280    0    0    0    0  246  276    0    0  280    0  
   0    0    0    0  273    0  289  241    0  292    0    0    0  323    0  
   0    0    0  280    0    0  271  289    0  292    0  284    0    0    0  
 306    0  262  298    0    0  274    0    0  330    0    0    0    0    0  
   0    0  304    0    0    0  325    0  283    0  310    0    0    0  253  
 325  291    0  281    0    0  284    0  256    0    0    0    0    0    0  
 285    0  275    0    0    0    0  322    0  321  283    0    0    0    0  
 330    0    0  348    0    0    0    0  322  311    0    0    0  282    0  
   0    0    0  317    0  263    0  340    0  308  291    0    0    0    0  
 260  260    0    0    0    0    0  351    0    0    0    0  352  302    0  
   0  315    0    0    0  348    0    0  320  314    0  344    0    0    0  
   0  349    0  314    0    0    0  270  278    0    0    0    0  317    0  
   0    0  265    0    0  303  270    0    0    0    0    0    0  334  300  
 268    0    0    0    0  347  318    0    0    0    0  265    0    0  331  
 324    0    0    0  318    0    0  347    0    0    0  372    0  335    0  
   0    0  314    0    0    0  305  320    0    0    0  333    0  352    0  
   0  374    0    0    0    0  305  367    0    0  323    0    0  350    0  
 308    0    0    0  363    0  339    0  364    0    0    0    0  348    0  
   0    0  312  377    0    0  370  377    0    0    0  369    0    0    0  
   0  339    0    0  287    0    0  378    0  304  329    0    0    0    0  
   0  354    0  361    0    0    0    0    0    0  284  308  306    0    0  
   0  292  294    0    0    0  358    0    0  339    0    0    0  303    0  
 298    0    0  388    0    0    0    0  313    0    0    0  372  300    0  
 341    0    0    0  308    0    0    0  321  327    0    0    0    0  293  
 315    0    0  354    0    0  399    0    0    0  359    0    0  359    0  
   0  353    0    0    0    0  324    0    0  308  366  387    0    0    0  
   0    0    0    0  392  354    0    0    0  342  337    0    0    0  339  
   0    0  354    0    0    0    0  414    0    0    0    0  373  344  407  
 305    0    0  360    0    0    0    0  309    0    0  378    0    0  319  
   0  325    0  329  359    0    0    0  373    0    0    0    0    0  337  
   0  349    0  384  404    0    0    0    0  330    0  382    0    0    0  
 405  398    0    0    0    0    0    0    0    0  343    0  410    0  315  
   0    0    0  393  401    0    0    0    0    0  396    0    0  336  387  
 389  348  378    0  372    0    0    0    0    0    0    0  404    0    0  
   0    0    0    0    0  358    0    0  367    0  374    0    0  431  371  
   0  345    0    0    0  434    0    0    0  338    0  358  431    0    0  
   0    0    0  424  380    0    0    0  329    0  412    0    0  336    0  
   0    0    0  382    0  336    0    0    0  372    0  342    0    0  395  
   0    0  372  448    0    0    0  326    0    0    0  362    0    0  420  
   0  335    0    0    0  350  368    0    0    0    0  370  365    0    0  
   0  366    0    0  349    0    0  361    0    0    0  355    0  385    0  
   0    0  343  453  344    0    0    0    0  421  407    0    0    0    0  
   0  410  388    0    0    0    0    0  387    0    0    0    0  424  458  ] 
 ] 
