K : 150
I : 10
C : 30
INSTANCE : 5
PREFERENCES : [    0    3    5    0    1    0    0    0    2    4  
   5    0    0    2    1    4    0    0    3    0  
   3    0    1    2    5    0    0    0    4    0  
   0    0    1    2    0    0    3    4    5    0  
   4    1    3    0    5    2    0    0    0    0  
   0    0    2    3    4    5    0    0    0    1  
   3    0    1    0    4    2    0    0    0    5  
   4    0    2    5    0    0    0    3    0    1  
   3    0    0    5    0    0    1    4    2    0  
   2    0    0    0    0    5    1    3    4    0  
   0    0    0    3    1    0    2    4    0    5  
   0    0    1    5    0    3    0    2    0    4  
   0    3    0    1    2    0    5    0    4    0  
   0    5    3    0    0    1    2    4    0    0  
   0    3    0    0    5    0    1    4    2    0  
   5    0    3    1    0    4    0    2    0    0  
   0    5    0    0    0    2    3    1    4    0  
   0    0    3    0    2    0    5    0    1    4  
   3    0    0    4    0    5    2    0    0    1  
   3    0    2    1    0    0    5    4    0    0  
   0    4    5    0    0    3    0    1    0    2  
   3    0    0    0    0    2    0    4    1    5  
   2    0    0    4    0    1    3    0    5    0  
   4    0    0    2    0    1    0    3    5    0  
   3    1    2    0    0    5    0    0    4    0  
   5    0    3    1    4    2    0    0    0    0  
   4    2    0    0    0    1    5    0    3    0  
   1    0    0    2    5    0    3    0    0    4  
   0    5    0    2    0    0    3    1    4    0  
   0    2    5    0    3    0    4    1    0    0  
   1    0    5    0    4    2    3    0    0    0  
   0    2    3    1    4    5    0    0    0    0  
   0    0    3    0    0    5    4    2    0    1  
   0    0    3    4    0    2    5    1    0    0  
   0    5    0    0    0    1    3    0    4    2  
   0    3    4    0    0    1    5    0    2    0  
   2    4    0    1    0    0    5    3    0    0  
   0    1    4    2    3    5    0    0    0    0  
   0    3    0    0    4    0    0    1    5    2  
   2    5    1    0    0    3    0    0    0    4  
   0    5    0    4    0    0    1    2    0    3  
   1    3    0    5    4    0    0    0    2    0  
   0    0    4    2    5    0    0    1    0    3  
   0    0    0    1    3    0    5    4    0    2  
   1    0    5    0    0    3    4    0    2    0  
   0    4    0    5    0    0    0    3    2    1  
   0    3    0    0    4    0    1    0    2    5  
   1    3    4    0    0    0    5    2    0    0  
   0    4    5    2    1    0    0    3    0    0  
   0    0    0    2    1    0    4    0    3    5  
   1    0    4    5    3    2    0    0    0    0  
   0    3    1    5    0    0    2    0    0    4  
   5    4    2    0    0    0    1    0    0    3  
   5    0    0    2    1    3    0    0    0    4  
   0    0    2    1    0    0    4    5    0    3  
   0    5    0    0    0    3    1    0    4    2  
   3    4    0    0    0    0    1    2    0    5  
   0    0    3    0    0    4    1    0    5    2  
   0    0    1    5    0    0    2    3    0    4  
   1    0    0    0    3    2    4    0    5    0  
   0    4    0    0    3    5    2    0    1    0  
   0    3    0    2    0    0    4    1    5    0  
   0    4    5    0    0    3    1    0    2    0  
   4    3    0    1    0    0    5    2    0    0  
   0    4    1    3    0    2    0    5    0    0  
   0    0    3    4    2    0    0    1    5    0  
   3    4    0    0    1    0    0    0    5    2  
   3    1    0    0    0    5    2    4    0    0  
   0    0    5    2    4    0    3    0    0    1  
   2    5    0    1    3    0    0    4    0    0  
   4    0    2    0    0    0    3    1    5    0  
   0    4    0    0    2    5    1    0    0    3  
   0    3    1    4    2    0    0    0    5    0  
   5    0    0    0    0    2    1    0    4    3  
   0    1    0    3    0    0    5    0    4    2  
   5    1    0    2    4    0    0    3    0    0  
   0    5    3    1    0    4    0    0    2    0  
   0    0    4    5    2    0    0    3    0    1  
   4    0    0    1    0    5    0    0    3    2  
   0    5    2    4    1    0    0    0    3    0  
   3    5    4    0    0    0    0    1    2    0  
   0    0    1    3    2    0    0    4    5    0  
   3    1    5    0    0    4    0    2    0    0  
   2    0    4    0    0    3    0    0    5    1  
   0    5    2    4    0    3    0    0    0    1  
   0    0    2    1    3    0    0    0    4    5  
   5    3    1    4    0    0    2    0    0    0  
   1    0    0    0    2    0    0    5    3    4  
   0    2    4    0    0    0    5    1    3    0  
   2    1    0    0    0    4    0    5    3    0  
   3    2    0    0    0    0    4    0    5    1  
   0    4    0    3    5    0    2    0    1    0  
   0    0    1    0    2    5    0    4    0    3  
   0    3    1    0    0    0    4    5    2    0  
   5    1    0    0    0    2    4    0    3    0  
   0    0    5    2    4    3    0    0    1    0  
   1    0    0    5    4    3    2    0    0    0  
   0    5    1    0    3    2    4    0    0    0  
   0    0    1    0    4    2    3    0    5    0  
   4    1    5    0    0    0    3    0    2    0  
   4    1    3    2    0    5    0    0    0    0  
   4    0    1    2    5    0    0    3    0    0  
   4    0    0    0    1    0    0    5    2    3  
   3    1    5    0    0    0    4    0    2    0  
   5    0    0    3    1    2    0    0    0    4  
   0    0    1    4    3    2    0    0    5    0  
   4    2    0    0    3    0    0    0    1    5  
   0    5    0    4    0    0    2    3    0    1  
   0    0    0    0    4    5    2    3    0    1  
   0    5    0    0    0    2    1    0    4    3  
   5    0    0    4    0    0    1    2    3    0  
   0    2    4    0    0    3    0    5    1    0  
   0    0    1    2    0    5    0    3    4    0  
   0    4    0    0    0    2    3    0    1    5  
   2    3    5    1    0    0    0    0    4    0  
   3    5    4    0    0    0    0    0    1    2  
   1    4    0    5    3    0    2    0    0    0  
   1    0    4    0    0    0    5    3    0    2  
   0    5    3    0    0    4    2    0    0    1  
   0    1    0    2    3    0    0    0    4    5  
   0    0    5    4    0    0    1    2    0    3  
   1    3    0    2    0    0    5    4    0    0  
   3    0    0    0    2    0    0    1    5    4  
   3    5    0    0    1    0    0    2    0    4  
   5    0    0    1    2    3    4    0    0    0  
   2    0    0    5    4    3    0    0    1    0  
   0    0    1    0    4    3    2    0    5    0  
   3    2    0    0    0    0    4    1    0    5  
   0    2    4    0    1    0    0    5    3    0  
   1    0    0    0    4    5    0    3    0    2  
   0    0    5    3    0    1    0    0    4    2  
   2    3    0    5    0    0    1    4    0    0  
   1    0    0    0    0    3    2    4    5    0  
   1    3    0    5    2    0    0    4    0    0  
   0    1    0    0    0    2    0    4    5    3  
   0    4    0    0    1    3    0    5    2    0  
   2    5    0    1    0    4    0    0    0    3  
   0    4    0    0    0    1    3    0    2    5  
   0    0    0    5    2    0    3    0    1    4  
   4    0    0    1    0    3    0    2    5    0  
   3    0    0    0    0    1    5    2    4    0  
   5    0    3    1    0    0    0    4    0    2  
   1    0    4    5    0    0    3    0    0    2  
   3    0    1    0    0    4    2    0    5    0  
   2    1    5    0    0    0    0    0    3    4  
   0    0    0    5    2    1    4    0    3    0  
   2    0    0    0    0    5    4    1    0    3  
   0    0    5    0    2    0    0    1    4    3  
   3    4    0    0    2    0    0    1    5    0  
   4    0    1    0    0    2    3    5    0    0  ] 
RESERVATION PRICES : [    0    5    5    0    5    0    0    0    6    5  
  13    0    0   12   11   12    0    0   14    0  
  18    0   18   14   18    0    0    0   14    0  
   0    0   17   15    0    0   16   15   15    0  
  23   19   21    0   20   22    0    0    0    0  
   0    0   27   23   23   24    0    0    0   25  
  25    0   27    0   23   28    0    0    0   29  
  30    0   30   25    0    0    0   32    0   28  
  29    0    0   29    0    0   39   36   36    0  
  39    0    0    0    0   43   43   40   38    0  
   0    0    0   43   37    0   35   34    0   43  
   0    0   42   45    0   48    0   44    0   40  
   0   43    0   44   49    0   46    0   42    0  
   0   46   43    0    0   52   56   52    0    0  
   0   54    0    0   47    0   55   55   59    0  
  64    0   67   68    0   50    0   65    0    0  
   0   61    0    0    0   53   66   56   56    0  
   0    0   60    0   75    0   72    0   69   72  
  72    0    0   66    0   78   81    0    0   68  
  79    0   68   71    0    0   67   82    0    0  
   0   87   68    0    0   69    0   82    0   87  
  90    0    0    0    0   78    0   84   94   78  
  88    0    0   74    0   73   84    0   90    0  
  70    0    0   93    0   81    0   96   87    0  
  81   83   89    0    0   90    0    0   82    0  
  78    0   82  104   95  103    0    0    0    0  
  80   93    0    0    0   96  106    0  101    0  
  97    0    0   95   91    0  105    0    0  111  
   0  111    0  114    0    0  100   90  113    0  
   0  124   89    0  113    0  116  115    0    0  
 106    0  110    0  114  111  123    0    0    0  
   0  114   99  110  115  123    0    0    0    0  
   0    0  108    0    0  110  132  111    0  129  
   0    0  121  108    0  132  125  119    0    0  
   0  122    0    0    0  146  146    0  120  118  
   0  120  143    0    0  132  140    0  106    0  
 136  151    0  128    0    0  117  126    0    0  
   0  135  157  153  122  129    0    0    0    0  
   0  148    0    0  126    0    0  129  123  137  
 119  142  118    0    0  118    0    0    0  141  
   0  127    0  157    0    0  140  167    0  150  
 128  160    0  138  139    0    0    0  147    0  
   0    0  151  138  130    0    0  148    0  152  
   0    0    0  132  168    0  131  157    0  160  
 154    0  144    0    0  162  157    0  142    0  
   0  149    0  155    0    0    0  183  138  175  
   0  145    0    0  143    0  143    0  145  152  
 138  166  148    0    0    0  176  162    0    0  
   0  172  150  159  158    0    0  168    0    0  
   0    0    0  154  163    0  192    0  155  169  
 176    0  176  173  145  152    0    0    0    0  
   0  157  169  153    0    0  194    0    0  149  
 198  204  156    0    0    0  155    0    0  152  
 189    0    0  204  165  191    0    0    0  195  
   0    0  210  168    0    0  176  172    0  180  
   0  178    0    0    0  174  207    0  176  200  
 179  162    0    0    0    0  209  206    0  216  
   0    0  169    0    0  181  212    0  176  164  
   0    0  219  178    0    0  171  223    0  189  
 200    0    0    0  169  181  178    0  188    0  
   0  186    0    0  230  185  201    0  235    0  
   0  184    0  211    0    0  178  193  222    0  
   0  251  200    0    0  210  222    0  230    0  
 221  237    0  224    0    0  245  242    0    0  
   0  240  224  216    0  232    0  186    0    0  
   0    0  222  250  188    0    0  240  232    0  
 246  221    0    0  224    0    0    0  214  194  
 246  253    0    0    0  224  199  201    0    0  
   0    0  206  253  198    0  212    0    0  225  
 266  197    0  268  201    0    0  211    0    0  
 214    0  207    0    0    0  221  271  265    0  
   0  271    0    0  226  255  246    0    0  244  
   0  252  276  263  242    0    0    0  281    0  
 202    0    0    0    0  243  245    0  223  241  
   0  234    0  263    0    0  236    0  228  272  
 250  278    0  246  243    0    0  244    0    0  
   0  234  215  253    0  276    0    0  210    0  
   0    0  287  244  228    0    0  226    0  228  
 246    0    0  257    0  290    0    0  284  238  
   0  256  277  217  217    0    0    0  275    0  
 235  217  226    0    0    0    0  269  281    0  
   0    0  253  271  275    0    0  276  222    0  
 238  273  286    0    0  292    0  265    0    0  
 289    0  288    0    0  266    0    0  237  282  
   0  260  280  297    0  279    0    0    0  300  
   0    0  280  242  258    0    0    0  276  291  
 252  315  295  241    0    0  246    0    0    0  
 271    0    0    0  269    0    0  303  290  248  
   0  328  313    0    0    0  320  277  311    0  
 329  298    0    0    0  319    0  282  318    0  
 305  294    0    0    0    0  329    0  322  303  
   0  257    0  289  261    0  310    0  315    0  
   0    0  263    0  265  265    0  316    0  288  
   0  273  315    0    0    0  325  280  317    0  
 277  320    0    0    0  360  284    0  330    0  
   0    0  304  275  310  312    0    0  354    0  
 280    0    0  348  359  340  366    0    0    0  
   0  301  291    0  285  270  365    0    0    0  
   0    0  319    0  356  318  278    0  322    0  
 338  310  332    0    0    0  307    0  314    0  
 343  312  285  279    0  373    0    0    0    0  
 352    0  325  308  350    0    0  292    0    0  
 307    0    0    0  347    0    0  368  300  338  
 287  300  294    0    0    0  363    0  346    0  
 392    0    0  322  355  366    0    0    0  361  
   0    0  385  305  306  333    0    0  363    0  
 292  323    0    0  286    0    0    0  374  380  
   0  348    0  399    0    0  300  308    0  356  
   0    0    0    0  392  347  307  334    0  375  
   0  361    0    0    0  347  397    0  354  369  
 344    0    0  376    0    0  300  356  388    0  
   0  307  413    0    0  335    0  343  339    0  
   0    0  420  357    0  318    0  353  334    0  
   0  338    0    0    0  389  380    0  429  325  
 433  373  339  378    0    0    0    0  337    0  
 391  402  326    0    0    0    0    0  391  394  
 345  345    0  419  359    0  358    0    0    0  
 373    0  335    0    0    0  375  322    0  435  
   0  357  362    0    0  432  381    0    0  376  
   0  333    0  343  356    0    0    0  338  428  
   0    0  373  373    0    0  358  420    0  381  
 434  428    0  430    0    0  353  354    0    0  
 440    0    0    0  343    0    0  402  404  412  
 424  351    0    0  454    0    0  351    0  335  
 451    0    0  401  418  345  407    0    0    0  
 414    0    0  344  428  387    0    0  452    0  
   0    0  457    0  372  352  436    0  402    0  
 453  417    0    0    0    0  364  449    0  358  
   0  427  469    0  418    0    0  464  454    0  
 403    0    0    0  357  472    0  387    0  486  
   0    0  434  440    0  411    0    0  398  415  
 420  460    0  377    0    0  420  438    0    0  
 489    0    0    0    0  439  423  408  466    0  
 382  456    0  394  509    0    0  484    0    0  
   0  451    0    0    0  441    0  452  415  503  
   0  396    0    0  368  495    0  389  469    0  
 401  443    0  445    0  415    0    0    0  491  
   0  473    0    0    0  424  498    0  445  419  
   0    0    0  414  428    0  454    0  407  506  
 410    0    0  419    0  467    0  476  392    0  
 481    0    0    0    0  391  429  383  472    0  
 518    0  483  401    0    0    0  430    0  443  
 505    0  419  450    0    0  454    0    0  446  
 504    0  425    0    0  419  425    0  428    0  
 526  393  503    0    0    0    0    0  528  415  
   0    0    0  450  483  421  465    0  442    0  
 415    0    0    0    0  451  468  416    0  394  
   0    0  533    0  473    0    0  516  520  432  
 434  512    0    0  454    0    0  541  417    0  
 404    0  480    0    0  448  552  550    0    0  ] 
 ] 
