K : 125
I : 10
C : 25
INSTANCE : 1
PREFERENCES : [    3    5    2    1    0    4    0    0    0    0  
   3    0    5    1    4    0    2    0    0    0  
   5    0    3    1    0    2    0    0    4    0  
   2    0    1    0    5    0    3    0    0    4  
   5    4    0    0    0    1    0    0    3    2  
   0    0    3    0    0    1    0    5    2    4  
   0    0    3    0    5    1    0    4    0    2  
   0    5    3    2    0    0    0    1    0    4  
   5    0    0    0    3    1    4    0    0    2  
   5    4    0    0    0    3    1    0    2    0  
   0    0    0    2    1    3    5    4    0    0  
   2    0    0    0    1    0    4    3    5    0  
   0    2    5    0    0    1    3    0    0    4  
   2    1    0    3    0    0    5    0    4    0  
   0    1    0    0    0    3    4    2    5    0  
   3    0    0    4    0    0    2    1    0    5  
   4    0    0    0    1    3    5    0    2    0  
   0    4    3    5    0    0    0    0    2    1  
   2    3    0    4    5    0    0    0    0    1  
   3    0    0    2    1    0    4    5    0    0  
   0    0    0    4    0    3    2    0    5    1  
   3    5    0    0    2    0    0    0    4    1  
   1    0    4    0    0    3    0    5    0    2  
   3    0    0    1    0    2    4    0    5    0  
   0    3    0    2    0    4    0    0    5    1  
   0    3    4    2    0    1    0    5    0    0  
   3    4    0    2    0    0    1    0    5    0  
   3    0    0    0    5    0    0    2    4    1  
   0    5    3    0    0    4    0    2    0    1  
   5    0    1    0    0    4    0    0    3    2  
   5    4    1    2    0    0    0    0    3    0  
   1    4    0    0    0    0    0    2    5    3  
   4    5    0    0    0    1    0    3    2    0  
   1    0    0    0    3    4    0    5    2    0  
   1    0    5    0    0    3    4    0    2    0  
   3    4    0    2    0    0    0    0    5    1  
   0    0    0    1    0    2    5    3    0    4  
   2    0    1    0    5    0    3    0    4    0  
   0    0    4    2    3    5    0    1    0    0  
   0    5    1    3    4    0    2    0    0    0  
   3    2    1    0    5    4    0    0    0    0  
   4    5    0    0    1    3    0    0    2    0  
   3    0    5    0    1    4    0    2    0    0  
   1    0    4    0    0    0    2    3    5    0  
   3    0    0    2    0    0    0    1    5    4  
   4    2    1    3    5    0    0    0    0    0  
   3    0    0    0    1    4    2    0    5    0  
   0    0    0    2    1    5    0    0    4    3  
   5    0    1    0    4    3    2    0    0    0  
   3    4    0    0    5    0    2    0    1    0  
   2    0    0    1    0    5    3    0    0    4  
   0    0    5    0    2    4    0    3    1    0  
   0    2    0    0    0    5    0    3    4    1  
   0    5    0    1    0    3    0    0    4    2  
   3    0    0    0    0    5    1    0    4    2  
   0    4    0    0    0    5    0    1    3    2  
   0    0    5    0    2    0    4    1    0    3  
   2    0    5    0    4    3    0    1    0    0  
   1    0    0    5    2    0    4    0    0    3  
   0    0    1    0    3    2    0    0    4    5  
   2    0    0    5    4    1    0    3    0    0  
   0    0    3    0    5    0    4    1    2    0  
   0    0    4    0    0    0    3    2    5    1  
   0    0    4    0    2    0    0    5    1    3  
   4    0    5    0    1    0    0    3    0    2  
   2    0    1    3    0    0    4    0    0    5  
   0    5    0    2    0    3    0    1    0    4  
   1    0    0    0    0    4    0    3    2    5  
   0    0    5    3    0    0    4    2    0    1  
   4    0    0    0    3    0    5    1    0    2  
   0    0    2    0    4    1    0    3    5    0  
   4    0    3    5    0    1    0    0    0    2  
   0    4    0    0    2    1    0    3    5    0  
   3    0    0    0    4    0    0    5    2    1  
   0    0    4    1    5    3    2    0    0    0  
   0    0    0    0    5    1    3    2    0    4  
   0    5    4    0    3    0    1    0    2    0  
   1    0    0    0    4    0    2    0    3    5  
   0    3    4    0    0    2    1    5    0    0  
   4    0    0    5    1    3    0    0    0    2  
   1    5    2    0    4    0    0    0    3    0  
   0    2    5    1    0    3    0    0    4    0  
   0    5    0    2    0    0    4    0    3    1  
   0    2    3    0    4    1    0    0    5    0  
   0    0    3    0    4    0    0    5    1    2  
   0    1    2    0    0    4    5    3    0    0  
   0    4    3    5    1    0    0    2    0    0  
   0    1    2    3    0    0    0    0    5    4  
   0    1    5    4    0    0    3    2    0    0  
   4    5    0    0    1    0    0    2    0    3  
   2    0    0    4    1    0    0    3    5    0  
   0    3    0    0    0    2    4    5    0    1  
   0    5    2    0    0    0    4    1    3    0  
   0    2    0    1    4    0    0    5    0    3  
   0    0    5    0    3    1    2    4    0    0  
   4    2    1    0    5    0    0    3    0    0  
   2    1    0    0    3    0    0    5    0    4  
   0    0    0    5    2    4    1    3    0    0  
   0    5    0    1    4    0    0    3    2    0  
   0    5    0    1    0    2    4    0    3    0  
   0    0    3    1    5    0    0    0    4    2  
   3    2    0    1    0    0    0    5    0    4  
   2    0    3    0    1    0    0    5    0    4  
   0    2    3    0    4    0    0    5    0    1  
   4    2    1    0    0    5    0    0    3    0  
   2    0    0    5    3    0    1    0    0    4  
   0    3    4    0    0    5    0    2    1    0  
   0    0    1    0    2    4    0    3    5    0  
   0    0    5    1    0    4    3    0    2    0  
   1    5    0    3    0    4    0    2    0    0  
   2    0    0    5    0    0    1    4    3    0  
   1    0    0    4    0    5    0    0    3    2  
   4    0    0    0    0    5    2    3    0    1  
   0    0    3    0    1    2    0    0    4    5  
   0    0    5    1    0    0    0    3    2    4  
   0    2    0    3    0    0    1    0    4    5  
   0    1    4    0    0    0    5    0    2    3  
   2    0    0    3    4    0    0    0    1    5  
   5    2    0    3    0    0    4    0    0    1  
   2    0    0    0    5    0    1    0    3    4  
   4    0    3    0    0    0    1    0    2    5  
   0    1    0    3    0    5    0    4    2    0  
   0    0    0    3    2    1    4    0    5    0  
   2    0    0    5    3    0    0    1    0    4  
   5    0    2    0    0    1    3    0    0    4  ] 
RESERVATION PRICES : [    7    6    6    6    0    7    0    0    0    0  
  12    0   12   12   12    0   11    0    0    0  
  11    0   11   11    0   12    0    0   13    0  
  14    0   17    0   16    0   19    0    0   14  
  19   15    0    0    0   18    0    0   20   20  
   0    0   25    0    0   20    0   22   23   21  
   0    0   20    0   24   26    0   21    0   20  
   0   26   27   25    0    0    0   28    0   25  
  29    0    0    0   28   28   27    0    0   28  
  27   28    0    0    0   24   26    0   25    0  
   0    0    0   34   29   28   35   28    0    0  
  33    0    0    0   35    0   41   41   42    0  
   0   34   31    0    0   34   37    0    0   42  
  46   45    0   39    0    0   37    0   45    0  
   0   50    0    0    0   44   43   38   52    0  
  41    0    0   54    0    0   49   44    0   43  
  49    0    0    0   51   52   53    0   46    0  
   0   48   61   45    0    0    0    0   58   49  
  61   53    0   57   55    0    0    0    0   65  
  57    0    0   62   58    0   61   66    0    0  
   0    0    0   69    0   65   70    0   67   63  
  83   65    0    0   77    0    0    0   66   80  
  66    0   86    0    0   73    0   88    0   84  
  76    0    0   93    0   89   82    0   92    0  
   0   96    0   89    0   91    0    0   75   90  
   0  102   90   98    0   79    0  100    0    0  
  94   98    0  102    0    0  104    0   92    0  
  93    0    0    0   81    0    0  101   90   94  
   0   92  107    0    0   90    0  101    0  110  
 113    0  109    0    0  110    0    0   85   85  
  98  116  119   98    0    0    0    0   92    0  
 123  105    0    0    0    0    0  111  120  113  
 115  110    0    0    0  113    0  118  128    0  
 110    0    0    0  100  131    0   95  121    0  
  97    0  115    0    0  131  132    0  122    0  
 106  106    0  117    0    0    0    0  101  104  
   0    0    0  121    0  110  111  115    0  120  
 114    0  131    0  103    0  139    0  109    0  
   0    0  129  133  132  136    0  130    0    0  
   0  144  132  139  134    0  147    0    0    0  
 129  145  151    0  128  117    0    0    0    0  
 146  154    0    0  139  124    0    0  116    0  
 131    0  157    0  149  139    0  164    0    0  
 164    0  135    0    0    0  167  150  168    0  
 166    0    0  157    0    0    0  133  125  135  
 149  146  174  164  168    0    0    0    0    0  
 163    0    0    0  151  135  136    0  174    0  
   0    0    0  160  161  159    0    0  177  179  
 137    0  139    0  175  141  150    0    0    0  
 191  184    0    0  157    0  179    0  169    0  
 190    0    0  146    0  183  194    0    0  172  
   0    0  161    0  181  193    0  188  153    0  
   0  190    0    0    0  191    0  165  170  179  
   0  162    0  195    0  174    0    0  187  176  
 181    0    0    0    0  210  166    0  160  166  
   0  160    0    0    0  204    0  186  157  173  
   0    0  192    0  159    0  167  209    0  195  
 159    0  194    0  181  165    0  209    0    0  
 196    0    0  219  197    0  216    0    0  200  
   0    0  171    0  222  206    0    0  225  170  
 197    0    0  181  227  196    0  217    0    0  
   0    0  177    0  184    0  202  226  191    0  
   0    0  195    0    0    0  187  185  183  174  
   0    0  238    0  248    0    0  185  221  202  
 236    0  208    0  249    0    0  180    0  223  
 239    0  191  240    0    0  248    0    0  210  
   0  258    0  191    0  192    0  228    0  241  
 259    0    0    0    0  250    0  222  233  234  
   0    0  262  252    0    0  204  229    0  201  
 239    0    0    0  240    0  263  234    0  211  
   0    0  273    0  208  216    0  238  207    0  
 212    0  231  246    0  259    0    0    0  252  
   0  261    0    0  244  210    0  242  211    0  
 265    0    0    0  267    0    0  231  251  273  
   0    0  235  209  215  253  245    0    0    0  
   0    0    0    0  250  239  271  246    0  246  
   0  253  251    0  240    0  283    0  272    0  
 226    0    0    0  263    0  242    0  264  284  
   0  281  284    0    0  296  260  219    0    0  
 231    0    0  255  303  301    0    0    0  274  
 307  262  237    0  263    0    0    0  247    0  
   0  256  301  286    0  237    0    0  277    0  
   0  245    0  298    0    0  286    0  249  246  
   0  242  261    0  282  315    0    0  272    0  
   0    0  288    0  243    0    0  272  278  258  
   0  241  290    0    0  272  294  250    0    0  
   0  245  279  256  314    0    0  329    0    0  
   0  265  266  268    0    0    0    0  252  336  
   0  262  267  264    0    0  331  336    0    0  
 297  275    0    0  283    0    0  258    0  294  
 263    0    0  346  262    0    0  313  316    0  
   0  292    0    0    0  346  347  288    0  274  
   0  259  341    0    0    0  332  301  323    0  
   0  289    0  311  279    0    0  275    0  302  
   0    0  288    0  313  329  319  289    0    0  
 330  352  363    0  270    0    0  363    0    0  
 364  287    0    0  321    0    0  310    0  275  
   0    0    0  369  372  308  325  316    0    0  
   0  282    0  309  347    0    0  290  375    0  
   0  310    0  366    0  374  330    0  311    0  
   0    0  364  287  310    0    0    0  279  290  
 294  356    0  328    0    0    0  300    0  321  
 380    0  335    0  372    0    0  366    0  361  
   0  395  318    0  316    0    0  356    0  367  
 345  298  326    0    0  294    0    0  301    0  
 311    0    0  402  396    0  313    0    0  342  
   0  359  351    0    0  402    0  297  392    0  
   0    0  354    0  327  362    0  405  356    0  
   0    0  371  295    0  331  388    0  330    0  
 327  342    0  337    0  382    0  411    0    0  
 367    0    0  392    0    0  383  312  306    0  
 407    0    0  387    0  342    0    0  404  356  
 411    0    0    0    0  311  391  401    0  337  
   0    0  404    0  314  341    0    0  360  348  
   0    0  384  342    0    0    0  363  377  360  
   0  366    0  408    0    0  338    0  363  357  
   0  425  389    0    0    0  332    0  398  321  
 363    0    0  393  334    0    0    0  367  401  
 381  412    0  391    0    0  362    0    0  414  
 402    0    0    0  407    0  361    0  397  328  
 331    0  423    0    0    0  375    0  438  405  
   0  329    0  368    0  412    0  344  353    0  
   0    0    0  346  425  356  441    0  357    0  
 448    0    0  354  455    0    0  423    0  463  
 432    0  360    0    0  395  348    0    0  471  ] 
 ] 
