K : 100
I : 15
C : 16
INSTANCE : 1
PREFERENCES : [    0    0    0    0    0    4    0    0    0    5    1    0    3    0    2  
   0    4    0    0    0    5    0    1    0    3    2    0    0    0    0  
   0    0    1    4    0    0    0    0    5    3    0    0    0    2    0  
   2    0    0    1    0    4    0    0    5    0    0    0    0    3    0  
   0    1    0    0    5    2    3    0    0    0    0    0    0    4    0  
   0    0    5    0    0    4    0    1    0    2    0    3    0    0    0  
   3    0    0    0    0    5    4    0    1    0    0    0    2    0    0  
   3    0    4    0    2    0    1    0    0    0    0    5    0    0    0  
   0    0    2    0    0    0    0    1    0    0    5    0    0    4    3  
   4    0    0    0    3    2    0    0    5    0    0    0    0    1    0  
   3    0    4    0    0    0    0    2    1    5    0    0    0    0    0  
   0    2    3    0    0    0    0    0    0    1    0    4    5    0    0  
   3    0    0    5    0    0    1    0    4    0    2    0    0    0    0  
   2    0    3    0    0    0    0    0    1    5    0    4    0    0    0  
   0    0    0    0    0    0    0    2    4    5    0    1    0    3    0  
   2    0    0    5    0    1    0    0    3    0    0    0    0    0    4  
   0    3    0    0    0    0    1    2    0    4    5    0    0    0    0  
   2    0    0    0    0    0    3    0    0    0    1    5    0    0    4  
   5    3    0    1    0    0    0    0    2    0    0    0    0    4    0  
   0    4    3    0    0    0    5    0    2    0    0    0    1    0    0  
   0    3    0    0    4    0    0    0    0    0    5    1    0    0    2  
   4    0    0    5    0    0    0    1    0    0    2    0    3    0    0  
   0    3    0    0    4    2    0    0    0    1    0    0    0    0    5  
   0    0    0    0    0    1    2    0    3    5    4    0    0    0    0  
   0    5    2    1    0    4    0    0    0    0    0    3    0    0    0  
   3    4    0    0    1    2    0    5    0    0    0    0    0    0    0  
   1    0    0    0    0    0    0    3    2    5    0    0    4    0    0  
   5    0    0    0    0    3    2    0    0    0    1    0    4    0    0  
   0    3    2    4    0    0    1    0    0    0    0    0    5    0    0  
   4    0    0    0    5    1    0    0    0    0    3    0    0    2    0  
   0    3    0    4    0    0    1    0    0    2    5    0    0    0    0  
   5    3    0    2    0    1    4    0    0    0    0    0    0    0    0  
   0    0    3    0    4    0    0    0    2    0    5    1    0    0    0  
   1    5    0    0    0    0    0    3    4    0    0    0    0    2    0  
   0    0    0    5    2    1    3    0    4    0    0    0    0    0    0  
   2    3    0    0    0    1    0    5    4    0    0    0    0    0    0  
   0    2    1    0    5    0    0    0    4    3    0    0    0    0    0  
   0    0    0    2    0    5    0    0    1    0    3    0    0    0    4  
   3    0    1    0    4    5    0    0    0    0    0    0    0    0    2  
   3    0    0    0    0    0    5    0    0    1    0    0    0    4    2  
   0    0    0    5    0    4    0    1    2    3    0    0    0    0    0  
   0    0    0    0    4    0    2    0    5    3    0    0    1    0    0  
   0    1    4    2    0    0    3    5    0    0    0    0    0    0    0  
   2    4    0    0    0    0    0    0    0    3    1    5    0    0    0  
   0    0    0    3    4    0    0    1    5    0    0    0    2    0    0  
   2    0    5    0    4    0    0    0    0    1    3    0    0    0    0  
   2    0    0    1    0    0    0    0    3    0    0    4    5    0    0  
   0    0    0    1    2    0    0    5    0    4    0    0    0    0    3  
   3    0    0    0    1    0    0    4    0    0    0    0    5    2    0  
   1    2    0    0    0    0    0    0    0    5    4    0    0    0    3  
   0    0    0    0    0    0    2    4    0    5    1    0    3    0    0  
   0    5    0    3    0    0    0    0    0    1    4    2    0    0    0  
   0    0    1    0    0    0    3    5    0    4    2    0    0    0    0  
   0    0    0    0    0    1    0    5    4    0    0    2    0    0    3  
   2    0    5    0    0    0    0    0    0    0    4    0    1    3    0  
   0    4    0    0    0    0    0    0    3    2    1    5    0    0    0  
   2    4    0    1    5    0    0    0    0    0    0    0    0    3    0  
   0    0    0    2    0    0    1    3    0    0    0    4    0    0    5  
   0    0    1    0    0    0    0    4    0    0    2    0    0    5    3  
   0    4    0    0    0    5    2    0    1    0    0    3    0    0    0  
   0    0    1    0    3    0    0    4    0    0    0    0    5    2    0  
   0    0    5    0    0    1    0    0    2    4    0    0    0    3    0  
   0    0    3    0    4    0    0    5    0    0    0    0    1    0    2  
   0    0    2    1    4    0    5    0    0    0    0    0    3    0    0  
   0    5    2    0    3    4    0    1    0    0    0    0    0    0    0  
   5    0    0    4    0    0    2    0    0    3    0    0    0    0    1  
   5    0    0    0    0    0    0    0    0    0    3    2    1    4    0  
   0    0    0    1    4    3    0    2    5    0    0    0    0    0    0  
   3    1    0    0    5    0    0    0    0    0    0    2    0    4    0  
   4    0    0    0    3    5    2    0    0    0    0    0    0    0    1  
   0    5    4    2    0    0    0    0    0    0    0    1    0    0    3  
   5    0    4    0    0    0    2    0    0    0    0    0    1    3    0  
   0    0    1    0    0    0    4    2    3    0    5    0    0    0    0  
   0    3    0    0    0    0    0    0    2    0    0    4    5    1    0  
   3    0    1    2    0    0    5    0    0    0    4    0    0    0    0  
   1    0    0    2    0    0    0    0    5    3    0    4    0    0    0  
   0    0    0    0    5    3    4    0    0    0    0    2    0    0    1  
   0    0    0    2    5    0    0    0    0    0    3    1    0    4    0  
   3    1    4    0    0    0    2    0    0    0    0    0    5    0    0  
   3    1    2    0    0    0    5    0    0    0    0    4    0    0    0  
   0    4    0    5    0    0    2    0    0    0    0    0    0    3    1  
   2    0    0    0    4    0    0    0    0    0    0    0    3    1    5  
   0    0    1    4    0    0    0    5    0    0    0    0    2    3    0  
   0    1    0    3    0    0    2    5    0    0    0    0    0    0    4  
   0    5    0    0    0    0    2    4    0    0    1    0    0    0    3  
   3    0    0    0    0    5    0    0    0    1    0    0    4    0    2  
   2    1    0    0    0    0    0    4    0    3    0    0    0    5    0  
   2    0    1    0    0    0    0    5    0    0    3    0    0    0    4  
   0    0    0    0    5    0    0    3    0    0    0    0    2    1    4  
   0    1    0    5    0    0    3    0    0    4    0    0    0    0    2  
   4    0    0    0    0    1    2    3    5    0    0    0    0    0    0  
   1    4    0    0    0    0    2    0    0    0    0    5    0    3    0  
   0    0    2    0    0    0    0    0    5    1    4    0    3    0    0  
   1    0    0    0    0    0    0    5    0    0    0    0    4    2    3  
   3    0    5    0    0    0    0    0    0    0    1    4    2    0    0  
   0    0    0    0    2    1    0    0    0    3    0    4    0    0    5  
   0    0    2    0    4    0    5    0    0    3    0    1    0    0    0  
   0    0    0    5    0    0    3    0    0    0    0    1    0    2    4  
   0    3    0    0    0    0    0    1    0    0    5    0    4    2    0  
   3    1    0    4    0    0    0    0    0    0    0    0    5    2    0  ] 
RESERVATION PRICES : [    0    0    0    0    0    7    0    0    0    7    7    0    7    0    7  
   0   12    0    0    0   14    0   14    0   11   12    0    0    0    0  
   0    0   17   15    0    0    0    0   14   16    0    0    0   15    0  
  16    0    0   16    0   16    0    0   21    0    0    0    0   20    0  
   0   20    0    0   16   20   18    0    0    0    0    0    0   16    0  
   0    0   21    0    0   24    0   26    0   26    0   26    0    0    0  
  24    0    0    0    0   31   27    0   32    0    0    0   24    0    0  
  33    0   29    0   25    0   25    0    0    0    0   32    0    0    0  
   0    0   28    0    0    0    0   31    0    0   31    0    0   33   30  
  37    0    0    0   37   37    0    0   35    0    0    0    0   30    0  
  39    0   42    0    0    0    0   42   40   41    0    0    0    0    0  
   0   49   49    0    0    0    0    0    0   45    0   46   46    0    0  
  42    0    0   42    0    0   52    0   46    0   55    0    0    0    0  
  58    0   47    0    0    0    0    0   57   55    0   44    0    0    0  
   0    0    0    0    0    0    0   57   45   45    0   43    0   47    0  
  56    0    0   47    0   48    0    0   61    0    0    0    0    0   57  
   0   54    0    0    0    0   58   70    0   62   56    0    0    0    0  
  60    0    0    0    0    0   66    0    0    0   67   54    0    0   74  
  72   77    0   56    0    0    0    0   57    0    0    0    0   64    0  
   0   78   66    0    0    0   74    0   72    0    0    0   63    0    0  
   0   66    0    0   79    0    0    0    0    0   67   75    0    0   77  
  81    0    0   73    0    0    0   84    0    0   83    0   72    0    0  
   0   74    0    0   88   91    0    0    0   70    0    0    0    0   72  
   0    0    0    0    0   72   92    0   90   83   74    0    0    0    0  
   0   89   73   79    0   97    0    0    0    0    0   90    0    0    0  
  77   77    0    0   85   72    0   74    0    0    0    0    0    0    0  
  86    0    0    0    0    0    0   95   92   79    0    0   80    0    0  
  97    0    0    0    0   78   83    0    0    0  107    0   84    0    0  
   0   86   96   90    0    0   91    0    0    0    0    0  104    0    0  
 107    0    0    0   97  100    0    0    0    0  111    0    0   86    0  
   0  115    0  122    0    0  110    0    0  113  117    0    0    0    0  
  91  105    0  103    0  109  106    0    0    0    0    0    0    0    0  
   0    0  113    0  107    0    0    0  121    0  123  103    0    0    0  
 119  105    0    0    0    0    0  131  122    0    0    0    0  129    0  
   0    0    0   95  119  128   96    0  105    0    0    0    0    0    0  
 127  134    0    0    0  120    0  112  115    0    0    0    0    0    0  
   0  109  125    0  134    0    0    0  140  114    0    0    0    0    0  
   0    0    0  104    0  137    0    0  123    0  139    0    0    0  103  
 109    0  116    0  111  124    0    0    0    0    0    0    0    0  136  
 122    0    0    0    0    0  148    0    0  146    0    0    0  140  118  
   0    0    0  110    0  138    0  139  139  139    0    0    0    0    0  
   0    0    0    0  125    0  149    0  126  119    0    0  149    0    0  
   0  158  124  118    0    0  127  141    0    0    0    0    0    0    0  
 120  132    0    0    0    0    0    0    0  127  136  142    0    0    0  
   0    0    0  149  131    0    0  147  121    0    0    0  126    0    0  
 129    0  151    0  165    0    0    0    0  139  143    0    0    0    0  
 172    0    0  132    0    0    0    0  125    0    0  134  171    0    0  
   0    0    0  156  150    0    0  137    0  175    0    0    0    0  143  
 133    0    0    0  176    0    0  175    0    0    0    0  145  163    0  
 170  176    0    0    0    0    0    0    0  134  148    0    0    0  169  
   0    0    0    0    0    0  160  146    0  170  138    0  186    0    0  
   0  144    0  169    0    0    0    0    0  171  187  141    0    0    0  
   0    0  154    0    0    0  183  160    0  154  151    0    0    0    0  
   0    0    0    0    0  162    0  178  191    0    0  168    0    0  156  
 170    0  205    0    0    0    0    0    0    0  202    0  156  166    0  
   0  171    0    0    0    0    0    0  188  182  171  207    0    0    0  
 170  161    0  204  193    0    0    0    0    0    0    0    0  197    0  
   0    0    0  195    0    0  202  196    0    0    0  156    0    0  177  
   0    0  176    0    0    0    0  175    0    0  191    0    0  184  177  
   0  177    0    0    0  166  211    0  179    0    0  216    0    0    0  
   0    0  216    0  182    0    0  201    0    0    0    0  204  190    0  
   0    0  191    0    0  200    0    0  194  210    0    0    0  174    0  
   0    0  224    0  191    0    0  185    0    0    0    0  201    0  240  
   0    0  192  224  221    0  231    0    0    0    0    0  187    0    0  
   0  220  209    0  181  215    0  236    0    0    0    0    0    0    0  
 197    0    0  246    0    0  222    0    0  227    0    0    0    0  202  
 199    0    0    0    0    0    0    0    0    0  185  245  224  238    0  
   0    0    0  220  205  224    0  192  222    0    0    0    0    0    0  
 249  257    0    0  235    0    0    0    0    0    0  234    0  228    0  
 195    0    0    0  223  218  204    0    0    0    0    0    0    0  230  
   0  216  226  204    0    0    0    0    0    0    0  209    0    0  251  
 242    0  236    0    0    0  229    0    0    0    0    0  201  240    0  
   0    0  255    0    0    0  253  212  216    0  231    0    0    0    0  
   0  256    0    0    0    0    0    0  214    0    0  211  243  226    0  
 277    0  220  201    0    0  251    0    0    0  232    0    0    0    0  
 215    0    0  225    0    0    0    0  279  224    0  213    0    0    0  
   0    0    0    0  268  250  233    0    0    0    0  274    0    0  210  
   0    0    0  241  285    0    0    0    0    0  242  234    0  261    0  
 257  291  261    0    0    0  210    0    0    0    0    0  259    0    0  
 274  268  278    0    0    0  231    0    0    0    0  295    0    0    0  
   0  240    0  286    0    0  286    0    0    0    0    0    0  300  271  
 301    0    0    0  233    0    0    0    0    0    0    0  263  237  225  
   0    0  258  234    0    0    0  253    0    0    0    0  288  294    0  
   0  279    0  266    0    0  258  260    0    0    0    0    0    0  296  
   0  269    0    0    0    0  228  266    0    0  274    0    0    0  303  
 289    0    0    0    0  241    0    0    0  272    0    0  286    0  302  
 247  254    0    0    0    0    0  237    0  236    0    0    0  257    0  
 274    0  252    0    0    0    0  308    0    0  331    0    0    0  323  
   0    0    0    0  250    0    0  309    0    0    0    0  284  304  286  
   0  275    0  252    0    0  331    0    0  307    0    0    0    0  299  
 324    0    0    0    0  318  316  297  261    0    0    0    0    0    0  
 263  254    0    0    0    0  291    0    0    0    0  347    0  275    0  
   0    0  278    0    0    0    0    0  272  302  292    0  299    0    0  
 332    0    0    0    0    0    0  284    0    0    0    0  330  290  277  
 292    0  276    0    0    0    0    0    0    0  327  336  261    0    0  
   0    0    0    0  345  264    0    0    0  362    0  349    0    0  317  
   0    0  278    0  320    0  320    0    0  361    0  288    0    0    0  
   0    0    0  342    0    0  354    0    0    0    0  308    0  347  277  
   0  280    0    0    0    0    0  314    0    0  289    0  328  330    0  
 369  302    0  282    0    0    0    0    0    0    0    0  354  309    0  ] 
 ] 
