K : 100
I : 10
C : 16
INSTANCE : 4
PREFERENCES : [    0    1    5    4    3    0    2    0    0    0  
   1    0    0    0    5    2    4    0    3    0  
   0    1    0    2    3    0    0    0    4    5  
   5    3    1    2    0    0    0    0    4    0  
   3    0    0    5    2    0    0    1    4    0  
   5    2    0    0    0    1    0    3    4    0  
   5    0    2    3    0    0    0    0    4    1  
   0    5    0    0    4    2    0    3    1    0  
   4    0    0    5    0    2    1    3    0    0  
   2    0    3    0    1    0    4    0    5    0  
   0    0    5    0    3    0    0    4    1    2  
   0    1    0    3    2    4    0    5    0    0  
   0    0    3    1    5    4    0    0    2    0  
   0    1    5    0    0    3    0    0    2    4  
   0    3    5    0    1    2    4    0    0    0  
   4    2    1    0    0    0    5    0    0    3  
   0    0    4    5    2    0    0    3    1    0  
   0    2    0    0    1    4    3    5    0    0  
   0    4    3    0    5    0    0    2    0    1  
   1    4    3    0    0    2    0    0    0    5  
   1    2    0    5    4    3    0    0    0    0  
   5    0    4    3    1    0    2    0    0    0  
   3    5    0    1    2    0    4    0    0    0  
   0    1    0    2    0    3    5    4    0    0  
   0    3    0    2    1    5    0    0    0    4  
   0    5    0    0    0    4    2    3    1    0  
   0    2    0    0    0    0    1    5    4    3  
   3    0    5    0    2    0    0    4    0    1  
   3    0    2    0    0    5    0    1    4    0  
   1    0    2    0    0    5    0    4    3    0  
   3    5    0    0    0    1    0    2    0    4  
   0    0    4    0    0    5    0    2    1    3  
   0    3    4    0    0    2    5    1    0    0  
   4    0    5    2    3    1    0    0    0    0  
   0    0    1    0    0    0    2    5    4    3  
   3    1    0    0    0    0    4    0    2    5  
   4    0    3    0    2    0    1    0    5    0  
   0    0    3    2    0    0    1    4    5    0  
   4    0    5    0    0    2    0    1    3    0  
   1    5    0    0    3    2    0    4    0    0  
   1    0    3    0    0    5    0    0    4    2  
   0    1    5    4    0    0    3    0    2    0  
   1    0    0    0    4    5    3    0    0    2  
   0    0    2    4    0    1    0    0    3    5  
   0    4    0    2    0    0    5    1    0    3  
   0    3    0    5    1    0    4    0    2    0  
   3    0    0    5    0    0    2    4    1    0  
   0    2    0    5    3    4    1    0    0    0  
   0    0    0    4    2    3    0    0    5    1  
   0    4    0    1    3    0    0    5    0    2  
   0    1    2    5    0    0    0    3    0    4  
   0    0    3    5    0    1    2    0    4    0  
   0    0    5    0    0    3    2    1    4    0  
   0    0    3    2    5    0    0    4    0    1  
   1    5    4    0    3    0    0    0    2    0  
   1    0    4    0    3    2    0    5    0    0  
   0    0    5    0    4    3    0    0    2    1  
   3    0    1    2    0    5    0    4    0    0  
   0    1    0    4    3    2    0    5    0    0  
   0    2    0    3    0    5    1    4    0    0  
   0    5    0    0    4    0    1    0    3    2  
   2    0    5    3    0    0    4    0    0    1  
   0    4    0    2    5    0    1    3    0    0  
   4    0    3    0    0    5    2    1    0    0  
   1    0    0    2    3    0    0    5    4    0  
   1    0    4    0    0    0    0    3    5    2  
   0    5    2    3    0    0    0    4    0    1  
   4    0    1    3    5    0    0    0    0    2  
   0    0    0    1    4    0    3    2    5    0  
   5    3    2    0    4    0    0    0    0    1  
   2    0    0    3    0    0    5    0    4    1  
   3    0    0    0    0    4    0    1    5    2  
   2    0    0    0    0    4    3    1    5    0  
   0    5    2    4    3    1    0    0    0    0  
   0    3    2    0    0    0    4    5    0    1  
   2    0    0    0    5    0    0    4    3    1  
   0    5    0    2    0    3    1    4    0    0  
   0    0    3    0    5    0    1    0    4    2  
   0    0    4    0    0    0    5    3    2    1  
   0    3    2    4    0    1    0    0    5    0  
   4    5    1    2    0    0    0    3    0    0  
   0    1    5    0    2    0    0    3    0    4  
   0    0    4    0    1    3    0    0    5    2  
   1    5    4    0    0    0    3    2    0    0  
   5    3    0    0    0    2    0    4    0    1  
   0    0    1    3    0    2    0    5    4    0  
   1    5    3    0    0    0    2    4    0    0  
   1    0    3    0    0    4    0    2    5    0  
   0    4    3    0    5    0    0    0    1    2  
   0    0    3    4    0    5    1    0    2    0  
   1    0    3    4    0    5    0    0    2    0  
   0    4    0    2    0    0    5    0    3    1  
   0    4    3    1    2    0    0    0    0    5  
   0    4    3    1    0    0    0    0    5    2  
   4    0    0    5    1    0    0    0    2    3  
   5    1    0    0    4    0    0    0    2    3  
   5    0    0    0    0    0    3    1    4    2  
   0    1    5    4    0    0    0    2    3    0  
   3    0    4    0    5    2    0    0    0    1  
   0    4    2    5    0    3    0    1    0    0  ] 
RESERVATION PRICES : [    0   10    8   10    9    0    9    0    0    0  
  10    0    0    0   10    9    9    0    9    0  
   0   11    0   10    9    0    0    0   10    9  
  13   13   12   14    0    0    0    0   13    0  
  21    0    0   19   22    0    0   23   21    0  
  23   22    0    0    0   24    0   21   22    0  
  24    0   23   24    0    0    0    0   19   20  
   0   26    0    0   29   28    0   29   30    0  
  30    0    0   31    0   34   29   25    0    0  
  30    0   32    0   27    0   32    0   29    0  
   0    0   34    0   33    0    0   31   31   37  
   0   37    0   36   43   36    0   35    0    0  
   0    0   35   43   37   42    0    0   35    0  
   0   43   45    0    0   46    0    0   54   47  
   0   59   51    0   48   44   52    0    0    0  
  47   45   52    0    0    0   56    0    0   49  
   0    0   56   58   55    0    0   47   60    0  
   0   50    0    0   58   53   66   65    0    0  
   0   59   73    0   63    0    0   72    0   72  
  74   60   68    0    0   64    0    0    0   72  
  76   65    0   72   67   65    0    0    0    0  
  67    0   68   80   78    0   66    0    0    0  
  70   83    0   69   75    0   70    0    0    0  
   0   73    0   64    0   69   64   80    0    0  
   0   84    0   89   68   77    0    0    0   75  
   0   70    0    0    0   68   83   83   85    0  
   0   75    0    0    0    0   85   88   74   75  
  86    0   83    0   99    0    0   83    0  100  
  82    0   99    0    0   87    0  102   92    0  
 111    0   92    0    0   99    0  106  107    0  
  97  105    0    0    0  116    0  115    0   84  
   0    0  113    0    0  105    0  103  116  102  
   0   99  109    0    0  105   96  104    0    0  
  96    0  120  111  101  114    0    0    0    0  
   0    0  104    0    0    0  109  135  100  101  
 112  137    0    0    0    0  106    0  127  113  
 105    0  105    0  122    0  129    0  108    0  
   0    0  111  124    0    0  141  106  120    0  
 137    0  120    0    0  126    0  112  137    0  
 125  119    0    0  117  120    0  156    0    0  
 118    0  129    0    0  147    0    0  130  161  
   0  148  153  137    0    0  152    0  141    0  
 130    0    0    0  120  119  151    0    0  157  
   0    0  130  135    0  126    0    0  132  155  
   0  166    0  132    0    0  155  147    0  170  
   0  158    0  143  147    0  175    0  155    0  
 134    0    0  166    0    0  145  155  175    0  
   0  177    0  145  140  177  167    0    0    0  
   0    0    0  166  184  168    0    0  160  168  
   0  144    0  152  182    0    0  188    0  190  
   0  174  156  179    0    0    0  180    0  189  
   0    0  159  180    0  150  147    0  183    0  
   0    0  177    0    0  176  177  155  150    0  
   0    0  161  207  196    0    0  160    0  207  
 164  203  174    0  170    0    0    0  173    0  
 207    0  213    0  201  205    0  154    0    0  
   0    0  163    0  180  163    0    0  205  181  
 170    0  184  174    0  213    0  177    0    0  
   0  196    0  218  176  209    0  205    0    0  
   0  182    0  198    0  203  207  225    0    0  
   0  185    0    0  169    0  185    0  215  217  
 169    0  189  216    0    0  184    0    0  225  
   0  174    0  176  208    0  186  180    0    0  
 185    0  201    0    0  245  192  189    0    0  
 203    0    0  242  181    0    0  209  234    0  
 215    0  203    0    0    0    0  251  182  214  
   0  222  244  187    0    0    0  223    0  193  
 237    0  212  185  215    0    0    0    0  209  
   0    0    0  237  250    0  211  232  255    0  
 230  210  193    0  247    0    0    0    0  195  
 226    0    0  239    0    0  264    0  250  190  
 248    0    0    0    0  210    0  263  205  210  
 197    0    0    0    0  247  259  259  205    0  
   0  246  234  212  253  204    0    0    0    0  
   0  218  250    0    0    0  261  256    0  216  
 231    0    0    0  251    0    0  252  272  219  
   0  254    0  254    0  233  251  276    0    0  
   0    0  242    0  211    0  294    0  256  280  
   0    0  225    0    0    0  232  267  231  286  
   0  234  219  231    0  263    0    0  217    0  
 274  239  250  295    0    0    0  276    0    0  
   0  253  240    0  256    0    0  221    0  295  
   0    0  266    0  237  302    0    0  296  282  
 246  275  251    0    0    0  267  299    0    0  
 254  300    0    0    0  268    0  269    0  281  
   0    0  296  311    0  242    0  239  238    0  
 298  325  315    0    0    0  242  296    0    0  
 292    0  269    0    0  300    0  267  297    0  
   0  275  280    0  316    0    0    0  244  329  
   0    0  254  284    0  309  283    0  337    0  
 263    0  262  252    0  337    0    0  316    0  
   0  253    0  291    0    0  332    0  292  313  
   0  292  340  342  347    0    0    0    0  331  
   0  275  274  258    0    0    0    0  266  320  
 327    0    0  285  282    0    0    0  341  329  
 323  325    0    0  336    0    0    0  295  338  
 338    0    0    0    0    0  281  308  310  287  
   0  369  282  343    0    0    0  351  349    0  
 370    0  322    0  369  316    0    0    0  286  
   0  335  301  297    0  365    0  371    0    0  ] 
 ] 
