K : 150
I : 5
C : 24
INSTANCE : 5
PREFERENCES : [    2    0    3    0    1  
   0    0    3    1    2  
   3    2    1    0    0  
   3    2    1    0    0  
   1    0    3    0    2  
   1    0    2    0    3  
   3    1    0    0    2  
   1    3    0    2    0  
   3    0    1    0    2  
   0    2    1    0    3  
   0    1    0    3    2  
   0    3    2    0    1  
   0    2    3    1    0  
   0    0    3    1    2  
   0    2    3    1    0  
   0    1    2    3    0  
   0    2    1    0    3  
   0    3    0    2    1  
   0    3    2    1    0  
   0    2    1    0    3  
   1    3    2    0    0  
   0    0    3    1    2  
   2    0    1    3    0  
   1    0    3    0    2  
   3    2    0    0    1  
   3    0    0    1    2  
   2    1    0    0    3  
   1    0    0    2    3  
   0    0    1    3    2  
   1    2    0    3    0  
   0    1    2    0    3  
   0    3    0    2    1  
   0    0    2    3    1  
   1    2    3    0    0  
   0    0    2    3    1  
   0    3    2    1    0  
   0    3    1    2    0  
   3    0    1    0    2  
   1    0    2    3    0  
   0    2    0    1    3  
   0    2    0    1    3  
   0    1    3    2    0  
   3    1    0    2    0  
   0    2    0    3    1  
   3    0    1    0    2  
   0    0    1    2    3  
   2    0    3    0    1  
   1    2    0    0    3  
   0    3    2    1    0  
   2    0    1    0    3  
   1    0    3    0    2  
   3    0    2    0    1  
   3    2    0    0    1  
   1    0    3    0    2  
   3    0    1    0    2  
   0    2    0    1    3  
   0    0    2    1    3  
   3    1    2    0    0  
   2    0    1    3    0  
   0    1    3    0    2  
   0    3    1    0    2  
   1    0    2    3    0  
   0    1    2    0    3  
   0    2    3    1    0  
   0    2    1    0    3  
   2    0    0    1    3  
   2    0    0    1    3  
   2    0    0    3    1  
   0    2    1    3    0  
   2    0    0    1    3  
   0    1    0    3    2  
   0    2    3    1    0  
   1    0    0    2    3  
   0    1    0    3    2  
   0    3    1    2    0  
   2    0    0    1    3  
   0    3    1    0    2  
   3    2    0    0    1  
   1    0    2    3    0  
   0    3    0    2    1  
   0    3    0    1    2  
   1    3    0    0    2  
   3    0    2    0    1  
   0    2    0    1    3  
   0    1    2    0    3  
   3    2    1    0    0  
   2    0    3    0    1  
   2    0    0    1    3  
   2    0    0    3    1  
   3    0    0    1    2  
   0    3    2    0    1  
   3    0    0    2    1  
   0    2    3    0    1  
   2    1    3    0    0  
   3    2    1    0    0  
   1    2    3    0    0  
   3    0    0    2    1  
   2    0    0    3    1  
   2    0    0    1    3  
   3    1    0    0    2  
   0    2    0    3    1  
   3    1    2    0    0  
   0    0    1    2    3  
   3    1    2    0    0  
   2    0    0    1    3  
   1    0    3    0    2  
   0    3    1    2    0  
   1    0    3    0    2  
   2    0    0    1    3  
   3    2    0    0    1  
   2    0    3    0    1  
   3    2    0    0    1  
   0    2    0    1    3  
   1    0    0    2    3  
   0    0    2    1    3  
   0    0    1    2    3  
   3    1    0    2    0  
   2    0    3    1    0  
   0    2    3    0    1  
   2    0    0    3    1  
   1    2    3    0    0  
   2    1    3    0    0  
   0    1    0    2    3  
   2    1    0    3    0  
   3    0    0    2    1  
   0    0    3    2    1  
   0    3    2    0    1  
   0    1    2    0    3  
   3    2    1    0    0  
   3    1    2    0    0  
   0    1    3    2    0  
   0    3    2    0    1  
   0    0    1    2    3  
   1    0    0    2    3  
   0    0    2    1    3  
   1    2    0    3    0  
   0    3    0    1    2  
   3    1    0    2    0  
   3    0    0    1    2  
   0    1    2    0    3  
   0    3    0    2    1  
   1    0    3    2    0  
   0    3    2    1    0  
   2    0    0    1    3  
   2    0    3    1    0  
   2    0    3    0    1  
   0    0    2    3    1  
   3    2    0    1    0  
   0    0    1    2    3  
   0    0    2    1    3  ] 
RESERVATION PRICES : [    9    0    8    0   10  
   0    0   11   11    9  
  18   17   18    0    0  
  22   23   21    0    0  
  18    0   23    0   21  
  20    0   17    0   23  
  25   23    0    0   27  
  29   31    0   31    0  
  29    0   36    0   28  
   0   41   40    0   35  
   0   33    0   38   42  
   0   46   42    0   42  
   0   41   43   50    0  
   0    0   47   50   58  
   0   63   58   55    0  
   0   58   52   59    0  
   0   63   65    0   51  
   0   74    0   75   73  
   0   64   66   64    0  
   0   69   66    0   79  
  69   80   67    0    0  
   0    0   89   67   73  
  75    0   69   90    0  
  94    0   70    0   84  
  89  103    0    0   99  
  99    0    0   85   88  
  97   98    0    0  110  
  88    0    0  101   95  
   0    0  116  106  110  
  96  112    0   98    0  
   0  126  127    0  123  
   0  117    0   95  103  
   0    0  123   97  127  
 127  122  137    0    0  
   0    0  117  131  139  
   0  121  146  137    0  
   0  121  123  146    0  
 136    0  140    0  139  
 118    0  118  146    0  
   0  115    0  151  132  
   0  152    0  128  159  
   0  137  130  162    0  
 169  139    0  170    0  
   0  132    0  133  136  
 136    0  177    0  159  
   0    0  178  164  149  
 176    0  164    0  176  
 170  152    0    0  156  
   0  171  168  153    0  
 148    0  169    0  154  
 155    0  145    0  165  
 167    0  144    0  183  
 152  163    0    0  164  
 156    0  207    0  204  
 158    0  176    0  201  
   0  184    0  172  152  
   0    0  169  175  162  
 201  172  192    0    0  
 225    0  216  170    0  
   0  233  199    0  172  
   0  191  218    0  175  
 215    0  229  197    0  
   0  179  236    0  187  
   0  219  237  210    0  
   0  229  181    0  239  
 195    0    0  187  189  
 193    0    0  199  217  
 217    0    0  263  215  
   0  222  220  260    0  
 272    0    0  202  270  
   0  241    0  216  221  
   0  199  227  247    0  
 259    0    0  236  206  
   0  270    0  282  256  
   0  254  250  285    0  
 244    0    0  274  279  
   0  268  275    0  280  
 260  238    0    0  219  
 268    0  235  291    0  
   0  290    0  301  297  
   0  224    0  306  306  
 230  293    0    0  254  
 307    0  241    0  314  
   0  276    0  305  248  
   0  311  329    0  247  
 265  242  275    0    0  
 315    0  251    0  251  
 317    0    0  295  256  
 334    0    0  299  269  
 302    0    0  278  278  
   0  294  307    0  300  
 352    0    0  329  258  
   0  326  334    0  299  
 283  267  264    0    0  
 325  363  289    0    0  
 291  332  359    0    0  
 362    0    0  327  294  
 348    0    0  334  315  
 297    0    0  275  357  
 327  353    0    0  294  
   0  363    0  278  298  
 302  294  387    0    0  
   0    0  310  286  380  
 312  308  361    0    0  
 302    0    0  334  379  
 312    0  397    0  362  
   0  358  393  306    0  
 396    0  300    0  357  
 398    0    0  369  325  
 303  345    0    0  352  
 360    0  329    0  389  
 349  320    0    0  343  
   0  402    0  385  316  
 383    0    0  394  378  
   0    0  335  317  388  
   0    0  419  337  334  
 339  433    0  433    0  
 364    0  346  442    0  
   0  428  447    0  441  
 433    0    0  345  390  
 367  402  448    0    0  
 351  385  358    0    0  
   0  395    0  439  421  
 350  422    0  335    0  
 458    0    0  428  396  
   0    0  400  378  381  
   0  461  411    0  449  
   0  381  423    0  467  
 436  401  381    0    0  
 424  383  369    0    0  
   0  393  425  408    0  
   0  464  462    0  366  
   0    0  397  449  357  
 411    0    0  398  406  
   0    0  382  367  464  
 394  407    0  467    0  
   0  446    0  472  388  
 463  401    0  481    0  
 500    0    0  470  466  
   0  512  415    0  399  
   0  488    0  454  401  
 453    0  520  526    0  
   0  456  527  450    0  
 405    0    0  446  407  
 517    0  538  534    0  
 511    0  468    0  447  
   0    0  546  456  500  
 441  455    0  493    0  
   0    0  553  530  412  
   0    0  473  513  436  ] 
 ] 
