K : 150
I : 15
C : 30
INSTANCE : 5
PREFERENCES : [    4    0    0    3    0    0    0    0    0    0    0    2    5    1    0  
   0    4    0    1    0    0    0    0    0    5    3    0    0    0    2  
   0    3    2    0    5    0    4    0    0    0    0    0    0    0    1  
   5    0    1    0    0    2    0    0    0    0    0    0    3    4    0  
   0    0    5    0    0    4    0    0    0    0    3    0    0    2    1  
   0    0    0    0    3    2    0    4    1    0    5    0    0    0    0  
   4    1    0    0    0    0    2    0    0    0    3    0    5    0    0  
   0    0    0    0    1    2    0    5    0    3    0    0    4    0    0  
   0    5    0    0    0    2    1    4    0    0    0    0    0    3    0  
   0    0    0    0    1    0    0    0    0    2    4    5    0    0    3  
   5    2    0    1    3    0    0    0    0    4    0    0    0    0    0  
   0    0    0    0    1    0    0    3    4    0    2    0    5    0    0  
   0    2    5    0    3    1    0    0    0    0    0    0    4    0    0  
   0    0    0    0    0    0    4    0    0    0    0    1    2    3    5  
   4    0    0    5    2    0    3    0    0    0    0    1    0    0    0  
   0    0    0    2    0    3    0    0    0    4    0    0    1    5    0  
   0    0    1    0    0    0    2    0    0    0    5    3    4    0    0  
   2    0    0    0    0    0    5    0    0    4    0    1    0    0    3  
   0    0    2    0    5    0    0    4    0    0    0    0    1    0    3  
   0    5    0    1    0    0    0    0    0    4    0    3    2    0    0  
   0    3    4    0    0    2    1    5    0    0    0    0    0    0    0  
   2    3    0    0    0    0    0    0    1    0    5    4    0    0    0  
   0    0    0    3    0    0    0    0    2    0    5    1    0    4    0  
   3    0    0    0    0    0    0    0    4    5    2    0    0    1    0  
   3    2    0    0    0    4    1    0    0    0    0    0    0    5    0  
   0    2    0    5    0    0    0    0    4    0    0    1    3    0    0  
   0    0    5    0    0    0    0    0    4    1    0    0    3    0    2  
   3    0    0    4    0    0    5    1    2    0    0    0    0    0    0  
   0    2    0    0    0    0    0    5    1    4    0    0    0    3    0  
   0    0    2    4    0    0    0    0    0    0    3    1    0    5    0  
   1    0    0    0    0    0    0    3    0    5    0    4    0    2    0  
   0    1    0    0    5    0    0    3    4    0    0    0    0    2    0  
   0    0    0    0    0    0    5    0    0    4    3    0    0    2    1  
   0    2    3    0    0    1    0    0    0    0    5    0    0    0    4  
   2    0    0    0    0    0    0    0    0    0    0    3    1    4    5  
   4    0    3    0    0    0    0    0    1    0    0    0    5    2    0  
   0    0    0    0    0    0    0    4    3    5    0    2    1    0    0  
   0    2    0    4    3    0    0    1    0    0    0    0    0    5    0  
   0    0    1    0    0    0    0    2    0    0    0    5    3    0    4  
   4    0    0    0    0    0    0    2    0    1    5    0    0    3    0  
   0    0    5    0    4    0    1    2    0    0    0    0    3    0    0  
   0    0    5    0    0    0    4    1    0    0    0    3    0    2    0  
   0    0    0    5    0    4    0    0    0    3    0    1    0    0    2  
   2    0    0    5    0    1    0    0    4    0    0    0    3    0    0  
   0    0    0    0    5    0    1    0    4    0    0    0    3    0    2  
   0    0    5    0    0    0    1    0    2    0    4    0    0    0    3  
   0    5    0    0    1    2    3    0    0    0    0    0    0    0    4  
   0    0    0    0    0    5    4    0    0    0    0    2    3    0    1  
   0    2    4    3    0    0    0    0    5    0    1    0    0    0    0  
   0    0    0    5    0    0    2    0    1    0    4    0    3    0    0  
   0    0    1    0    5    0    0    3    0    0    2    0    4    0    0  
   0    0    0    5    0    4    2    0    0    3    0    1    0    0    0  
   0    0    0    1    0    5    4    0    3    0    0    0    2    0    0  
   4    1    0    0    0    0    0    5    3    2    0    0    0    0    0  
   0    3    2    5    0    4    1    0    0    0    0    0    0    0    0  
   0    0    0    4    0    0    0    3    0    0    0    5    0    1    2  
   0    0    3    0    0    1    0    0    5    4    0    0    2    0    0  
   3    0    4    0    2    0    0    0    0    0    1    0    0    0    5  
   0    1    0    0    2    5    0    0    4    0    3    0    0    0    0  
   0    4    0    0    5    0    0    0    0    1    0    2    0    3    0  
   0    0    2    0    0    0    0    0    0    3    0    0    4    5    1  
   0    4    0    0    0    1    0    0    3    2    0    5    0    0    0  
   0    5    2    4    3    0    0    0    0    0    0    0    0    1    0  
   0    0    0    0    0    0    0    1    0    3    2    5    0    4    0  
   0    0    4    0    0    3    0    0    0    5    0    2    0    1    0  
   0    4    0    5    1    0    0    2    0    0    3    0    0    0    0  
   0    0    4    0    0    0    0    0    1    0    3    0    2    5    0  
   5    0    0    0    0    0    0    3    0    2    0    0    4    0    1  
   1    0    0    0    5    4    3    0    0    0    0    0    0    2    0  
   2    3    0    0    0    5    0    4    0    1    0    0    0    0    0  
   3    5    0    1    0    0    0    0    0    0    0    0    0    4    2  
   3    4    0    2    0    0    0    5    0    0    0    0    0    1    0  
   0    0    1    0    5    3    0    2    0    0    0    4    0    0    0  
   0    1    0    0    2    3    0    5    0    0    0    0    0    4    0  
   0    0    0    0    0    4    0    0    0    3    0    0    2    5    1  
   5    0    0    0    0    0    0    0    1    4    0    0    0    2    3  
   5    3    0    0    0    1    0    0    0    0    0    0    4    0    2  
   5    0    0    3    0    2    0    4    0    0    0    0    0    0    1  
   0    0    0    4    5    2    0    0    0    3    0    1    0    0    0  
   0    0    0    0    0    1    0    0    0    5    3    0    2    4    0  
   0    0    0    0    2    0    4    0    1    5    0    0    0    3    0  
   2    0    4    5    1    3    0    0    0    0    0    0    0    0    0  
   0    0    0    0    4    1    0    0    2    0    5    3    0    0    0  
   0    4    0    0    0    0    5    0    0    0    1    2    0    3    0  
   0    0    0    1    0    5    3    2    4    0    0    0    0    0    0  
   0    0    0    1    0    0    0    5    0    2    0    0    4    0    3  
   4    0    3    2    5    1    0    0    0    0    0    0    0    0    0  
   0    0    0    0    0    0    5    0    0    0    0    1    3    4    2  
   0    0    2    0    5    0    0    0    1    0    0    4    0    3    0  
   1    0    0    0    0    0    0    0    0    0    5    0    2    3    4  
   4    3    0    0    2    0    0    0    0    5    0    1    0    0    0  
   4    2    5    0    0    0    0    0    1    0    0    0    0    0    3  
   0    0    0    0    4    5    0    0    0    0    0    3    1    0    2  
   1    0    0    0    4    0    5    0    0    0    0    3    0    0    2  
   0    0    3    0    0    4    0    5    0    2    0    0    0    0    1  
   0    0    0    0    2    0    4    5    0    0    3    0    1    0    0  
   4    0    0    0    0    0    0    2    0    0    3    0    5    1    0  
   0    0    0    0    3    4    1    0    5    0    0    0    2    0    0  
   1    0    0    0    2    4    0    0    5    0    0    0    0    3    0  
   3    0    0    0    0    4    2    0    0    5    0    0    0    0    1  
   0    3    0    0    2    0    1    0    0    0    0    0    0    4    5  
   0    0    0    4    1    0    0    0    5    0    0    2    3    0    0  
   0    0    0    5    0    0    0    0    2    4    0    0    3    1    0  
   0    0    5    0    0    0    0    0    0    0    1    4    0    2    3  
   2    5    0    0    0    0    0    4    0    0    0    1    0    3    0  
   0    0    0    0    3    0    1    4    0    0    5    2    0    0    0  
   0    0    0    3    0    0    0    1    0    0    0    2    5    0    4  
   0    0    1    3    4    0    0    2    0    0    0    0    0    5    0  
   0    2    1    0    0    0    0    5    4    0    0    0    0    0    3  
   0    0    3    5    1    0    0    0    0    0    0    4    0    0    2  
   5    4    0    1    0    0    0    0    2    0    0    0    0    0    3  
   0    2    1    0    0    3    0    0    5    4    0    0    0    0    0  
   0    0    0    0    2    3    0    0    1    0    0    4    0    0    5  
   0    0    0    0    0    0    2    0    5    3    1    0    0    4    0  
   5    0    0    3    0    0    0    0    0    1    0    4    2    0    0  
   0    0    0    0    4    0    0    0    1    3    0    0    0    5    2  
   0    0    0    2    1    0    4    5    0    0    0    0    0    0    3  
   0    0    2    0    0    0    3    5    1    0    0    4    0    0    0  
   0    0    0    3    5    0    1    0    0    2    0    0    0    0    4  
   0    0    0    0    0    3    0    0    4    0    5    2    0    0    1  
   1    0    0    0    0    0    0    0    2    0    4    5    3    0    0  
   4    1    0    0    0    0    0    3    0    0    0    2    0    5    0  
   0    1    5    2    0    0    0    0    0    0    3    0    0    4    0  
   0    3    0    0    0    0    4    2    0    0    1    5    0    0    0  
   0    1    0    0    5    4    0    0    0    2    0    3    0    0    0  
   1    0    0    5    0    0    0    0    0    3    4    0    0    2    0  
   4    0    0    0    0    0    0    0    0    5    0    2    3    0    1  
   2    0    0    0    0    0    0    0    0    4    3    5    1    0    0  
   0    3    5    2    0    0    0    0    0    0    1    0    0    4    0  
   0    2    1    3    4    0    0    0    0    0    5    0    0    0    0  
   0    0    0    5    0    1    2    0    0    0    4    0    0    0    3  
   2    1    4    0    0    0    0    3    0    0    0    5    0    0    0  
   0    2    5    0    0    0    4    0    3    0    0    1    0    0    0  
   0    0    0    0    0    1    0    0    0    5    4    3    2    0    0  
   4    3    2    0    0    1    0    0    5    0    0    0    0    0    0  
   0    0    3    0    0    0    0    0    5    2    4    0    0    0    1  
   0    0    4    5    0    3    2    0    0    1    0    0    0    0    0  
   0    0    0    0    1    0    2    3    4    0    0    5    0    0    0  
   0    3    0    5    1    0    0    2    0    0    0    0    0    4    0  
   4    5    0    0    3    0    0    0    0    0    1    0    0    2    0  
   0    3    0    1    0    0    5    2    0    0    0    0    0    4    0  
   0    1    0    3    0    0    0    5    4    0    2    0    0    0    0  
   3    0    0    0    0    0    1    0    4    2    0    0    0    5    0  
   4    0    0    0    0    2    1    3    0    0    0    0    0    0    5  
   1    0    0    0    2    0    0    0    5    0    0    3    4    0    0  
   0    0    3    4    2    0    0    5    1    0    0    0    0    0    0  
   0    0    0    0    2    4    5    0    3    0    0    1    0    0    0  
   5    0    0    1    4    0    0    0    0    0    2    3    0    0    0  
   2    0    1    0    0    5    0    0    3    0    0    0    4    0    0  
   4    0    0    0    1    2    0    0    0    3    0    5    0    0    0  ] 
RESERVATION PRICES : [   10    0    0   10    0    0    0    0    0    0    0    8   10    9    0  
   0   12    0    9    0    0    0    0    0   12   12    0    0    0   11  
   0   13   14    0   15    0   16    0    0    0    0    0    0    0   14  
  20    0   19    0    0   17    0    0    0    0    0    0   18   17    0  
   0    0   24    0    0   26    0    0    0    0   27    0    0   22   28  
   0    0    0    0   29   26    0   25   28    0   25    0    0    0    0  
  26   29    0    0    0    0   26    0    0    0   32    0   28    0    0  
   0    0    0    0   33   28    0   28    0   32    0    0   28    0    0  
   0   39    0    0    0   38   29   35    0    0    0    0    0   34    0  
   0    0    0    0   36    0    0    0    0   30   33   30    0    0   32  
  30   34    0   37   29    0    0    0    0   30    0    0    0    0    0  
   0    0    0    0   42    0    0   33   38    0   40    0   41    0    0  
   0   43   46    0   51   49    0    0    0    0    0    0   50    0    0  
   0    0    0    0    0    0   45    0    0    0    0   45   48   53   54  
  47    0    0   46   47    0   53    0    0    0    0   55    0    0    0  
   0    0    0   59    0   49    0    0    0   56    0    0   56   64    0  
   0    0   63    0    0    0   60    0    0    0   64   69   66    0    0  
  74    0    0    0    0    0   69    0    0   73    0   60    0    0   54  
   0    0   67    0   73    0    0   56    0    0    0    0   66    0   65  
   0   66    0   74    0    0    0    0    0   63    0   76   63    0    0  
   0   83   76    0    0   83   78   71    0    0    0    0    0    0    0  
  70   66    0    0    0    0    0    0   77    0   71   83    0    0    0  
   0    0    0   78    0    0    0    0   81    0   75   71    0   70    0  
  93    0    0    0    0    0    0    0   74   80   74    0    0   77    0  
  89   99    0    0    0   83   90    0    0    0    0    0    0   92    0  
   0   90    0   92    0    0    0    0   86    0    0  101   99    0    0  
   0    0  105    0    0    0    0    0   99   86    0    0   97    0   93  
  90    0    0   83    0    0   84   90   96    0    0    0    0    0    0  
   0  107    0    0    0    0    0  116   95  110    0    0    0  112    0  
   0    0  110   93    0    0    0    0    0    0  116  117    0  100    0  
 117    0    0    0    0    0    0   91    0   91    0  102    0  105    0  
   0   99    0    0   98    0    0  121   90    0    0    0    0  112    0  
   0    0    0    0    0    0  107    0    0   90  122    0    0  109  123  
   0  121   91    0    0   94    0    0    0    0  114    0    0    0   92  
 100    0    0    0    0    0    0    0    0    0    0  121  121  102  106  
 119    0   98    0    0    0    0    0  115    0    0    0  106  120    0  
   0    0    0    0    0    0    0  119  121  108    0  106  119    0    0  
   0   99    0  106  105    0    0  112    0    0    0    0    0  110    0  
   0    0  133    0    0    0    0  108    0    0    0  132  101    0  135  
 144    0    0    0    0    0    0  104    0  117  116    0    0  113    0  
   0    0  139    0  114    0  147  114    0    0    0    0  134    0    0  
   0    0  120    0    0    0  122  114    0    0    0  121    0  146    0  
   0    0    0  155    0  151    0    0    0  120    0  117    0    0  120  
 143    0    0  131    0  135    0    0  153    0    0    0  122    0    0  
   0    0    0    0  160    0  143    0  141    0    0    0  134    0  141  
   0    0  134    0    0    0  144    0  123    0  163    0    0    0  160  
   0  173    0    0  171  146  171    0    0    0    0    0    0    0  139  
   0    0    0    0    0  133  141    0    0    0    0  163  153    0  146  
   0  141  161  150    0    0    0    0  163    0  143    0    0    0    0  
   0    0    0  148    0    0  152    0  155    0  149    0  184    0    0  
   0    0  149    0  162    0    0  148    0    0  160    0  177    0    0  
   0    0    0  157    0  168  146    0    0  150    0  173    0    0    0  
   0    0    0  178    0  155  177    0  193    0    0    0  171    0    0  
 152  147    0    0    0    0    0  185  197  201    0    0    0    0    0  
   0  164  160  157    0  163  180    0    0    0    0    0    0    0    0  
   0    0    0  186    0    0    0  170    0    0    0  177    0  204  201  
   0    0  209    0    0  203    0    0  207  170    0    0  200    0    0  
 196    0  199    0  210    0    0    0    0    0  189    0    0    0  176  
   0  165    0    0  214  165    0    0  203    0  207    0    0    0    0  
   0  195    0    0  190    0    0    0    0  184    0  167    0  228    0  
   0    0  223    0    0    0    0    0    0  205    0    0  172  227  204  
   0  191    0    0    0  225    0    0  202  221    0  213    0    0    0  
   0  189  192  212  194    0    0    0    0    0    0    0    0  202    0  
   0    0    0    0    0    0    0  173    0  224  219  227    0  235    0  
   0    0  239    0    0  209    0    0    0  180    0  178    0  240    0  
   0  177    0  182  220    0    0  205    0    0  179    0    0    0    0  
   0    0  205    0    0    0    0    0  212    0  237    0  194  245    0  
 246    0    0    0    0    0    0  186    0  249    0    0  195    0  244  
 217    0    0    0  210  251  219    0    0    0    0    0    0  222    0  
 221  240    0    0    0  240    0  230    0  217    0    0    0    0    0  
 215  196    0  222    0    0    0    0    0    0    0    0    0  244  251  
 210  248    0  194    0    0    0  192    0    0    0    0    0  259    0  
   0    0  266    0  250  209    0  268    0    0    0  255    0    0    0  
   0  225    0    0  204  205    0  247    0    0    0    0    0  201    0  
   0    0    0    0    0  248    0    0    0  197    0    0  219  213  272  
 244    0    0    0    0    0    0    0  254  269    0    0    0  221  200  
 231  205    0    0    0  211    0    0    0    0    0    0  258    0  231  
 245    0    0  261    0  219    0  245    0    0    0    0    0    0  213  
   0    0    0  248  232  255    0    0    0  274    0  245    0    0    0  
   0    0    0    0    0  274    0    0    0  283  281    0  224  273    0  
   0    0    0    0  224    0  280    0  214  278    0    0    0  286    0  
 217    0  301  300  259  226    0    0    0    0    0    0    0    0    0  
   0    0    0    0  264  278    0    0  241    0  237  234    0    0    0  
   0  242    0    0    0    0  278    0    0    0  253  288    0  308    0  
   0    0    0  277    0  288  292  296  290    0    0    0    0    0    0  
   0    0    0  285    0    0    0  230    0  292    0    0  263    0  242  
 300    0  311  275  315  247    0    0    0    0    0    0    0    0    0  
   0    0    0    0    0    0  252    0    0    0    0  311  278  304  288  
   0    0  314    0  279    0    0    0  279    0    0  309    0  260    0  
 277    0    0    0    0    0    0    0    0    0  239    0  246  321  317  
 329  310    0    0  271    0    0    0    0  331    0  244    0    0    0  
 316  327  274    0    0    0    0    0  341    0    0    0    0    0  340  
   0    0    0    0  253  251    0    0    0    0    0  327  260    0  282  
 286    0    0    0  313    0  305    0    0    0    0  337    0    0  335  
   0    0  334    0    0  282    0  339    0  350    0    0    0    0  330  
   0    0    0    0  276    0  343  302    0    0  345    0  343    0    0  
 259    0    0    0    0    0    0  265    0    0  335    0  271  301    0  
   0    0    0    0  297  262  327    0  273    0    0    0  311    0    0  
 294    0    0    0  297  301    0    0  305    0    0    0    0  365    0  
 294    0    0    0    0  362  287    0    0  319    0    0    0    0  355  
   0  348    0    0  328    0  366    0    0    0    0    0    0  358  285  
   0    0    0  274  364    0    0    0  348    0    0  281  340    0    0  
   0    0    0  302    0    0    0    0  331  307    0    0  342  354    0  
   0    0  284    0    0    0    0    0    0    0  326  334    0  311  331  
 371  392    0    0    0    0    0  330    0    0    0  338    0  370    0  
   0    0    0    0  392    0  342  336    0    0  389  325    0    0    0  
   0    0    0  352    0    0    0  341    0    0    0  361  372    0  344  
   0    0  347  326  376    0    0  314    0    0    0    0    0  408    0  
   0  360  343    0    0    0    0  298  383    0    0    0    0    0  332  
   0    0  321  351  384    0    0    0    0    0    0  367    0    0  345  
 376  372    0  417    0    0    0    0  395    0    0    0    0    0  304  
   0  400  413    0    0  351    0    0  316  385    0    0    0    0    0  
   0    0    0    0  377  341    0    0  399    0    0  332    0    0  349  
   0    0    0    0    0    0  318    0  367  314  318    0    0  315    0  
 387    0    0  332    0    0    0    0    0  430    0  357  426    0    0  
   0    0    0    0  346    0    0    0  315  322    0    0    0  433  366  
   0    0    0  387  328    0  355  337    0    0    0    0    0    0  345  
   0    0  418    0    0    0  401  353  430    0    0  433    0    0    0  
   0    0    0  323  350    0  359    0    0  347    0    0    0    0  342  
   0    0    0    0    0  429    0    0  340    0  395  362    0    0  397  
 365    0    0    0    0    0    0    0  356    0  349  432  424    0    0  
 372  405    0    0    0    0    0  328    0    0    0  353    0  361    0  
   0  338  336  377    0    0    0    0    0    0  440    0    0  383    0  
   0  404    0    0    0    0  344  453    0    0  344  445    0    0    0  
   0  345    0    0  417  375    0    0    0  410    0  469    0    0    0  
 412    0    0  439    0    0    0    0    0  397  363    0    0  428    0  
 452    0    0    0    0    0    0    0    0  464    0  380  402    0  369  
 345    0    0    0    0    0    0    0    0  342  456  464  355    0    0  
   0  410  348  479    0    0    0    0    0    0  436    0    0  480    0  
   0  370  429  458  420    0    0    0    0    0  438    0    0    0    0  
   0    0    0  403    0  367  395    0    0    0  472    0    0    0  381  
 419  482  481    0    0    0    0  459    0    0    0  398    0    0    0  
   0  484  481    0    0    0  378    0  395    0    0  423    0    0    0  
   0    0    0    0    0  492    0    0    0  411  479  406  407    0    0  
 444  474  376    0    0  507    0    0  507    0    0    0    0    0    0  
   0    0  502    0    0    0    0    0  492  452  501    0    0    0  485  
   0    0  425  502    0  410  388    0    0  509    0    0    0    0    0  
   0    0    0    0  498    0  516  516  400    0    0  505    0    0    0  
   0  405    0  438  465    0    0  513    0    0    0    0    0  482    0  
 518  419    0    0  429    0    0    0    0    0  520    0    0  385    0  
   0  495    0  416    0    0  506  474    0    0    0    0    0  476    0  
   0  407    0  424    0    0    0  520  482    0  387    0    0    0    0  
 478    0    0    0    0    0  457    0  440  467    0    0    0  419    0  
 495    0    0    0    0  430  499  498    0    0    0    0    0    0  495  
 421    0    0    0  427    0    0    0  534    0    0  445  395    0    0  
   0    0  453  423  471    0    0  439  409    0    0    0    0    0    0  
   0    0    0    0  419  484  523    0  412    0    0  421    0    0    0  
 476    0    0  487  488    0    0    0    0    0  484  527    0    0    0  
 539    0  530    0    0  447    0    0  496    0    0    0  479    0    0  
 454    0    0    0  559  534    0    0    0  563    0  483    0    0    0  ] 
 ] 
