K : 75
I : 10
C : 3
INSTANCE : 4
PREFERENCES : [    2    0    0    5    0    0    3    1    4    0  
   2    0    5    3    4    0    1    0    0    0  
   3    0    0    0    4    0    1    5    2    0  
   0    4    0    0    3    0    0    1    5    2  
   0    0    4    0    5    3    1    0    2    0  
   2    0    0    0    5    0    1    3    4    0  
   3    0    5    0    2    0    0    4    1    0  
   0    3    0    0    4    1    0    0    2    5  
   0    3    4    2    0    0    1    5    0    0  
   3    1    0    5    0    0    2    4    0    0  
   0    2    0    5    0    3    1    0    4    0  
   0    0    2    0    0    1    3    0    4    5  
   0    0    5    3    2    0    1    0    4    0  
   0    0    5    0    2    1    0    3    4    0  
   0    5    4    0    3    0    2    0    0    1  
   0    1    0    0    0    3    4    2    0    5  
   0    0    0    3    0    5    2    1    4    0  
   0    2    0    1    0    3    4    0    5    0  
   0    0    1    0    0    3    2    5    4    0  
   0    4    2    3    0    0    1    0    0    5  
   4    3    0    0    0    1    0    0    5    2  
   0    1    4    2    0    0    0    5    3    0  
   0    0    0    2    0    0    3    1    5    4  
   4    0    5    3    0    2    0    0    0    1  
   3    4    2    0    5    0    0    1    0    0  
   5    3    0    0    2    0    4    1    0    0  
   0    2    0    0    1    5    0    0    4    3  
   0    3    5    0    1    0    0    2    0    4  
   0    0    3    1    4    0    2    5    0    0  
   1    0    0    3    5    2    0    4    0    0  
   2    0    4    0    5    1    0    0    3    0  
   1    0    4    5    0    2    3    0    0    0  
   2    0    0    0    3    4    5    0    1    0  
   3    0    0    0    0    4    2    5    0    1  
   1    4    5    0    0    2    0    0    0    3  
   2    5    0    0    3    4    0    0    0    1  
   3    2    0    0    1    0    0    4    5    0  
   4    1    0    5    2    0    0    0    0    3  
   1    3    0    0    0    0    2    4    5    0  
   5    0    0    0    1    0    3    0    2    4  
   3    0    0    0    0    2    5    0    1    4  
   0    0    5    4    2    0    0    0    1    3  
   1    2    0    3    5    0    4    0    0    0  
   4    1    5    0    2    0    0    3    0    0  
   0    5    3    0    0    1    0    4    2    0  
   2    1    4    3    0    0    0    0    0    5  
   2    0    3    0    0    1    0    0    5    4  
   0    3    2    0    1    4    0    0    5    0  
   0    0    0    0    5    3    0    4    1    2  
   1    5    0    0    0    2    0    0    3    4  
   2    1    5    3    4    0    0    0    0    0  
   0    0    2    3    0    4    0    5    1    0  
   0    0    0    0    1    0    3    4    5    2  
   0    2    3    0    4    5    0    1    0    0  
   1    0    0    5    4    3    0    2    0    0  
   0    0    2    4    0    0    0    3    1    5  
   5    0    0    3    4    0    2    0    0    1  
   3    5    0    1    0    0    0    0    2    4  
   2    0    4    0    0    5    0    3    1    0  
   3    2    0    0    0    4    1    0    0    5  
   0    0    0    2    5    3    4    0    0    1  
   0    2    0    0    5    1    0    4    0    3  
   0    0    4    0    3    1    0    0    5    2  
   3    2    0    0    0    0    0    1    5    4  
   4    5    3    2    0    1    0    0    0    0  
   1    0    4    0    0    3    0    0    2    5  
   4    0    1    3    0    0    0    5    2    0  
   4    5    0    1    0    0    2    0    3    0  
   0    3    0    0    0    0    1    5    4    2  
   0    1    0    2    4    3    0    0    5    0  
   0    0    5    1    4    0    3    0    2    0  
   0    3    0    0    5    0    1    4    2    0  
   0    1    0    3    0    2    5    0    0    4  
   0    0    4    0    5    1    0    3    2    0  
   0    5    0    3    1    4    0    0    2    0  ] 
RESERVATION PRICES : [    7    0    0    7    0    0    9    7    8    0  
   7    0    7    9    7    0    7    0    0    0  
  14    0    0    0   12    0   11   14   11    0  
   0   16    0    0   17    0    0   16   18   18  
   0    0   24    0   24   19   21    0   18    0  
  22    0    0    0   22    0   21   22   24    0  
  32    0   32    0   25    0    0   27   31    0  
   0   28    0    0   35   28    0    0   27   35  
   0   29   35   30    0    0   39   36    0    0  
  46   39    0   35    0    0   40   39    0    0  
   0   38    0   44    0   36   45    0   36    0  
   0    0   43    0    0   47   44    0   48   39  
   0    0   49   39   38    0   41    0   43    0  
   0    0   46    0   43   44    0   41   45    0  
   0   45   51    0   44    0   49    0    0   44  
   0   62    0    0    0   59   64   55    0   57  
   0    0    0   61    0   51   63   65   56    0  
   0   57    0   56    0   60   52    0   64    0  
   0    0   57    0    0   63   64   62   50    0  
   0   53   63   66    0    0   52    0    0   53  
  57   55    0    0    0   67    0    0   69   60  
   0   61   64   74    0    0    0   72   63    0  
   0    0    0   71    0    0   73   72   77   72  
  67    0   68   71    0   71    0    0    0   76  
  84   82   71    0   63    0    0   62    0    0  
  78   69    0    0   75    0   75   73    0    0  
   0   69    0    0   84   81    0    0   84   83  
   0   79   84    0   95    0    0   97    0   95  
   0    0   76   82   83    0   82   81    0    0  
 102    0    0   90   87   97    0   97    0    0  
  87    0   91    0  110   89    0    0  107    0  
  89    0  107   85    0  110  102    0    0    0  
 114    0    0    0  117  110  100    0   89    0  
  85    0    0    0    0   99   92   97    0   87  
  91  113  122    0    0  111    0    0    0   95  
 118  103    0    0   92  121    0    0    0  120  
 132   96    0    0  116    0    0  109  118    0  
 132  139    0  121  126    0    0    0    0  120  
 127  122    0    0    0    0  108  135  129    0  
 145    0    0    0  106    0  130    0  113  124  
 115    0    0    0    0  114  121    0  116  122  
   0    0  146  156  139    0    0    0  139  145  
 145  156    0  148  141    0  155    0    0    0  
 152  136  147    0  139    0    0  157    0    0  
   0  146  122    0    0  147    0  157  144    0  
 121  130  127  122    0    0    0    0    0  133  
 164    0  160    0    0  123    0    0  154  163  
   0  161  138    0  128  145    0    0  159    0  
   0    0    0    0  128  159    0  140  169  139  
 179  178    0    0    0  161    0    0  166  131  
 156  179  170  179  142    0    0    0    0    0  
   0    0  152  159    0  146    0  144  166    0  
   0    0    0    0  175    0  171  151  147  161  
   0  164  172    0  157  154    0  168    0    0  
 165    0    0  163  192  162    0  160    0    0  
   0    0  177  145    0    0    0  179  173  157  
 162    0    0  168  163    0  200    0    0  202  
 164  156    0  161    0    0    0    0  176  209  
 203    0  177    0    0  205    0  172  214    0  
 193  175    0    0    0  166  221    0    0  161  
   0    0    0  222  168  216  187    0    0  214  
   0  180    0    0  181  194    0  226    0  188  
   0    0  166    0  183  213    0    0  216  198  
 211  234    0    0    0    0    0  227  218  192  
 189  233  242  175    0  221    0    0    0    0  
 205    0  220    0    0  215    0    0  222  233  
 207    0  202  188    0    0    0  183  198    0  
 182  214    0  203    0    0  181    0  204    0  
   0  217    0    0    0    0  229  189  255  185  
   0  206    0  187  254  233    0    0  258    0  
   0    0  214  220  219    0  238    0  226    0  
   0  229    0    0  241    0  205  237  223    0  
   0  246    0  220    0  209  227    0    0  230  
   0    0  202    0  253  273    0  221  201    0  
   0  266    0  264  232  243    0    0  216    0  ] 
 ] 
