K : 50
I : 5
C : 10
INSTANCE : 3
PREFERENCES : [    2    0    0    3    1  
   2    1    0    0    3  
   2    1    0    3    0  
   1    0    3    2    0  
   0    2    0    3    1  
   0    2    1    3    0  
   2    1    0    3    0  
   3    2    0    0    1  
   0    1    3    2    0  
   3    2    1    0    0  
   0    0    2    3    1  
   1    3    2    0    0  
   1    3    0    2    0  
   3    0    1    0    2  
   2    0    3    1    0  
   2    3    0    1    0  
   1    3    2    0    0  
   0    0    2    1    3  
   1    3    0    0    2  
   3    2    0    0    1  
   0    1    2    3    0  
   0    0    2    1    3  
   1    0    3    2    0  
   2    1    3    0    0  
   1    0    2    0    3  
   1    0    2    3    0  
   2    0    1    0    3  
   1    2    3    0    0  
   0    0    1    3    2  
   2    3    1    0    0  
   3    0    1    2    0  
   0    0    3    2    1  
   1    3    0    2    0  
   0    1    0    2    3  
   0    3    2    1    0  
   2    1    3    0    0  
   0    2    0    3    1  
   1    0    0    2    3  
   1    0    0    2    3  
   1    2    3    0    0  
   3    0    1    0    2  
   3    1    0    2    0  
   1    0    3    2    0  
   3    1    0    0    2  
   0    3    0    2    1  
   1    3    0    2    0  
   1    0    3    2    0  
   0    1    3    2    0  
   2    0    0    1    3  
   3    0    0    1    2  ] 
RESERVATION PRICES : [    6    0    0    6    7  
  11   12    0    0   13  
  14   15    0   17    0  
  19    0   22   20    0  
   0   23    0   25   23  
   0   22   23   23    0  
  29   25    0   24    0  
  29   31    0    0   35  
   0   35   37   32    0  
  39   35   38    0    0  
   0    0   44   35   38  
  48   38   50    0    0  
  50   43    0   50    0  
  41    0   45    0   52  
  53    0   46   61    0  
  66   64    0   49    0  
  48   66   65    0    0  
   0    0   65   67   55  
  62   61    0    0   56  
  63   73    0    0   71  
   0   73   65   66    0  
   0    0   77   71   70  
  73    0   84   64    0  
  80   77   76    0    0  
  73    0   93    0   72  
  72    0   88   91    0  
  75    0   93    0   79  
  82   81   80    0    0  
   0    0   90  107   89  
  86   87   85    0    0  
  92    0   83   87    0  
   0    0   90   89  113  
  94  100    0   94    0  
   0   93    0  108  103  
   0  115   98  127    0  
 110  106  130    0    0  
   0  106    0  119  136  
 141    0    0  104  113  
 139    0    0  129  125  
 122  139  114    0    0  
 152    0  135    0  111  
 125  118    0  143    0  
 140    0  130  141    0  
 150  138    0    0  138  
   0  153    0  127  157  
 141  132    0  141    0  
 150    0  164  134    0  
   0  163  163  173    0  
 181    0    0  132  157  
 173    0    0  149  151  ] 
 ] 
