K : 150
I : 15
C : 24
INSTANCE : 1
PREFERENCES : [    1    0    0    3    0    0    0    0    0    5    0    0    2    4    0  
   0    0    0    0    3    0    0    0    0    1    2    5    4    0    0  
   0    0    0    0    5    0    4    0    2    0    0    0    1    0    3  
   0    5    0    0    4    0    1    0    3    2    0    0    0    0    0  
   0    0    0    0    5    1    0    0    3    0    4    2    0    0    0  
   0    0    0    0    2    5    4    1    0    3    0    0    0    0    0  
   0    1    3    0    0    0    0    0    5    0    0    0    4    2    0  
   0    0    0    3    0    1    0    0    4    0    5    0    2    0    0  
   0    0    0    3    4    0    1    0    0    5    2    0    0    0    0  
   0    0    0    0    2    4    0    0    0    0    3    0    1    5    0  
   0    0    0    5    2    0    4    3    0    1    0    0    0    0    0  
   0    0    1    0    0    0    0    0    2    0    0    0    3    5    4  
   0    3    0    0    0    0    0    0    4    1    5    0    0    2    0  
   0    2    4    0    0    0    3    5    1    0    0    0    0    0    0  
   5    4    0    2    0    0    0    3    1    0    0    0    0    0    0  
   1    2    0    4    0    0    0    0    0    0    5    0    0    0    3  
   0    0    0    0    0    0    4    0    1    3    2    0    0    5    0  
   0    0    0    1    0    0    0    0    0    2    3    5    4    0    0  
   0    2    0    1    0    0    3    0    0    0    4    0    5    0    0  
   0    0    5    0    0    2    3    0    0    1    0    0    0    0    4  
   2    0    0    3    0    0    0    0    0    5    4    1    0    0    0  
   0    0    0    3    2    0    5    0    0    0    0    1    4    0    0  
   0    0    0    1    0    0    4    0    0    2    0    0    5    3    0  
   0    1    0    0    2    0    0    0    0    3    0    4    0    5    0  
   1    0    0    2    0    0    5    0    3    4    0    0    0    0    0  
   0    2    5    0    4    0    1    0    0    0    0    0    0    0    3  
   0    2    0    0    5    0    0    1    0    0    3    0    0    4    0  
   0    1    0    5    2    0    4    0    0    0    3    0    0    0    0  
   0    3    0    4    0    0    2    5    0    0    0    1    0    0    0  
   0    0    3    2    0    0    0    4    5    0    0    0    1    0    0  
   3    0    0    0    0    5    1    0    0    2    0    4    0    0    0  
   0    0    0    1    0    0    5    2    3    0    0    0    0    4    0  
   1    0    4    0    2    3    0    0    0    0    5    0    0    0    0  
   0    0    5    4    2    0    0    3    0    0    0    0    0    0    1  
   1    4    0    0    0    0    2    0    0    0    0    3    0    5    0  
   0    0    4    2    1    0    0    0    0    5    3    0    0    0    0  
   0    0    0    3    2    0    0    5    0    0    0    4    0    1    0  
   0    0    1    4    0    2    0    0    3    0    0    0    0    5    0  
   0    2    0    0    0    1    0    4    0    3    0    0    5    0    0  
   0    0    5    1    0    0    0    3    0    0    0    0    2    4    0  
   0    0    4    0    0    2    1    0    0    5    0    0    0    3    0  
   0    0    3    0    0    4    1    0    0    2    0    0    5    0    0  
   0    0    0    1    4    0    0    0    0    2    5    0    0    0    3  
   0    0    0    0    0    0    0    0    5    0    2    3    1    4    0  
   0    0    3    0    0    0    0    5    0    0    4    1    0    0    2  
   0    0    1    0    4    0    0    2    0    3    5    0    0    0    0  
   0    0    0    1    0    0    3    0    0    0    2    0    4    5    0  
   1    0    0    3    0    0    2    0    0    0    0    0    0    4    5  
   0    0    5    4    0    0    0    0    0    1    0    3    2    0    0  
   0    0    4    3    0    0    2    0    0    1    0    0    5    0    0  
   0    1    2    0    0    0    3    0    0    4    0    0    0    5    0  
   0    4    0    0    0    1    0    0    0    2    0    3    0    5    0  
   0    3    0    0    1    4    0    2    0    0    0    0    0    5    0  
   1    0    0    0    0    5    4    0    0    0    0    0    3    2    0  
   1    0    0    3    2    0    0    0    0    0    0    5    0    4    0  
   1    0    4    0    5    0    0    3    0    0    0    0    0    2    0  
   0    0    0    0    0    3    4    1    0    2    0    0    0    0    5  
   0    4    3    0    2    5    0    0    0    0    0    0    0    1    0  
   0    0    0    5    1    4    2    0    0    0    0    0    0    0    3  
   3    0    0    4    0    1    5    0    2    0    0    0    0    0    0  
   4    0    0    0    0    0    0    0    3    0    0    1    2    5    0  
   1    0    3    0    0    0    0    0    4    0    5    0    0    0    2  
   0    2    0    0    4    3    0    0    0    0    0    5    0    1    0  
   4    0    0    0    0    0    0    0    2    0    1    0    3    0    5  
   0    1    4    0    0    5    3    0    0    0    0    2    0    0    0  
   0    0    0    2    1    0    5    0    0    0    0    4    0    3    0  
   2    0    0    0    0    1    0    5    0    0    3    0    0    0    4  
   3    0    0    0    0    4    2    5    0    0    0    0    0    1    0  
   0    0    0    0    0    0    0    0    1    4    0    0    5    3    2  
   0    1    0    0    0    4    0    0    0    5    3    0    2    0    0  
   0    0    0    0    0    5    0    0    3    0    1    0    4    2    0  
   0    5    0    0    2    0    1    0    0    4    0    0    0    3    0  
   0    1    2    0    0    0    0    0    0    5    0    3    4    0    0  
   5    0    0    0    0    0    1    0    0    4    0    2    0    3    0  
   0    0    0    3    0    4    1    0    0    0    2    0    0    5    0  
   2    0    0    0    0    0    0    0    0    4    0    5    3    0    1  
   0    2    0    5    0    1    3    0    0    0    0    0    0    4    0  
   0    0    4    0    2    0    0    1    0    0    0    0    5    0    3  
   0    1    4    3    0    0    0    0    0    5    0    0    2    0    0  
   0    0    0    1    0    0    4    0    3    0    2    0    5    0    0  
   2    0    0    0    3    0    0    0    0    1    0    5    0    0    4  
   4    0    0    2    0    0    1    5    0    0    3    0    0    0    0  
   0    0    2    5    1    4    0    0    0    0    0    3    0    0    0  
   5    0    0    4    3    0    0    1    0    0    0    0    2    0    0  
   0    2    0    0    4    0    0    0    5    0    1    0    3    0    0  
   0    0    4    0    0    5    0    0    0    2    1    0    0    0    3  
   1    0    0    0    0    0    3    0    4    0    2    0    5    0    0  
   0    0    0    1    0    3    0    0    0    0    2    5    4    0    0  
   0    0    0    5    3    0    0    0    4    0    1    2    0    0    0  
   2    0    0    0    0    0    4    0    0    5    0    3    1    0    0  
   0    0    0    2    0    0    0    3    0    0    1    0    4    5    0  
   0    2    0    0    0    1    0    0    0    0    3    5    0    0    4  
   0    0    0    1    0    0    0    0    0    3    2    0    0    4    5  
   0    0    0    0    0    0    3    0    0    4    5    0    1    2    0  
   0    0    2    0    3    0    0    5    0    0    4    1    0    0    0  
   0    4    0    0    0    0    0    0    3    2    0    0    1    5    0  
   0    3    0    0    0    0    0    2    1    0    0    4    5    0    0  
   0    1    0    0    0    4    0    2    3    5    0    0    0    0    0  
   3    4    5    0    0    2    1    0    0    0    0    0    0    0    0  
   0    3    4    0    0    1    0    2    0    0    0    5    0    0    0  
   2    0    0    5    0    1    0    0    3    0    4    0    0    0    0  
   2    4    0    0    5    0    0    0    1    0    0    0    3    0    0  
   5    0    3    1    0    4    0    0    0    0    0    0    0    2    0  
   0    0    0    5    0    0    0    4    2    0    0    0    3    1    0  
   0    5    0    0    0    0    1    0    0    4    0    3    0    2    0  
   0    0    0    2    1    0    0    0    3    0    0    5    4    0    0  
   0    0    0    2    4    0    3    0    0    0    0    0    1    5    0  
   3    0    0    0    0    1    0    0    2    0    0    0    4    5    0  
   0    0    1    2    0    0    0    0    0    0    0    3    0    5    4  
   0    0    0    0    1    0    5    0    0    0    2    0    4    3    0  
   0    0    0    1    3    0    0    5    0    2    0    0    0    4    0  
   0    0    5    0    0    0    1    3    4    0    0    0    0    2    0  
   0    0    0    5    0    1    0    0    2    0    3    0    0    4    0  
   4    0    5    0    1    0    0    0    0    0    0    3    0    2    0  
   0    4    0    0    0    0    2    5    0    1    3    0    0    0    0  
   5    3    0    1    0    4    0    0    0    0    0    0    0    0    2  
   0    5    0    3    0    0    2    0    0    0    4    0    0    1    0  
   0    0    5    0    4    0    0    0    0    3    0    0    1    0    2  
   0    0    2    5    0    0    3    0    0    0    0    0    4    0    1  
   0    2    0    0    4    0    0    3    5    1    0    0    0    0    0  
   0    5    0    0    3    1    0    4    0    0    0    0    0    2    0  
   0    1    4    0    0    0    2    0    0    0    3    5    0    0    0  
   0    0    1    0    2    0    0    0    3    0    0    0    4    5    0  
   0    4    1    0    0    0    3    5    0    0    0    0    0    0    2  
   0    0    0    3    0    0    0    2    0    0    0    5    4    1    0  
   5    0    1    0    0    0    3    0    0    0    0    0    2    4    0  
   3    0    0    0    0    5    0    0    1    0    0    4    2    0    0  
   0    0    5    2    0    0    0    3    0    1    0    0    0    4    0  
   0    0    0    2    0    0    1    0    0    4    0    0    3    0    5  
   0    1    0    0    3    5    0    4    0    0    2    0    0    0    0  
   0    1    5    2    0    0    0    0    4    0    3    0    0    0    0  
   5    0    0    4    3    0    0    1    0    2    0    0    0    0    0  
   0    0    0    2    0    0    0    0    0    5    3    4    0    1    0  
   5    1    0    0    0    0    2    0    4    0    0    0    3    0    0  
   0    3    0    1    0    0    2    4    0    0    0    0    0    5    0  
   5    3    4    0    0    0    0    2    0    0    0    0    1    0    0  
   0    0    3    0    0    5    0    0    0    0    2    0    4    0    1  
   0    0    4    5    1    0    0    2    0    0    0    3    0    0    0  
   2    0    0    0    0    0    0    3    5    1    0    0    0    0    4  
   5    0    0    0    2    0    0    1    0    0    0    0    4    3    0  
   0    5    0    2    0    1    0    0    0    0    3    0    0    4    0  
   0    0    0    4    3    1    0    5    0    2    0    0    0    0    0  
   2    0    3    0    0    4    0    0    5    0    0    0    1    0    0  
   0    3    0    2    1    0    0    5    0    0    0    4    0    0    0  
   0    0    0    0    0    3    4    1    0    0    2    5    0    0    0  
   2    5    0    0    0    0    0    4    0    0    0    0    1    0    3  
   0    0    2    5    0    0    0    0    0    0    4    3    0    1    0  
   0    0    0    0    0    2    3    0    1    0    5    0    0    4    0  
   0    3    0    0    4    1    2    0    0    0    0    5    0    0    0  
   0    0    0    0    0    4    0    3    5    0    2    0    0    1    0  ] 
RESERVATION PRICES : [    9    0    0    8    0    0    0    0    0    8    0    0    9    9    0  
   0    0    0    0   12    0    0    0    0   14   12   14   11    0    0  
   0    0    0    0   14    0   14    0   15    0    0    0   14    0   15  
   0   24    0    0   19    0   24    0   18   24    0    0    0    0    0  
   0    0    0    0   22   20    0    0   22    0   21   25    0    0    0  
   0    0    0    0   27   29   30   22    0   29    0    0    0    0    0  
   0   32   34    0    0    0    0    0   35    0    0    0   30   31    0  
   0    0    0   34    0   39    0    0   31    0   36    0   30    0    0  
   0    0    0   32   33    0   34    0    0   35   35    0    0    0    0  
   0    0    0    0   40   40    0    0    0    0   46    0   40   34    0  
   0    0    0   35   45    0   37   40    0   39    0    0    0    0    0  
   0    0   50    0    0    0    0    0   39    0    0    0   52   41   52  
   0   48    0    0    0    0    0    0   52   47   48    0    0   53    0  
   0   47   58    0    0    0   52   63   51    0    0    0    0    0    0  
  63   54    0   65    0    0    0   56   53    0    0    0    0    0    0  
  50   54    0   51    0    0    0    0    0    0   66    0    0    0   63  
   0    0    0    0    0    0   62    0   62   63   62    0    0   71    0  
   0    0    0   62    0    0    0    0    0   67   68   63   77    0    0  
   0   81    0   64    0    0   67    0    0    0   64    0   83    0    0  
   0    0   75    0    0   65   76    0    0   65    0    0    0    0   72  
  87    0    0   83    0    0    0    0    0   79   84   79    0    0    0  
   0    0    0   83   80    0   75    0    0    0    0   85   77    0    0  
   0    0    0   99    0    0   83    0    0   87    0    0   94   88    0  
   0   87    0    0   78    0    0    0    0   88    0   72    0  100    0  
  89    0    0   93    0    0   99    0  102  104    0    0    0    0    0  
   0   90   96    0  100    0   81    0    0    0    0    0    0    0   92  
   0  101    0    0   80    0    0  101    0    0   91    0    0  107    0  
   0   85    0  106   83    0  110    0    0    0  109    0    0    0    0  
   0  106    0  109    0    0   93  101    0    0    0  102    0    0    0  
   0    0  111   97    0    0    0  121   90    0    0    0  105    0    0  
 114    0    0    0    0   99   93    0    0  122    0   97    0    0    0  
   0    0    0  132    0    0  122  132  100    0    0    0    0  104    0  
 126    0  121    0  107  132    0    0    0    0  116    0    0    0    0  
   0    0  133  113  116    0    0  107    0    0    0    0    0    0  129  
 117  111    0    0    0    0  124    0    0    0    0  137    0  132    0  
   0    0  140  119  108    0    0    0    0  113  103    0    0    0    0  
   0    0    0  116  145    0    0  132    0    0    0  139    0  145    0  
   0    0  120  147    0  136    0    0  132    0    0    0    0  110    0  
   0  147    0    0    0  124    0  130    0  120    0    0  145    0    0  
   0    0  137  133    0    0    0  126    0    0    0    0  121  122    0  
   0    0  152    0    0  130  144    0    0  123    0    0    0  121    0  
   0    0  141    0    0  127  135    0    0  158    0    0  140    0    0  
   0    0    0  159  148    0    0    0    0  155  158    0    0    0  124  
   0    0    0    0    0    0    0    0  154    0  146  130  123  132    0  
   0    0  135    0    0    0    0  151    0    0  135  139    0    0  157  
   0    0  167    0  135    0    0  150    0  150  134    0    0    0    0  
   0    0    0  153    0    0  144    0    0    0  168    0  180  175    0  
 180    0    0  173    0    0  153    0    0    0    0    0    0  175  161  
   0    0  161  181    0    0    0    0    0  157    0  144  153    0    0  
   0    0  192  147    0    0  178    0    0  181    0    0  192    0    0  
   0  149  166    0    0    0  156    0    0  154    0    0    0  144    0  
   0  185    0    0    0  143    0    0    0  145    0  179    0  190    0  
   0  175    0    0  186  192    0  178    0    0    0    0    0  187    0  
 147    0    0    0    0  193  196    0    0    0    0    0  179  187    0  
 197    0    0  175  164    0    0    0    0    0    0  196    0  155    0  
 178    0  190    0  191    0    0  187    0    0    0    0    0  167    0  
   0    0    0    0    0  160  150  190    0  161    0    0    0    0  177  
   0  196  168    0  154  184    0    0    0    0    0    0    0  183    0  
   0    0    0  213  189  159  204    0    0    0    0    0    0    0  182  
 161    0    0  188    0  183  198    0  169    0    0    0    0    0    0  
 218    0    0    0    0    0    0    0  177    0    0  221  220  163    0  
 214    0  224    0    0    0    0    0  221    0  178    0    0    0  195  
   0  169    0    0  171  203    0    0    0    0    0  220    0  214    0  
 169    0    0    0    0    0    0    0  209    0  169    0  219    0  190  
   0  201  183    0    0  229  189    0    0    0    0  173    0    0    0  
   0    0    0  195  205    0  188    0    0    0    0  176    0  217    0  
 230    0    0    0    0  228    0  231    0    0  211    0    0    0  234  
 218    0    0    0    0  176  227  237    0    0    0    0    0  205    0  
   0    0    0    0    0    0    0    0  178  222    0    0  227  184  190  
   0  198    0    0    0  217    0    0    0  249  220    0  216    0    0  
   0    0    0    0    0  236    0    0  215    0  212    0  226  249    0  
   0  257    0    0  215    0  214    0    0  238    0    0    0  236    0  
   0  251  239    0    0    0    0    0    0  231    0  236  246    0    0  
 248    0    0    0    0    0  247    0    0  256    0  261    0  218    0  
   0    0    0  228    0  247  243    0    0    0  241    0    0  224    0  
 249    0    0    0    0    0    0    0    0  253    0  250  224    0  201  
   0  203    0  273    0  245  273    0    0    0    0    0    0  265    0  
   0    0  222    0  271    0    0  253    0    0    0    0  237    0  228  
   0  225  237  260    0    0    0    0    0  223    0    0  249    0    0  
   0    0    0  289    0    0  273    0  246    0  260    0  277    0    0  
 258    0    0    0  229    0    0    0    0  228    0  252    0    0  284  
 247    0    0  227    0    0  253  301    0    0  281    0    0    0    0  
   0    0  303  227  274  302    0    0    0    0    0  231    0    0    0  
 298    0    0  262  266    0    0  265    0    0    0    0  288    0    0  
   0  297    0    0  263    0    0    0  268    0  307    0  300    0    0  
   0    0  239    0    0  285    0    0    0  308  303    0    0    0  291  
 317    0    0    0    0    0  287    0  281    0  274    0  257    0    0  
   0    0    0  262    0  268    0    0    0    0  267  319  313    0    0  
   0    0    0  255  255    0    0    0  254    0  280  309    0    0    0  
 281    0    0    0    0    0  295    0    0  324    0  295  308    0    0  
   0    0    0  312    0    0    0  265    0    0  273    0  322  257    0  
   0  311    0    0    0  251    0    0    0    0  311  320    0    0  331  
   0    0    0  321    0    0    0    0    0  299  256    0    0  308  273  
   0    0    0    0    0    0  338    0    0  356  293    0  329  343    0  
   0    0  286    0  320    0    0  354    0    0  258  300    0    0    0  
   0  325    0    0    0    0    0    0  301  328    0    0  352  359    0  
   0  336    0    0    0    0    0  288  263    0    0  277  266    0    0  
   0  349    0    0    0  339    0  304  273  362    0    0    0    0    0  
 277  277  281    0    0  296  367    0    0    0    0    0    0    0    0  
   0  348  281    0    0  302    0  368    0    0    0  301    0    0    0  
 331    0    0  312    0  380    0    0  368    0  332    0    0    0    0  
 350  311    0    0  343    0    0    0  312    0    0    0  313    0    0  
 342    0  337  313    0  383    0    0    0    0    0    0    0  293    0  
   0    0    0  301    0    0    0  305  293    0    0    0  329  315    0  
   0  318    0    0    0    0  338    0    0  309    0  383    0  342    0  
   0    0    0  361  400    0    0    0  296    0    0  308  317    0    0  
   0    0    0  358  402    0  374    0    0    0    0    0  357  349    0  
 296    0    0    0    0  408    0    0  320    0    0    0  310  304    0  
   0    0  371  397    0    0    0    0    0    0    0  381    0  364  370  
   0    0    0    0  323    0  310    0    0    0  325    0  343  378    0  
   0    0    0  328  386    0    0  389    0  381    0    0    0  313    0  
   0    0  373    0    0    0  342  345  341    0    0    0    0  393    0  
   0    0    0  405    0  333    0    0  431    0  383    0    0  419    0  
 327    0  409    0  420    0    0    0    0    0    0  338    0  410    0  
   0  420    0    0    0    0  412  442    0  443  357    0    0    0    0  
 368  446    0  364    0  374    0    0    0    0    0    0    0    0  323  
   0  345    0  348    0    0  405    0    0    0  321    0    0  435    0  
   0    0  364    0  400    0    0    0    0  436    0    0  349    0  378  
   0    0  337  400    0    0  342    0    0    0    0    0  421    0  351  
   0  386    0    0  337    0    0  398  405  331    0    0    0    0    0  
   0  335    0    0  455  372    0  331    0    0    0    0    0  362    0  
   0  423  399    0    0    0  358    0    0    0  355  408    0    0    0  
   0    0  352    0  394    0    0    0  401    0    0    0  460  337    0  
   0  396  455    0    0    0  391  339    0    0    0    0    0    0  380  
   0    0    0  453    0    0    0  406    0    0    0  390  438  379    0  
 349    0  419    0    0    0  379    0    0    0    0    0  442  429    0  
 393    0    0    0    0  459    0    0  353    0    0  470  372    0    0  
   0    0  361  474    0    0    0  467    0  408    0    0    0  455    0  
   0    0    0  470    0    0  465    0    0  476    0    0  404    0  435  
   0  425    0    0  357  370    0  383    0    0  370    0    0    0    0  
   0  429  355  458    0    0    0    0  436    0  425    0    0    0    0  
 365    0    0  421  449    0    0  461    0  479    0    0    0    0    0  
   0    0    0  490    0    0    0    0    0  402  494  499    0  496    0  
 504  368    0    0    0    0  488    0  370    0    0    0  478    0    0  
   0  400    0  475    0    0  403  447    0    0    0    0    0  454    0  
 495  370  370    0    0    0    0  486    0    0    0    0  371    0    0  
   0    0  374    0    0  390    0    0    0    0  517    0  441    0  495  
   0    0  480  430  381    0    0  517    0    0    0  397    0    0    0  
 426    0    0    0    0    0    0  474  387  500    0    0    0    0  476  
 421    0    0    0  427    0    0  430    0    0    0    0  444  413    0  
   0  419    0  521    0  479    0    0    0    0  452    0    0  424    0  
   0    0    0  458  432  438    0  471    0  401    0    0    0    0    0  
 473    0  480    0    0  401    0    0  394    0    0    0  407    0    0  
   0  418    0  403  499    0    0  532    0    0    0  535    0    0    0  
   0    0    0    0    0  400  528  475    0    0  458  446    0    0    0  
 535  395    0    0    0    0    0  495    0    0    0    0  394    0  399  
   0    0  469  544    0    0    0    0    0    0  510  400    0  422    0  
   0    0    0    0    0  531  507    0  440    0  530    0    0  504    0  
   0  445    0    0  491  488  452    0    0    0    0  425    0    0    0  
   0    0    0    0    0  536    0  418  470    0  497    0    0  414    0  ] 
 ] 
