K : 75
I : 10
C : 12
INSTANCE : 4
PREFERENCES : [    0    0    2    0    0    0    5    3    4    1  
   1    0    0    5    4    2    0    3    0    0  
   3    0    1    0    2    0    5    4    0    0  
   0    0    4    0    0    5    0    1    2    3  
   0    0    0    5    2    4    0    0    3    1  
   0    4    3    0    0    2    0    1    5    0  
   5    0    0    0    2    0    1    0    3    4  
   2    4    0    0    3    5    0    1    0    0  
   2    0    0    0    0    5    3    0    1    4  
   5    0    4    1    0    3    2    0    0    0  
   0    0    5    1    0    0    3    4    0    2  
   0    1    0    3    0    0    0    5    4    2  
   3    0    1    5    0    0    0    2    4    0  
   3    0    0    0    0    1    5    0    4    2  
   0    2    4    1    0    0    0    0    3    5  
   5    1    0    0    0    2    0    4    0    3  
   1    5    0    2    0    0    0    4    0    3  
   5    0    0    0    4    0    3    0    2    1  
   5    2    0    3    4    0    0    0    1    0  
   0    2    1    5    4    0    0    0    0    3  
   0    0    0    5    0    4    1    0    2    3  
   5    3    4    2    0    0    0    0    1    0  
   0    0    0    3    0    5    4    1    2    0  
   0    2    4    0    0    0    5    3    0    1  
   0    0    0    4    0    3    2    1    0    5  
   0    5    3    1    0    2    0    0    0    4  
   2    1    0    0    0    0    0    3    5    4  
   0    0    5    2    0    0    1    4    0    3  
   0    0    0    0    3    2    4    1    5    0  
   0    0    0    2    4    5    3    1    0    0  
   4    2    0    0    0    1    0    5    3    0  
   0    0    5    0    4    1    2    0    3    0  
   5    0    0    0    1    0    0    2    4    3  
   4    2    0    0    0    1    0    5    3    0  
   3    0    0    0    2    0    1    5    0    4  
   0    5    0    0    3    0    0    4    2    1  
   4    3    5    2    0    0    0    1    0    0  
   2    0    0    0    1    0    3    0    4    5  
   5    4    3    0    1    0    0    0    0    2  
   0    4    0    3    0    5    2    0    1    0  
   1    0    0    5    0    4    3    0    2    0  
   5    1    0    4    0    0    0    3    2    0  
   0    3    5    0    4    0    0    1    2    0  
   2    0    3    0    1    5    0    4    0    0  
   1    5    3    0    0    0    4    0    2    0  
   0    0    4    0    0    0    2    1    5    3  
   1    5    0    0    2    4    3    0    0    0  
   5    3    0    1    0    2    0    0    4    0  
   0    2    0    4    5    0    0    0    3    1  
   0    2    4    1    0    5    3    0    0    0  
   4    0    0    0    0    5    0    2    1    3  
   2    0    1    0    3    0    5    0    4    0  
   2    0    0    5    0    0    4    0    1    3  
   1    3    0    2    0    0    4    0    0    5  
   0    0    3    1    0    0    2    4    0    5  
   0    1    4    3    0    0    0    5    2    0  
   1    2    5    0    4    0    0    0    0    3  
   0    4    3    0    5    0    0    0    1    2  
   1    0    0    3    5    2    4    0    0    0  
   5    1    0    3    4    0    0    0    2    0  
   0    3    4    2    0    5    1    0    0    0  
   4    2    5    0    0    0    1    0    3    0  
   0    1    4    0    5    0    3    0    0    2  
   5    1    0    0    0    0    4    0    2    3  
   0    0    2    3    0    1    0    5    0    4  
   0    0    0    0    0    2    4    5    3    1  
   2    0    4    0    0    0    3    5    1    0  
   1    2    0    3    0    4    0    0    0    5  
   0    0    5    0    1    4    0    0    2    3  
   1    0    2    0    0    4    0    3    5    0  
   2    0    0    0    4    1    3    0    0    5  
   0    2    0    0    5    0    0    4    3    1  
   0    1    0    2    4    0    0    5    3    0  
   0    0    0    1    0    2    3    0    4    5  
   0    0    1    0    3    2    0    5    4    0  ] 
RESERVATION PRICES : [    0    0    9    0    0    0    8    8    9    8  
  14    0    0   11   11   13    0   14    0    0  
  11    0   13    0   11    0   11   12    0    0  
   0    0   15    0    0   16    0   14   13   13  
   0    0    0   17   19   19    0    0   20   22  
   0   19   20    0    0   19    0   21   21    0  
  30    0    0    0   27    0   28    0   32   27  
  31   37    0    0   36   37    0   32    0    0  
  35    0    0    0    0   41   31    0   36   32  
  43    0   36   42    0   35   43    0    0    0  
   0    0   46   40    0    0   44   40    0   39  
   0   47    0   50    0    0    0   48   45   48  
  49    0   53   52    0    0    0   46   59    0  
  46    0    0    0    0   54   59    0   53   50  
   0   53   48   58    0    0    0    0   54   54  
  51   62    0    0    0   57    0   68    0   70  
  57   68    0   69    0    0    0   60    0   60  
  61    0    0    0   60    0   58    0   63   62  
  67   70    0   80   67    0    0    0   67    0  
   0   76   78   88   74    0    0    0    0   75  
   0    0    0   73    0   76   77    0   70   88  
  89   81   76   86    0    0    0    0   85    0  
   0    0    0   84    0   89   74   66   89    0  
   0   89   82    0    0    0   84   87    0   77  
   0    0    0   79    0   80   75   90    0   93  
   0   96   74   81    0   75    0    0    0   97  
  88  102    0    0    0    0    0   96   81   89  
   0    0   87  104    0    0   85   85    0   94  
   0    0    0    0  106  102   96   85  100    0  
   0    0    0   88  107  106  104   97    0    0  
 119   95    0    0    0   94    0  118   94    0  
   0    0  107    0  114  102  116    0   89    0  
  95    0    0    0  118    0    0  123  119  115  
 131  104    0    0    0  128    0  114  114    0  
 112    0    0    0  100    0  110  123    0  116  
   0  108    0    0  109    0    0  124  112  124  
 122  126  107  107    0    0    0  132    0    0  
 120    0    0    0  114    0  129    0  125  141  
 117  137  144    0  150    0    0    0    0  133  
   0  142    0  141    0  140  133    0  156    0  
 123    0    0  136    0  123  158    0  122    0  
 165  121    0  167    0    0    0  135  158    0  
   0  156  170    0  163    0    0  156  147    0  
 171    0  170    0  156  156    0  154    0    0  
 179  136  162    0    0    0  173    0  162    0  
   0    0  159    0    0    0  143  154  165  157  
 137  154    0    0  159  139  182    0    0    0  
 152  176    0  146    0  149    0    0  165    0  
   0  147    0  189  143    0    0    0  148  146  
   0  198  198  159    0  144  186    0    0    0  
 200    0    0    0    0  176    0  152  173  145  
 154    0  199    0  177    0  147    0  162    0  
 176    0    0  169    0    0  175    0  197  155  
 180  159    0  172    0    0  187    0    0  182  
   0    0  198  163    0    0  215  194    0  215  
   0  169  185  202    0    0    0  160  170    0  
 203  190  200    0  211    0    0    0    0  162  
   0  213  162    0  168    0    0    0  173  183  
 167    0    0  215  163  170  198    0    0    0  
 222  208    0  218  183    0    0    0  222    0  
   0  186  179  202    0  186  193    0    0    0  
 212  178  231    0    0    0  194    0  192    0  
   0  184  191    0  207    0  217    0    0  195  
 225  174    0    0    0    0  188    0  194  205  
   0    0  216  184    0  230    0  216    0  219  
   0    0    0    0    0  228  228  230  228  198  
 213    0  190    0    0    0  218  247  212    0  
 195  229    0  257    0  243    0    0    0  236  
   0    0  256    0  260  257    0    0  198  208  
 197    0  247    0    0  231    0  237  219    0  
 249    0    0    0  200  201  189    0    0  236  
   0  196    0    0  220    0    0  220  261  240  
   0  235    0  232  211    0    0  242  201    0  
   0    0    0  274    0  252  208    0  272  221  
   0    0  234    0  272  214    0  221  273    0  ] 
 ] 
