K : 100
I : 10
C : 4
INSTANCE : 5
PREFERENCES : [    3    0    4    0    1    0    5    0    2    0  
   0    5    0    3    0    4    0    0    1    2  
   0    0    0    5    4    0    2    0    1    3  
   5    1    0    0    4    0    0    2    3    0  
   5    0    0    0    0    2    3    0    1    4  
   4    1    2    5    0    0    3    0    0    0  
   5    0    2    0    4    0    0    0    1    3  
   3    0    0    1    4    0    0    5    2    0  
   5    2    0    0    0    4    0    3    0    1  
   0    0    3    0    1    5    2    4    0    0  
   0    5    0    0    4    0    0    2    3    1  
   2    0    0    0    4    1    5    0    0    3  
   3    0    0    0    0    0    2    4    5    1  
   5    0    1    2    0    4    3    0    0    0  
   0    1    2    0    0    0    4    0    5    3  
   0    0    0    0    5    1    2    3    0    4  
   0    1    0    4    0    0    3    2    0    5  
   5    0    2    0    4    0    1    0    0    3  
   3    0    0    1    0    0    0    4    5    2  
   0    1    0    0    5    4    0    3    2    0  
   0    2    0    1    0    5    0    0    4    3  
   1    2    0    4    3    0    0    0    0    5  
   0    3    0    1    0    0    4    2    5    0  
   4    0    0    5    0    3    0    1    2    0  
   5    4    0    3    0    0    1    2    0    0  
   3    1    0    0    4    0    5    2    0    0  
   0    2    4    1    0    5    0    0    3    0  
   4    2    5    0    0    3    1    0    0    0  
   0    0    5    0    4    0    0    3    1    2  
   5    2    4    0    0    0    0    0    1    3  
   2    0    0    3    1    5    4    0    0    0  
   0    0    5    1    0    2    4    3    0    0  
   0    4    3    1    5    2    0    0    0    0  
   0    2    5    0    1    0    3    4    0    0  
   1    0    5    0    0    4    2    0    3    0  
   0    0    0    4    3    0    2    5    0    1  
   0    0    0    2    4    0    0    1    5    3  
   0    3    0    4    5    0    0    2    1    0  
   3    4    5    0    1    0    0    0    0    2  
   3    2    4    0    0    0    5    0    0    1  
   1    4    5    0    0    2    0    3    0    0  
   4    0    2    3    1    0    5    0    0    0  
   0    0    5    4    0    3    2    0    1    0  
   0    0    1    4    0    0    5    0    3    2  
   0    0    4    0    0    1    5    3    2    0  
   0    0    5    2    4    0    0    1    0    3  
   0    4    0    0    5    1    0    0    3    2  
   0    2    5    4    3    0    0    0    1    0  
   0    4    0    0    2    0    1    0    5    3  
   0    0    2    0    1    5    0    4    3    0  
   0    0    2    3    0    0    5    4    1    0  
   0    0    2    0    5    1    0    4    3    0  
   0    0    0    0    0    3    2    1    4    5  
   3    5    0    0    0    4    1    0    0    2  
   0    1    0    3    5    0    0    2    4    0  
   0    5    0    2    0    1    4    0    3    0  
   3    4    0    0    0    1    0    5    0    2  
   3    0    4    0    0    0    1    5    2    0  
   1    0    5    2    0    0    3    0    0    4  
   3    0    0    1    5    2    4    0    0    0  
   3    0    0    0    4    5    1    0    2    0  
   0    3    0    4    0    1    0    0    5    2  
   0    3    4    0    5    0    1    0    2    0  
   0    3    1    5    0    0    0    4    0    2  
   0    2    0    5    0    1    0    4    3    0  
   3    0    0    4    0    5    0    2    1    0  
   0    0    5    1    3    2    0    4    0    0  
   2    1    4    0    0    0    5    0    0    3  
   1    0    0    3    4    2    0    0    5    0  
   0    0    4    0    5    2    0    3    1    0  
   1    2    0    0    0    0    5    4    0    3  
   4    5    0    0    2    0    1    0    3    0  
   5    0    0    1    3    0    0    2    0    4  
   0    0    5    0    2    3    0    0    4    1  
   5    4    0    0    3    0    0    0    1    2  
   0    0    4    0    2    0    0    5    3    1  
   0    4    3    2    5    1    0    0    0    0  
   0    0    0    1    3    4    2    0    5    0  
   2    4    0    0    3    5    1    0    0    0  
   4    0    0    0    3    5    0    2    1    0  
   1    4    2    5    3    0    0    0    0    0  
   0    0    0    0    2    3    1    5    0    4  
   0    1    0    4    0    0    2    0    5    3  
   0    3    0    2    0    0    1    4    0    5  
   3    0    0    0    4    1    0    0    5    2  
   0    2    0    0    0    4    5    0    1    3  
   0    0    2    3    0    5    4    1    0    0  
   4    2    0    5    0    0    1    0    0    3  
   0    0    3    0    5    4    0    0    1    2  
   5    4    0    0    3    0    0    0    1    2  
   1    4    0    0    0    0    3    0    2    5  
   0    4    0    2    3    0    0    0    1    5  
   0    0    0    3    4    2    5    0    1    0  
   3    2    5    0    1    0    0    4    0    0  
   0    0    4    5    0    1    0    3    2    0  
   4    0    5    0    0    2    0    1    3    0  
   5    0    1    0    0    0    3    4    0    2  
   4    0    0    2    0    5    0    0    3    1  
   4    1    0    3    0    2    0    0    0    5  
   0    0    1    0    5    0    3    4    2    0  ] 
RESERVATION PRICES : [    6    0    6    0    6    0    7    0    6    0  
   0   11    0   11    0   11    0    0    9   11  
   0    0    0   14   17    0   17    0   17   19  
  16   19    0    0   18    0    0   19   18    0  
  18    0    0    0    0   18   18    0   18   22  
  20   21   25   25    0    0   21    0    0    0  
  27    0   30    0   28    0    0    0   25   24  
  29    0    0   30   29    0    0   29   38    0  
  29   35    0    0    0   29    0   37    0   39  
   0    0   42    0   39   43   40   35    0    0  
   0   52    0    0   49    0    0   47   48   46  
  41    0    0    0   44   41   52    0    0   51  
  49    0    0    0    0    0   51   52   54   50  
  44    0   44   51    0   47   51    0    0    0  
   0   47   63    0    0    0   49    0   62   49  
   0    0    0    0   66   50   65   67    0   58  
   0   68    0   57    0    0   58   74    0   59  
  59    0   67    0   62    0   72    0    0   66  
  67    0    0   62    0    0    0   55   75   55  
   0   84    0    0   70   80    0   65   63    0  
   0   75    0   63    0   83    0    0   69   68  
  73   74    0   72   70    0    0    0    0   69  
   0   88    0   80    0    0   87   80   65    0  
  69    0    0   84    0   88    0   93   84    0  
 102  101    0   86    0    0   89   99    0    0  
  81  105    0    0   90    0  100  107    0    0  
   0   86   97   86    0   95    0    0   88    0  
  87   93   85    0    0   98   93    0    0    0  
   0    0   89    0  119    0    0   95  105  105  
 108  104   95    0    0    0    0    0  107  122  
 100    0    0  101   98  120  101    0    0    0  
   0    0  119  119    0  118  100  107    0    0  
   0  106  102  115  104  131    0    0    0    0  
   0  135  137    0  134    0  107  136    0    0  
 105    0  112    0    0  134  134    0  110    0  
   0    0    0  107  110    0  112  119    0  125  
   0    0    0  114  136    0    0  113  115  132  
   0  112    0  138  144    0    0  109  148    0  
 153  151  148    0  116    0    0    0    0  146  
 122  129  151    0    0    0  156    0    0  117  
 160  162  136    0    0  163    0  134    0    0  
 164    0  149  120  164    0  124    0    0    0  
   0    0  130  143    0  124  131    0  151    0  
   0    0  173  157    0    0  138    0  169  174  
   0    0  138    0    0  144  150  171  157    0  
   0    0  162  165  134    0    0  155    0  175  
   0  182    0    0  141  165    0    0  176  170  
   0  139  184  189  157    0    0    0  186    0  
   0  142    0    0  147    0  171    0  139  141  
   0    0  146    0  198  150    0  153  181    0  
   0    0  170  150    0    0  176  169  172    0  
   0    0  171    0  192  198    0  175  177    0  
   0    0    0    0    0  160  215  210  178  167  
 214  207    0    0    0  194  165    0    0  171  
   0  191    0  169  211    0    0  169  170    0  
   0  220    0  163    0  202  209    0  219    0  
 200  189    0    0    0  215    0  167    0  189  
 207    0  219    0    0    0  188  216  165    0  
 195    0  176  206    0    0  193    0    0  205  
 186    0    0  173  192  222  204    0    0    0  
 223    0    0    0  216  203  181    0  203    0  
   0  199    0  171    0  193    0    0  212  199  
   0  221  177    0  216    0  207    0  180    0  
   0  214  194  204    0    0    0  199    0  189  
   0  211    0  207    0  176    0  191  208    0  
 241    0    0  217    0  208    0  180  214    0  
   0    0  208  203  197  180    0  225    0    0  
 196  213  213    0    0    0  192    0    0  226  
 203    0    0  236  252  254    0    0  192    0  
   0    0  198    0  242  214    0  200  246    0  
 243  253    0    0    0    0  208  261    0  209  
 263  216    0    0  198    0  264    0  220    0  
 203    0    0  227  241    0    0  237    0  256  
   0    0  211    0  250  232    0    0  235  212  
 257  263    0    0  206    0    0    0  257  211  
   0    0  269    0  222    0    0  217  234  284  
   0  215  289  224  266  212    0    0    0    0  
   0    0    0  259  220  233  232    0  242    0  
 277  278    0    0  216  298  217    0    0    0  
 282    0    0    0  297  255    0  244  271    0  
 301  263  242  222  252    0    0    0    0    0  
   0    0    0    0  299  283  250  219    0  224  
   0  230    0  270    0    0  292    0  257  285  
   0  259    0  239    0    0  307  289    0  258  
 293    0    0    0  292  231    0    0  284  258  
   0  286    0    0    0  276  257    0  234  294  
   0    0  312  306    0  274  269  286    0    0  
 304  276    0  249    0    0  322    0    0  254  
   0    0  241    0  274  257    0    0  239  326  
 267  251    0    0  301    0    0    0  241  307  
 335  297    0    0    0    0  314    0  324  265  
   0  254    0  300  288    0    0    0  314  266  
   0    0    0  345  282  320  262    0  250    0  
 278  318  259    0  270    0    0  279    0    0  
   0    0  349  262    0  323    0  283  263    0  
 343    0  295    0    0  312    0  335  295    0  
 354    0  306    0    0    0  360  322    0  269  
 323    0    0  359    0  289    0    0  295  299  
 318  282    0  317    0  286    0    0    0  288  
   0    0  302    0  328    0  294  295  371    0  ] 
 ] 
