K : 100
I : 5
C : 4
INSTANCE : 5
PREFERENCES : [    0    3    1    0    2  
   1    0    2    3    0  
   2    1    0    3    0  
   2    0    3    0    1  
   1    3    0    0    2  
   3    1    0    0    2  
   2    0    0    1    3  
   2    0    0    3    1  
   1    0    2    3    0  
   2    3    0    1    0  
   0    2    3    1    0  
   3    0    1    0    2  
   1    3    0    0    2  
   2    3    0    0    1  
   2    1    0    3    0  
   0    2    3    1    0  
   2    1    3    0    0  
   0    1    3    0    2  
   0    3    1    0    2  
   2    3    0    0    1  
   3    1    0    0    2  
   0    3    2    0    1  
   0    3    1    2    0  
   0    2    1    0    3  
   0    2    0    3    1  
   1    0    3    2    0  
   2    0    0    1    3  
   2    1    0    3    0  
   2    0    3    1    0  
   0    1    2    0    3  
   0    3    2    0    1  
   3    1    0    2    0  
   1    0    3    2    0  
   0    2    3    1    0  
   3    0    1    0    2  
   3    2    0    1    0  
   2    3    0    0    1  
   0    1    3    0    2  
   0    2    0    3    1  
   1    0    3    2    0  
   2    1    0    3    0  
   0    1    3    2    0  
   2    1    0    3    0  
   2    1    0    0    3  
   0    2    0    1    3  
   0    2    0    3    1  
   0    1    0    2    3  
   0    1    0    3    2  
   2    0    0    3    1  
   0    1    3    2    0  
   3    2    0    1    0  
   0    0    1    3    2  
   2    3    0    0    1  
   1    0    2    3    0  
   0    2    3    1    0  
   2    0    0    3    1  
   0    0    3    2    1  
   1    2    0    0    3  
   0    2    3    0    1  
   3    1    0    0    2  
   0    1    2    0    3  
   0    1    3    2    0  
   0    1    3    2    0  
   0    3    1    2    0  
   1    0    0    3    2  
   0    2    0    1    3  
   3    0    2    0    1  
   3    2    0    0    1  
   2    0    0    3    1  
   3    2    0    1    0  
   3    0    2    0    1  
   0    1    0    3    2  
   1    3    2    0    0  
   0    1    3    0    2  
   0    2    0    3    1  
   0    3    1    0    2  
   1    0    2    3    0  
   3    1    0    2    0  
   1    3    2    0    0  
   0    3    1    0    2  
   1    2    3    0    0  
   0    0    2    3    1  
   0    0    2    1    3  
   1    3    0    2    0  
   2    0    3    1    0  
   0    3    2    1    0  
   1    0    2    0    3  
   0    1    0    2    3  
   3    0    2    0    1  
   0    3    0    2    1  
   0    0    2    1    3  
   0    2    1    0    3  
   0    1    3    0    2  
   1    0    3    0    2  
   3    0    0    2    1  
   0    2    0    3    1  
   0    2    1    0    3  
   0    2    1    0    3  
   3    0    0    2    1  
   0    3    2    0    1  ] 
RESERVATION PRICES : [    0    6    7    0    7  
  12    0   13   11    0  
  13   14    0   11    0  
  15    0   14    0   18  
  24   18    0    0   18  
  21   23    0    0   26  
  25    0    0   23   31  
  34    0    0   26   30  
  32    0   28   30    0  
  34   38    0   34    0  
   0   37   30   31    0  
  35    0   38    0   34  
  33   33    0    0   36  
  44   36    0    0   40  
  38   35    0   46    0  
   0   49   48   38    0  
  39   45   39    0    0  
   0   48   52    0   43  
   0   45   54    0   55  
  58   52    0    0   57  
  59   49    0    0   51  
   0   57   64    0   64  
   0   60   72   69    0  
   0   72   76    0   83  
   0   66    0   64   71  
  78    0   88   91    0  
  93    0    0   85   91  
  73   79    0   81    0  
  90    0   85   92    0  
   0   87  108    0  108  
   0   97   91    0  104  
 109   98    0   86    0  
 104    0  106  106    0  
   0  109   91   94    0  
 101    0  123    0  122  
 118  125    0  106    0  
 102  139    0    0  104  
   0  107  112    0  137  
   0  147    0  142  116  
 139    0  142  140    0  
 137  139    0  151    0  
   0  151  137  140    0  
 116  134    0  157    0  
 166  141    0    0  141  
   0  172    0  151  140  
   0  132    0  164  157  
   0  166    0  166  165  
   0  164    0  129  152  
 136    0    0  148  165  
   0  180  155  172    0  
 182  138    0  174    0  
   0    0  166  177  192  
 192  175    0    0  196  
 152    0  176  173    0  
   0  173  162  157    0  
 187    0    0  208  163  
   0    0  166  158  168  
 174  212    0    0  215  
   0  196  171    0  175  
 182  194    0    0  220  
   0  198  177    0  190  
   0  181  222  174    0  
   0  194  175  169    0  
   0  187  236  211    0  
 216    0    0  205  173  
   0  226    0  226  221  
 196    0  217    0  204  
 192  188    0    0  249  
 252    0    0  190  183  
 223  200    0  188    0  
 218    0  241    0  263  
   0  218    0  249  253  
 224  266  197    0    0  
   0  208  209    0  273  
   0  200    0  235  239  
   0  206  243    0  226  
 264    0  205  234    0  
 273  256    0  238    0  
 246  276  274    0    0  
   0  251  280    0  289  
 238  252  251    0    0  
   0    0  297  289  251  
   0    0  259  275  264  
 264  316    0  313    0  
 281    0  245  301    0  
   0  293  282  276    0  
 288    0  302    0  316  
   0  241    0  304  252  
 239    0  291    0  319  
   0  293    0  249  334  
   0    0  282  315  285  
   0  281  261    0  331  
   0  346  249    0  256  
 266    0  346    0  305  
 326    0    0  326  283  
   0  270    0  291  324  
   0  267  280    0  318  
   0  302  367    0  353  
 371    0    0  305  285  
   0  377  354    0  334  ] 
 ] 
