K : 100
I : 10
C : 10
INSTANCE : 3
PREFERENCES : [    4    2    0    5    0    0    1    0    0    3  
   3    4    0    0    0    0    1    0    5    2  
   0    1    0    0    4    5    0    2    3    0  
   4    0    0    2    1    0    5    3    0    0  
   2    0    0    0    0    3    5    1    4    0  
   3    0    0    0    0    5    0    2    1    4  
   4    0    5    0    1    0    0    0    3    2  
   3    4    0    2    1    5    0    0    0    0  
   5    4    2    0    3    0    0    0    0    1  
   0    0    4    5    0    0    1    3    2    0  
   0    3    1    5    2    0    0    4    0    0  
   5    2    4    0    0    0    0    3    1    0  
   2    0    4    1    3    0    0    0    0    5  
   0    4    0    0    3    0    1    0    2    5  
   4    0    0    5    0    3    0    0    2    1  
   3    4    1    0    0    5    0    2    0    0  
   0    0    3    0    1    5    0    2    0    4  
   0    0    4    0    5    2    0    0    1    3  
   4    1    5    0    0    0    0    0    3    2  
   3    0    4    0    5    0    0    2    0    1  
   1    2    5    0    0    0    3    0    0    4  
   0    0    0    2    3    0    4    0    5    1  
   2    1    0    0    3    0    0    4    5    0  
   0    0    5    4    0    1    0    3    0    2  
   1    0    0    0    3    4    5    2    0    0  
   1    0    4    2    0    0    5    0    3    0  
   0    0    0    1    2    0    5    3    0    4  
   5    3    2    0    4    0    0    1    0    0  
   1    0    0    2    0    0    5    3    0    4  
   2    0    0    0    5    0    3    1    4    0  
   1    0    0    2    4    3    5    0    0    0  
   0    0    0    0    5    1    0    2    4    3  
   1    5    0    3    0    0    0    2    4    0  
   0    0    2    0    5    3    0    0    4    1  
   3    0    0    0    4    0    0    2    1    5  
   0    1    0    4    0    0    2    3    0    5  
   1    3    5    0    0    0    2    0    0    4  
   2    0    3    1    0    4    0    5    0    0  
   3    5    0    2    4    0    0    1    0    0  
   5    0    0    4    0    1    0    2    0    3  
   0    2    0    4    0    1    3    0    0    5  
   3    1    2    0    0    0    0    4    5    0  
   0    2    5    4    0    0    0    3    1    0  
   5    0    0    3    0    0    0    1    4    2  
   0    4    5    1    3    0    2    0    0    0  
   5    1    0    0    0    2    4    3    0    0  
   4    0    0    3    0    0    2    0    1    5  
   0    4    0    0    0    1    0    5    2    3  
   5    2    0    0    4    3    0    0    1    0  
   0    0    2    3    1    4    0    5    0    0  
   0    0    1    3    5    4    0    0    2    0  
   0    2    0    5    3    4    0    1    0    0  
   4    5    0    0    0    1    3    0    0    2  
   5    1    0    3    4    0    0    2    0    0  
   5    4    0    0    1    0    0    3    0    2  
   0    0    0    4    0    0    2    3    1    5  
   1    4    2    3    0    0    5    0    0    0  
   0    3    4    0    0    0    0    2    1    5  
   4    0    1    0    3    2    0    0    5    0  
   0    1    5    4    0    0    0    0    3    2  
   2    0    4    0    0    3    1    5    0    0  
   1    0    0    0    4    2    5    0    3    0  
   0    0    3    0    0    5    2    0    1    4  
   1    4    0    0    3    5    0    2    0    0  
   0    4    1    2    5    0    0    3    0    0  
   4    2    0    0    1    0    3    0    0    5  
   0    0    3    0    4    2    5    0    0    1  
   5    1    0    4    3    0    0    2    0    0  
   4    0    1    0    5    0    3    0    2    0  
   4    0    3    5    2    0    0    0    0    1  
   4    3    0    0    2    5    0    0    0    1  
   3    0    2    1    0    0    5    4    0    0  
   5    0    1    0    0    0    2    3    0    4  
   0    0    0    5    4    0    3    0    2    1  
   3    0    4    5    1    0    0    2    0    0  
   0    0    1    4    3    2    5    0    0    0  
   4    1    3    0    0    5    0    0    0    2  
   0    2    0    0    0    4    0    3    1    5  
   0    5    0    0    1    4    0    3    2    0  
   4    0    0    1    5    0    0    2    0    3  
   3    0    4    5    2    1    0    0    0    0  
   0    0    0    4    0    3    1    5    2    0  
   2    0    4    0    1    0    0    5    0    3  
   3    0    0    0    5    0    4    2    0    1  
   3    0    0    5    0    1    0    0    2    4  
   0    0    0    5    1    2    0    3    0    4  
   0    2    0    1    0    0    0    4    3    5  
   0    4    0    0    0    3    5    0    2    1  
   0    2    0    0    1    0    5    3    4    0  
   1    3    2    5    4    0    0    0    0    0  
   4    0    0    0    1    5    2    3    0    0  
   3    4    0    0    2    0    1    5    0    0  
   4    3    0    0    0    0    1    5    0    2  
   4    0    5    1    0    0    2    3    0    0  
   2    0    0    4    1    5    0    0    0    3  
   4    0    5    0    0    1    0    2    3    0  
   0    0    0    1    0    5    4    2    0    3  
   0    0    5    2    1    3    0    4    0    0  
   0    5    0    4    0    3    1    0    2    0  
   2    0    4    3    0    0    5    0    0    1  ] 
RESERVATION PRICES : [   10    9    0    8    0    0    9    0    0    9  
  13   14    0    0    0    0   12    0   11   12  
   0   12    0    0   13   13    0   12   13    0  
  16    0    0   17   13    0   13   15    0    0  
  23    0    0    0    0   19   21   18   18    0  
  22    0    0    0    0   21    0   20   26   22  
  24    0   23    0   23    0    0    0   27   22  
  30   37    0   34   35   33    0    0    0    0  
  34   31   29    0   34    0    0    0    0   32  
   0    0   33   34    0    0   40   37   41    0  
   0   39   35   46   46    0    0   48    0    0  
  38   35   47    0    0    0    0   43   46    0  
  44    0   47   54   42    0    0    0    0   50  
   0   55    0    0   58    0   46    0   44   59  
  63    0    0   54    0   56    0    0   61   62  
  61   66   69    0    0   65    0   51    0    0  
   0    0   52    0   69   68    0   62    0   60  
   0    0   61    0   69   71    0    0   58   68  
  67   72   69    0    0    0    0    0   68   78  
  81    0   67    0   76    0    0   68    0   69  
  64   68   85    0    0    0   65    0    0   75  
   0    0    0   76   91    0   86    0   88   78  
  69   87    0    0   88    0    0   91   74    0  
   0    0   87  100    0   86    0   94    0   89  
  93    0    0    0   85   87  108   94    0    0  
 100    0   93  100    0    0   91    0   83    0  
   0    0    0   86  100    0  109  104    0   95  
 108  102  106    0  116    0    0   86    0    0  
 116    0    0  116    0    0  113  116    0  109  
 113    0    0    0  105    0  113  105  120    0  
  96    0    0  112   93  105  120    0    0    0  
   0    0    0    0  107  110    0  128  119  111  
 102  106    0  111    0    0    0  125  111    0  
   0    0  109    0  110  107    0    0  101  122  
 114    0    0    0  104    0    0  104  120  122  
   0  110    0  101    0    0  139  133    0  134  
 133  134  107    0    0    0  135    0    0  122  
 135    0  116  137    0  116    0  121    0    0  
 142  125    0  130  114    0    0  119    0    0  
 132    0    0  146    0  119    0  121    0  124  
   0  147    0  141    0  114  137    0    0  115  
 154  134  119    0    0    0    0  132  156    0  
   0  128  126  157    0    0    0  120  125    0  
 129    0    0  172    0    0    0  142  144  164  
   0  173  153  175  172    0  129    0    0    0  
 155  172    0    0    0  158  142  138    0    0  
 134    0    0  168    0    0  165    0  162  138  
   0  168    0    0    0  152    0  164  187  154  
 180  190    0    0  162  160    0    0  160    0  
   0    0  158  188  156  173    0  180    0    0  
   0    0  170  172  149  166    0    0  145    0  
   0  175    0  157  150  174    0  152    0    0  
 162  206    0    0    0  177  168    0    0  184  
 159  210    0  201  213    0    0  173    0    0  
 161  191    0    0  186    0    0  171    0  206  
   0    0    0  211    0    0  195  168  223  169  
 174  203  165  227    0    0  198    0    0    0  
   0  193  227    0    0    0    0  217  206  199  
 184    0  175    0  173  226    0    0  189    0  
   0  190  172  240    0    0    0    0  233  194  
 200    0  231    0    0  187  184  204    0    0  
 212    0    0    0  241  196  192    0  179    0  
   0    0  204    0    0  209  219    0  186  220  
 198  202    0    0  236  228    0  234    0    0  
   0  199  198  236  192    0    0  187    0    0  
 189  249    0    0  240    0  235    0    0  243  
   0    0  202    0  247  260  258    0    0  250  
 196  264    0  202  226    0    0  230    0    0  
 225    0  244    0  231    0  263    0  268    0  
 237    0  212  223  201    0    0    0    0  202  
 228  216    0    0  230  263    0    0    0  245  
 210    0  268  245    0    0  265  264    0    0  
 210    0  256    0    0    0  246  256    0  203  
   0    0    0  277  212    0  281    0  272  267  
 273    0  230  232  288    0    0  291    0    0  
   0    0  221  245  242  231  226    0    0    0  
 263  250  263    0    0  223    0    0    0  264  
   0  260    0    0    0  263    0  265  244  257  
   0  263    0    0  268  269    0  286  305    0  
 235    0    0  283  297    0    0  303    0  266  
 293    0  314  283  271  225    0    0    0    0  
   0    0    0  314    0  248  305  285  276    0  
 266    0  253    0  320    0    0  305    0  273  
 262    0    0    0  283    0  297  246    0  258  
 300    0    0  230    0  258    0    0  266  274  
   0    0    0  242  297  270    0  325    0  324  
   0  263    0  283    0    0    0  263  266  246  
   0  245    0    0    0  244  294    0  317  307  
   0  329    0    0  286    0  254  298  324    0  
 303  258  270  291  343    0    0    0    0    0  
 297    0    0    0  329  325  300  328    0    0  
 339  350    0    0  338    0  326  299    0    0  
 258  299    0    0    0    0  291  346    0  302  
 295    0  305  290    0    0  352  310    0    0  
 322    0    0  346  300  276    0    0    0  289  
 289    0  356    0    0  314    0  263  284    0  
   0    0    0  281    0  337  310  358    0  266  
   0    0  326  318  300  303    0  354    0    0  
   0  362    0  343    0  290  270    0  364    0  
 321    0  331  318    0    0  360    0    0  284  ] 
 ] 
