K : 125
I : 5
C : 25
INSTANCE : 3
PREFERENCES : [    3    1    0    0    2  
   0    2    3    0    1  
   3    2    0    1    0  
   0    0    1    3    2  
   1    3    2    0    0  
   1    0    3    2    0  
   3    0    2    1    0  
   0    1    0    2    3  
   1    0    3    2    0  
   2    0    3    1    0  
   0    2    0    3    1  
   3    2    1    0    0  
   0    2    1    3    0  
   3    0    0    2    1  
   2    1    3    0    0  
   2    0    0    3    1  
   0    0    2    1    3  
   0    1    3    0    2  
   0    2    1    0    3  
   2    0    0    3    1  
   2    1    0    0    3  
   1    3    0    0    2  
   2    0    1    0    3  
   0    1    3    2    0  
   0    2    3    1    0  
   0    0    3    1    2  
   0    1    3    2    0  
   0    1    2    3    0  
   0    0    2    1    3  
   2    0    0    3    1  
   1    3    2    0    0  
   1    2    0    3    0  
   3    1    2    0    0  
   3    0    0    2    1  
   3    1    0    0    2  
   0    3    2    0    1  
   1    0    0    3    2  
   3    1    0    0    2  
   2    3    0    0    1  
   2    3    0    1    0  
   3    2    0    1    0  
   3    0    2    1    0  
   1    2    3    0    0  
   0    0    2    3    1  
   1    0    2    0    3  
   2    3    0    1    0  
   0    1    0    2    3  
   0    1    0    3    2  
   0    0    3    1    2  
   0    2    3    0    1  
   3    0    0    2    1  
   0    1    3    2    0  
   1    3    0    0    2  
   3    0    0    2    1  
   0    0    3    1    2  
   3    0    1    0    2  
   0    0    2    3    1  
   2    1    3    0    0  
   3    1    2    0    0  
   0    2    3    0    1  
   0    2    0    1    3  
   0    2    1    0    3  
   0    3    2    0    1  
   1    0    3    0    2  
   0    3    0    2    1  
   2    1    0    3    0  
   0    3    2    0    1  
   3    2    0    0    1  
   0    3    2    0    1  
   1    0    3    2    0  
   1    0    2    0    3  
   3    2    1    0    0  
   3    0    0    2    1  
   0    2    1    3    0  
   2    0    3    1    0  
   0    3    0    1    2  
   0    0    2    1    3  
   0    2    3    1    0  
   2    3    0    0    1  
   1    0    0    3    2  
   0    2    1    3    0  
   2    0    1    3    0  
   0    3    2    0    1  
   0    3    1    2    0  
   0    0    1    3    2  
   1    2    0    0    3  
   3    2    1    0    0  
   3    2    0    0    1  
   3    1    2    0    0  
   2    3    0    1    0  
   3    2    1    0    0  
   1    2    0    0    3  
   0    1    0    3    2  
   2    0    0    1    3  
   1    2    0    0    3  
   3    0    2    1    0  
   1    2    0    0    3  
   0    1    3    2    0  
   3    1    2    0    0  
   1    2    0    3    0  
   2    0    1    0    3  
   1    3    0    2    0  
   3    2    1    0    0  
   3    2    0    0    1  
   1    2    0    0    3  
   1    2    0    0    3  
   3    0    2    0    1  
   3    0    1    0    2  
   0    3    2    0    1  
   0    0    3    1    2  
   0    3    2    0    1  
   0    0    1    3    2  
   0    0    2    1    3  
   1    2    0    3    0  
   0    1    3    2    0  
   3    0    0    2    1  
   3    0    1    2    0  
   2    3    0    0    1  
   2    3    1    0    0  
   3    2    1    0    0  
   0    0    2    3    1  
   2    0    0    1    3  
   0    3    0    2    1  
   2    3    0    0    1  
   0    3    2    0    1  ] 
RESERVATION PRICES : [    8    9    0    0    8  
   0   12   11    0   12  
  13   17    0   16    0  
   0    0   21   19   21  
  23   24   27    0    0  
  24    0   33   27    0  
  30    0   36   36    0  
   0   34    0   38   32  
  40    0   37   41    0  
  43    0   44   40    0  
   0   51    0   51   41  
  47   52   53    0    0  
   0   56   51   54    0  
  59    0    0   49   53  
  50   58   54    0    0  
  65    0    0   72   62  
   0    0   62   67   63  
   0   58   60    0   59  
   0   59   80    0   69  
  76    0    0   86   84  
  81   75    0    0   73  
  92   90    0    0   79  
  71    0   87    0   72  
   0   74   93   82    0  
   0   97   79   94    0  
   0    0   82   97  107  
   0   91   91   93    0  
   0   92  104   97    0  
   0    0  121  121  121  
 103    0    0  119  109  
 124  109  125    0    0  
 107  123    0  112    0  
 114  130  126    0    0  
 126    0    0  130  116  
 143  111    0    0  144  
   0  104  106    0  133  
 136    0    0  143  112  
 112  117    0    0  130  
 151  133    0    0  148  
 123  149    0  159    0  
 130  155    0  167    0  
 154    0  126  154    0  
 148  152  141    0    0  
   0    0  140  141  149  
 172    0  134    0  132  
 135  135    0  153    0  
   0  143    0  149  165  
   0  148    0  180  178  
   0    0  141  136  145  
   0  136  135    0  172  
 171    0    0  183  190  
   0  145  197  168    0  
 179  178    0    0  169  
 203    0    0  188  199  
   0    0  183  167  162  
 195    0  198    0  202  
   0    0  188  203  204  
 200  176  164    0    0  
 226  201  173    0    0  
   0  186  234    0  175  
   0  234    0  228  209  
   0  229  216    0  230  
   0  220  234    0  217  
 223    0  233    0  180  
   0  226    0  183  187  
 251  212    0  215    0  
   0  208  223    0  230  
 202  230    0    0  262  
   0  240  252    0  194  
 243    0  253  255    0  
 262    0  234    0  266  
 208  218  225    0    0  
 249    0    0  251  260  
   0  246  226  221    0  
 224    0  271  271    0  
   0  255    0  264  210  
   0    0  251  265  241  
   0  268  275  242    0  
 287  229    0    0  225  
 268    0    0  269  296  
   0  260  304  286    0  
 234    0  288  253    0  
   0  246  285    0  244  
   0  318  289  291    0  
   0    0  277  309  247  
 296  297    0    0  260  
 330  242  246    0    0  
 294  302    0    0  270  
 333  302  338    0    0  
 253  319    0  256    0  
 267  306  285    0    0  
 316  291    0    0  265  
   0  345    0  288  316  
 266    0    0  359  306  
 272  281    0    0  267  
 321    0  342  291    0  
 293  295    0    0  280  
   0  276  344  283    0  
 364  281  341    0    0  
 323  370    0  339    0  
 282    0  359    0  343  
 294  367    0  294    0  
 319  356  343    0    0  
 313  333    0    0  388  
 388  377    0    0  357  
 372  373    0    0  342  
 344    0  350    0  313  
 389    0  349    0  299  
   0  297  304    0  343  
   0    0  390  333  348  
   0  355  362    0  399  
   0    0  415  346  382  
   0    0  327  391  360  
 391  315    0  326    0  
   0  427  436  379    0  
 438    0    0  382  436  
 394    0  375  408    0  
 421  413    0    0  375  
 445  354  381    0    0  
 391  375  441    0    0  
   0    0  360  375  428  
 399    0    0  369  401  
   0  368    0  356  416  
 463  380    0    0  429  
   0  421  415    0  370  ] 
 ] 
