K : 100
I : 5
C : 20
INSTANCE : 1
PREFERENCES : [    3    1    2    0    0  
   1    2    3    0    0  
   0    2    0    3    1  
   2    1    0    3    0  
   0    1    3    2    0  
   0    3    2    0    1  
   3    1    2    0    0  
   0    0    2    3    1  
   0    3    2    1    0  
   3    1    2    0    0  
   2    0    3    0    1  
   3    0    0    1    2  
   0    2    1    0    3  
   3    1    0    0    2  
   2    1    0    3    0  
   0    1    3    0    2  
   0    2    0    3    1  
   3    0    1    2    0  
   0    2    0    1    3  
   2    0    1    0    3  
   3    2    0    1    0  
   1    2    0    0    3  
   2    1    0    3    0  
   3    0    0    1    2  
   0    2    0    3    1  
   0    3    0    1    2  
   2    1    0    0    3  
   0    3    1    0    2  
   0    1    0    2    3  
   2    3    0    0    1  
   2    3    0    0    1  
   2    3    0    1    0  
   2    0    1    3    0  
   0    2    1    0    3  
   2    1    0    0    3  
   1    2    3    0    0  
   3    2    0    1    0  
   3    0    2    1    0  
   0    1    3    0    2  
   0    0    1    3    2  
   2    1    3    0    0  
   1    2    3    0    0  
   1    0    0    2    3  
   0    1    2    3    0  
   2    0    0    1    3  
   0    2    0    3    1  
   0    3    2    1    0  
   3    0    1    2    0  
   1    0    2    0    3  
   0    3    1    2    0  
   3    0    0    1    2  
   3    2    1    0    0  
   3    0    0    1    2  
   0    3    1    2    0  
   1    3    0    0    2  
   2    1    0    0    3  
   0    1    3    0    2  
   2    0    3    0    1  
   0    1    2    0    3  
   1    0    2    0    3  
   0    0    1    2    3  
   0    2    1    3    0  
   3    0    2    1    0  
   0    3    2    1    0  
   2    1    0    3    0  
   1    3    2    0    0  
   1    0    2    3    0  
   1    2    0    3    0  
   2    0    1    0    3  
   1    3    0    0    2  
   1    2    0    0    3  
   1    2    3    0    0  
   1    0    0    2    3  
   0    2    3    1    0  
   0    2    3    0    1  
   2    1    3    0    0  
   1    3    0    0    2  
   1    0    3    2    0  
   1    0    2    3    0  
   1    0    0    2    3  
   2    3    0    1    0  
   0    1    2    3    0  
   0    0    3    2    1  
   2    1    0    3    0  
   1    3    0    2    0  
   0    1    2    3    0  
   2    1    0    0    3  
   0    2    3    1    0  
   2    3    0    1    0  
   1    2    0    3    0  
   0    1    3    2    0  
   2    1    3    0    0  
   0    1    2    0    3  
   3    0    1    2    0  
   2    1    0    0    3  
   2    0    0    3    1  
   1    3    0    2    0  
   3    0    0    1    2  
   0    1    0    2    3  
   1    0    2    0    3  ] 
RESERVATION PRICES : [    6    6    6    0    0  
  11   11   13    0    0  
   0   16    0   13   13  
  20   23    0   19    0  
   0   21   27   26    0  
   0   27   29    0   24  
  24   30   30    0    0  
   0    0   33   28   27  
   0   35   35   39    0  
  37   46   42    0    0  
  34    0   35    0   40  
  44    0    0   47   40  
   0   52   51    0   53  
  44   45    0    0   43  
  47   48    0   56    0  
   0   56   56    0   60  
   0   64    0   69   75  
  74    0   65   64    0  
   0   74    0   64   64  
  62    0   82    0   80  
  65   69    0   74    0  
  81   65    0    0   66  
  75   83    0   76    0  
  72    0    0   74   89  
   0   77    0   74   86  
   0   80    0   97   77  
 108   90    0    0   96  
   0   94   94    0   98  
   0   91    0   89  110  
 103   85    0    0  101  
  92  103    0    0   88  
  99   98    0  110    0  
 124    0  119  121    0  
   0   97  116    0  111  
  99  124    0    0  111  
 139  118  116    0    0  
 125  124    0  144    0  
 133    0  117  124    0  
   0  133  135    0  125  
   0    0  159  128  133  
 156  127  124    0    0  
 157  129  158    0    0  
 156    0    0  136  159  
   0  178  141  141    0  
 139    0    0  141  162  
   0  135    0  182  177  
   0  174  155  156    0  
 160    0  164  179    0  
 165    0  153    0  160  
   0  157  183  177    0  
 182    0    0  174  206  
 184  184  190    0    0  
 195    0    0  163  178  
   0  193  184  157    0  
 198  209    0    0  212  
 182  181    0    0  171  
   0  222  164    0  177  
 189    0  212    0  180  
   0  203  176    0  218  
 220    0  203    0  176  
   0    0  198  212  181  
   0  228  209  211    0  
 190    0  214  224    0  
   0  262  197  223    0  
 247  200    0  243    0  
 199  193  237    0    0  
 266    0  247  253    0  
 224  240    0  215    0  
 273    0  204    0  246  
 250  277    0    0  214  
 244  263    0    0  261  
 214  208  271    0    0  
 223    0    0  273  266  
   0  282  285  209    0  
   0  279  242    0  274  
 211  266  247    0    0  
 240  268    0    0  233  
 235    0  266  251    0  
 223    0  272  241    0  
 277    0    0  269  283  
 235  245    0  280    0  
   0  277  314  254    0  
   0    0  243  272  234  
 235  282    0  280    0  
 255  273    0  285    0  
   0  244  245  266    0  
 273  312    0    0  239  
   0  250  307  257    0  
 288  244    0  277    0  
 305  266    0  273    0  
   0  316  301  306    0  
 325  295  335    0    0  
   0  341  339    0  253  
 309    0  264  276    0  
 347  309    0    0  279  
 282    0    0  325  274  
 326  326    0  363    0  
 363    0    0  321  330  
   0  269    0  302  368  
 292    0  328    0  339  ] 
 ] 
