K : 100
I : 5
C : 16
INSTANCE : 4
PREFERENCES : [    3    0    1    0    2  
   0    1    3    0    2  
   0    2    3    0    1  
   1    0    0    2    3  
   0    3    1    2    0  
   0    0    2    1    3  
   0    3    2    0    1  
   0    2    1    3    0  
   0    0    3    1    2  
   1    2    0    3    0  
   0    3    1    0    2  
   0    3    0    1    2  
   2    0    1    0    3  
   0    2    1    3    0  
   2    3    1    0    0  
   0    3    1    2    0  
   0    0    3    2    1  
   2    0    3    0    1  
   3    0    2    0    1  
   0    2    1    3    0  
   3    0    1    2    0  
   1    2    0    3    0  
   0    3    1    0    2  
   2    3    0    1    0  
   2    0    0    1    3  
   3    1    2    0    0  
   2    0    1    0    3  
   3    0    1    2    0  
   1    3    0    2    0  
   0    0    3    2    1  
   1    0    0    2    3  
   0    0    3    1    2  
   2    0    1    3    0  
   2    0    1    3    0  
   2    0    3    1    0  
   0    3    2    0    1  
   0    0    2    1    3  
   1    0    3    2    0  
   3    0    0    2    1  
   3    1    2    0    0  
   1    0    0    2    3  
   3    2    1    0    0  
   1    0    2    0    3  
   0    0    1    2    3  
   1    0    2    0    3  
   2    0    1    3    0  
   0    3    0    1    2  
   0    1    2    0    3  
   3    0    1    2    0  
   0    3    1    2    0  
   0    2    0    3    1  
   1    3    2    0    0  
   0    2    3    0    1  
   3    1    2    0    0  
   2    1    0    0    3  
   2    1    0    3    0  
   2    0    0    1    3  
   2    0    1    3    0  
   3    1    2    0    0  
   3    0    1    0    2  
   3    1    0    2    0  
   3    1    0    2    0  
   1    0    2    3    0  
   3    2    0    0    1  
   1    3    0    2    0  
   2    3    0    0    1  
   3    0    0    2    1  
   0    3    1    2    0  
   0    1    2    3    0  
   1    2    0    0    3  
   0    0    3    1    2  
   2    3    0    0    1  
   0    1    2    3    0  
   1    2    0    3    0  
   1    3    2    0    0  
   0    3    2    1    0  
   3    2    1    0    0  
   0    2    3    0    1  
   2    0    1    0    3  
   0    1    0    3    2  
   2    3    0    1    0  
   0    0    1    2    3  
   3    0    1    0    2  
   2    1    0    3    0  
   0    0    2    3    1  
   0    1    0    2    3  
   3    2    0    1    0  
   2    0    0    1    3  
   2    0    1    0    3  
   0    0    1    2    3  
   0    0    3    2    1  
   0    2    3    1    0  
   1    3    0    2    0  
   0    1    3    0    2  
   1    2    0    0    3  
   1    2    0    3    0  
   2    0    0    1    3  
   3    2    0    0    1  
   3    0    0    2    1  
   3    0    0    2    1  ] 
RESERVATION PRICES : [    7    0    9    0    8  
   0   10   11    0    9  
   0   13   14    0   13  
  21    0    0   23   18  
   0   24   26   25    0  
   0    0   28   24   29  
   0   35   33    0   33  
   0   31   30   40    0  
   0    0   44   45   43  
  40   46    0   48    0  
   0   47   52    0   52  
   0   47    0   56   46  
  53    0   62    0   57  
   0   63   56   61    0  
  75   74   63    0    0  
   0   58   64   59    0  
   0    0   61   77   73  
  61    0   81    0   70  
  63    0   65    0   77  
   0   81   86   66    0  
  78    0   78   80    0  
  80   86    0   74    0  
   0   72   70    0   77  
  88   83    0   83    0  
  92    0    0   83   87  
  81   74   99    0    0  
  81    0   88    0   97  
  83    0   97  103    0  
 108   78    0   86    0  
   0    0   97  100   87  
  98    0    0   90   84  
   0    0   98   89  113  
  91    0  120  120    0  
  93    0   99  103    0  
 112    0  131  104    0  
   0  105  137    0  112  
   0    0  113  133  137  
 141    0  112  106    0  
 150    0    0  120  122  
 130  144  148    0    0  
 145    0    0  116  139  
 131  116  124    0    0  
 141    0  158    0  122  
   0    0  136  141  152  
 156    0  166    0  150  
 144    0  146  160    0  
   0  151    0  141  163  
   0  141  150    0  157  
 183    0  165  180    0  
   0  175  180  156    0  
   0  154    0  164  176  
 173  198  175    0    0  
   0  186  153    0  205  
 159  176  194    0    0  
 208  175    0    0  185  
 215  209    0  182    0  
 199    0    0  217  181  
 157    0  211  216    0  
 204  201  187    0    0  
 227    0  223    0  191  
 208  180    0  196    0  
 211  189    0  184    0  
 217    0  232  200    0  
 207  213    0    0  216  
 179  186    0  236    0  
 251  188    0    0  204  
 212    0    0  244  229  
   0  208  261  206    0  
   0  243  203  198    0  
 194  201    0    0  213  
   0    0  237  224  226  
 207  226    0    0  252  
   0  234  202  259    0  
 236  245    0  215    0  
 263  218  214    0    0  
   0  263  230  259    0  
 229  291  225    0    0  
   0  229  221    0  282  
 241    0  219    0  283  
   0  292    0  294  254  
 254  235    0  277    0  
   0    0  290  298  235  
 246    0  252    0  230  
 227  223    0  237    0  
   0    0  311  259  231  
   0  319    0  267  287  
 269  253    0  294    0  
 239    0    0  306  281  
 255    0  283    0  269  
   0    0  284  281  263  
   0    0  339  271  317  
   0  342  321  292    0  
 344  267    0  314    0  
   0  256  285    0  323  
 255  336    0    0  293  
 265  297    0  345    0  
 333    0    0  276  335  
 284  321    0    0  296  
 352    0    0  285  271  
 370    0    0  295  276  ] 
 ] 
