K : 150
I : 10
C : 24
INSTANCE : 5
PREFERENCES : [    4    5    2    1    3    0    0    0    0    0  
   1    3    0    0    4    0    0    2    5    0  
   5    0    1    4    0    0    3    0    0    2  
   0    4    3    0    5    2    0    0    0    1  
   0    0    0    1    4    0    2    0    5    3  
   2    0    0    0    0    3    4    5    1    0  
   0    2    5    0    1    3    0    4    0    0  
   0    0    0    5    0    1    2    4    3    0  
   0    0    1    4    0    2    5    0    3    0  
   0    1    3    0    0    2    4    5    0    0  
   5    0    3    4    1    0    0    2    0    0  
   0    5    0    0    4    2    0    3    1    0  
   0    5    3    0    4    2    0    0    0    1  
   1    0    5    0    4    3    0    0    0    2  
   0    1    0    4    3    2    5    0    0    0  
   3    0    5    1    0    0    0    0    2    4  
   0    0    0    0    3    2    5    4    0    1  
   0    3    2    0    0    0    4    5    0    1  
   0    2    5    0    0    0    0    4    1    3  
   0    0    5    1    2    0    3    0    4    0  
   0    0    0    2    1    5    3    4    0    0  
   0    5    4    0    0    1    3    0    2    0  
   0    4    2    0    0    0    1    5    3    0  
   5    1    0    4    0    0    3    0    0    2  
   2    0    4    1    3    0    0    0    0    5  
   5    3    2    4    0    1    0    0    0    0  
   0    5    4    1    2    0    3    0    0    0  
   4    0    5    3    0    0    1    0    0    2  
   3    0    0    0    0    1    5    2    0    4  
   2    3    1    0    0    0    0    0    5    4  
   2    0    0    1    5    3    4    0    0    0  
   3    0    0    0    1    2    5    0    4    0  
   0    2    5    3    4    0    0    0    0    1  
   0    2    0    5    3    4    1    0    0    0  
   5    0    3    0    0    1    0    0    4    2  
   0    0    1    3    4    5    0    0    2    0  
   1    2    3    0    0    4    0    5    0    0  
   1    0    4    0    0    0    2    5    0    3  
   0    0    1    0    0    0    2    4    3    5  
   0    0    2    4    1    5    0    0    0    3  
   0    1    0    5    3    4    2    0    0    0  
   0    3    0    4    2    0    0    1    5    0  
   3    2    0    0    5    0    0    4    0    1  
   2    5    3    0    0    1    0    0    4    0  
   0    0    5    1    0    4    0    3    2    0  
   0    0    0    0    4    5    0    1    2    3  
   2    1    0    5    0    4    0    3    0    0  
   0    2    3    0    0    1    0    4    5    0  
   0    3    1    0    2    5    0    0    0    4  
   0    1    0    4    2    3    0    0    0    5  
   0    2    5    0    3    1    4    0    0    0  
   0    5    3    0    1    4    0    2    0    0  
   0    4    0    0    0    5    1    0    2    3  
   3    1    0    0    0    2    0    4    0    5  
   4    0    3    1    2    5    0    0    0    0  
   0    1    2    0    5    4    0    3    0    0  
   0    1    2    3    0    0    0    0    5    4  
   1    5    0    0    3    0    0    2    0    4  
   0    0    5    2    0    0    0    3    1    4  
   3    0    0    0    4    5    0    2    0    1  
   0    0    4    0    5    0    2    3    0    1  
   0    2    5    0    4    0    0    1    0    3  
   4    0    5    0    0    1    0    0    3    2  
   2    1    0    0    4    0    0    3    0    5  
   3    0    0    4    0    0    2    1    5    0  
   0    2    0    4    5    0    0    0    1    3  
   4    1    0    0    0    3    2    5    0    0  
   0    4    0    0    2    3    5    0    1    0  
   0    0    4    5    0    2    0    0    1    3  
   0    5    0    0    4    0    3    0    2    1  
   4    2    0    0    0    3    5    1    0    0  
   0    0    1    0    5    0    0    4    3    2  
   0    0    3    0    0    5    2    1    4    0  
   1    0    4    3    0    2    0    0    5    0  
   3    0    4    0    0    1    5    0    2    0  
   5    3    2    0    0    1    0    4    0    0  
   4    0    0    0    0    5    0    3    1    2  
   0    0    4    2    5    3    0    0    0    1  
   2    3    0    4    1    0    5    0    0    0  
   4    1    0    5    2    0    0    0    0    3  
   0    0    1    0    4    2    3    5    0    0  
   0    4    1    2    0    3    0    5    0    0  
   0    5    3    0    0    0    2    1    0    4  
   0    0    0    3    5    1    2    0    4    0  
   5    0    2    4    0    0    3    0    1    0  
   5    3    0    0    0    1    2    0    0    4  
   0    1    3    2    5    0    0    0    0    4  
   2    0    0    5    0    0    0    4    3    1  
   5    4    2    0    0    1    0    3    0    0  
   0    0    0    0    3    4    2    5    0    1  
   3    4    0    2    0    0    0    0    5    1  
   4    3    0    0    2    5    0    0    0    1  
   5    4    1    0    0    2    3    0    0    0  
   0    3    0    4    1    0    0    2    5    0  
   0    0    4    2    0    1    0    5    0    3  
   3    0    5    0    0    0    4    2    0    1  
   0    5    0    1    0    3    0    2    4    0  
   2    0    3    5    1    0    0    0    4    0  
   0    2    4    3    0    0    0    1    5    0  
   3    2    5    4    0    1    0    0    0    0  
   0    0    3    1    2    0    4    5    0    0  
   0    3    5    0    0    2    1    0    4    0  
   0    0    3    1    0    0    2    4    5    0  
   1    0    2    0    4    0    3    0    0    5  
   0    0    3    4    1    0    0    2    0    5  
   0    0    5    4    1    0    2    0    3    0  
   0    4    0    2    3    0    5    0    0    1  
   3    0    1    0    4    0    2    5    0    0  
   0    0    2    4    0    3    0    1    0    5  
   4    1    0    0    0    0    5    2    0    3  
   3    2    5    4    0    0    0    0    0    1  
   0    3    0    5    4    0    2    1    0    0  
   1    5    0    3    4    0    0    0    0    2  
   2    3    1    4    0    0    0    0    5    0  
   2    0    0    0    5    4    3    0    0    1  
   0    3    0    0    2    5    4    1    0    0  
   0    0    0    5    2    1    3    4    0    0  
   0    0    3    0    0    4    2    5    0    1  
   0    1    0    0    3    4    5    0    0    2  
   0    0    5    2    0    0    3    4    1    0  
   0    0    0    0    0    2    1    3    5    4  
   5    4    0    0    2    1    0    0    3    0  
   3    0    0    5    1    0    0    2    4    0  
   2    5    0    0    0    0    3    4    0    1  
   0    3    0    0    5    4    2    1    0    0  
   0    0    4    0    3    2    0    1    5    0  
   5    0    2    0    4    0    1    3    0    0  
   2    0    4    0    0    1    3    5    0    0  
   1    0    0    5    0    2    0    4    0    3  
   0    2    0    0    0    0    1    3    4    5  
   5    1    2    3    0    4    0    0    0    0  
   3    0    0    2    5    1    4    0    0    0  
   3    0    0    5    0    1    0    0    2    4  
   0    0    0    0    4    3    1    5    0    2  
   0    0    4    0    2    5    1    3    0    0  
   2    5    0    3    4    0    0    0    1    0  
   0    1    0    2    0    0    4    3    5    0  
   0    5    1    2    3    0    0    4    0    0  
   0    3    2    0    4    0    0    5    0    1  
   2    0    5    0    0    3    0    4    0    1  
   0    4    0    0    3    5    0    2    0    1  
   4    1    0    0    2    0    5    3    0    0  
   0    0    5    4    1    0    0    0    3    2  
   3    0    0    2    0    5    0    0    1    4  
   0    0    0    0    2    0    1    5    3    4  
   1    0    3    2    0    5    0    0    4    0  
   0    1    0    2    0    4    5    3    0    0  
   0    2    0    3    0    0    5    4    0    1  
   5    0    1    0    2    0    0    3    4    0  
   0    2    3    0    0    1    4    0    5    0  ] 
RESERVATION PRICES : [   10    9   10   10    8    0    0    0    0    0  
  11   12    0    0   13    0    0   10   11    0  
  17    0   17   15    0    0   13    0    0   15  
   0   16   18    0   17   21    0    0    0   18  
   0    0    0   20   23    0   21    0   25   24  
  28    0    0    0    0   30   31   26   26    0  
   0   26   28    0   30   27    0   32    0    0  
   0    0    0   28    0   33   30   28   34    0  
   0    0   39   32    0   37   36    0   36    0  
   0   45   46    0    0   42   35   46    0    0  
  45    0   46   51   38    0    0   38    0    0  
   0   50    0    0   50   49    0   56   48    0  
   0   45   54    0   48   44    0    0    0   57  
  52    0   61    0   55   64    0    0    0   54  
   0   59    0   54   48   55   60    0    0    0  
  51    0   55   51    0    0    0    0   52   66  
   0    0    0    0   60   54   62   69    0   71  
   0   74   63    0    0    0   59   60    0   64  
   0   74   76    0    0    0    0   68   79   78  
   0    0   73   84   86    0   62    0   70    0  
   0    0    0   77   70   92   69   90    0    0  
   0   69   73    0    0   73   91    0   75    0  
   0   83   82    0    0    0   83   84   78    0  
 101   80    0   97    0    0  101    0    0   93  
  94    0   91   76   84    0    0    0    0  100  
  94   78  104   81    0  102    0    0    0    0  
   0  101   92  100   84    0   88    0    0    0  
  97    0  107   84    0    0  113    0    0   99  
 105    0    0    0    0   97  104  103    0  119  
 124  109  105    0    0    0    0    0  111  106  
 121    0    0  121  118  123  108    0    0    0  
 106    0    0    0  110  118  111    0  108    0  
   0  129  130  114  100    0    0    0    0  106  
   0  121    0  121  134  115  128    0    0    0  
 144    0  135    0    0  112    0    0  124  135  
   0    0  137  147  144  151    0    0  129    0  
 123  124  155    0    0  135    0  143    0    0  
 147    0  132    0    0    0  160  140    0  159  
   0    0  155    0    0    0  154  164  141  128  
   0    0  163  133  164  161    0    0    0  155  
   0  143    0  136  148  155  137    0    0    0  
   0  175    0  173  141    0    0  177  160    0  
 180  160    0    0  140    0    0  139    0  156  
 186  142  141    0    0  162    0    0  168    0  
   0    0  135  135    0  164    0  139  174    0  
   0    0    0    0  186  183    0  164  153  167  
 151  191    0  192    0  187    0  169    0    0  
   0  158  183    0    0  161    0  198  151    0  
   0  182  182    0  168  169    0    0    0  188  
   0  176    0  207  189  156    0    0    0  180  
   0  195  192    0  166  154  196    0    0    0  
   0  214  162    0  194  200    0  188    0    0  
   0  187    0    0    0  197  200    0  213  184  
 165  212    0    0    0  203    0  219    0  200  
 202    0  187  169  181  191    0    0    0    0  
   0  178  194    0  189  203    0  212    0    0  
   0  234  175  181    0    0    0    0  197  176  
 225  198    0    0  213    0    0  218    0  185  
   0    0  196  221    0    0    0  212  200  216  
 227    0    0    0  236  200    0  180    0  214  
   0    0  207    0  183    0  191  237    0  214  
   0  225  233    0  186    0    0  194    0  215  
 224    0  218    0    0  188    0    0  183  237  
 245  230    0    0  221    0    0  237    0  199  
 238    0    0  209    0    0  217  217  215    0  
   0  249    0  205  206    0    0    0  212  227  
 224  228    0    0    0  208  263  245    0    0  
   0  218    0    0  261  237  248    0  270    0  
   0    0  215  245    0  268    0    0  225  223  
   0  239    0    0  235    0  245    0  253  271  
 261  221    0    0    0  242  222  254    0    0  
   0    0  237    0  247    0    0  275  238  282  
   0    0  242    0    0  291  270  269  260    0  
 285    0  293  278    0  253    0    0  263    0  
 269    0  218    0    0  247  283    0  241    0  
 245  230  249    0    0  299    0  235    0    0  
 257    0    0    0    0  279    0  278  278  311  
   0    0  269  273  244  277    0    0    0  296  
 281  319    0  238  233    0  281    0    0    0  
 296  252    0  297  269    0    0    0    0  257  
   0    0  283    0  240  288  275  311    0    0  
   0  257  319  277    0  253    0  279    0    0  
   0  267  278    0    0    0  268  266    0  285  
   0    0    0  330  289  279  263    0  281    0  
 309    0  333  270    0    0  252    0  295    0  
 328  328    0    0    0  268  278    0    0  320  
   0  292  288  279  320    0    0    0    0  336  
 281    0    0  291    0    0    0  282  252  320  
 278  290  266    0    0  270    0  274    0    0  
   0    0    0    0  289  287  319  293    0  329  
 278  292    0  314    0    0    0    0  321  274  
 280  304    0    0  268  352    0    0    0  344  
 269  308  329    0    0  292  339    0    0    0  
   0  297    0  301  319    0    0  352  307    0  
   0    0  333  296    0  295    0  266    0  337  
 336    0  360    0    0    0  309  276    0  291  
   0  280    0  293    0  276    0  340  373    0  
 314    0  327  352  341    0    0    0  302    0  
   0  350  328  349    0    0    0  300  337    0  
 361  287  295  311    0  337    0    0    0    0  
   0    0  349  359  311    0  370  314    0    0  
   0  337  304    0    0  366  391    0  375    0  
   0    0  301  288    0    0  395  300  352    0  
 326    0  393    0  348    0  333    0    0  336  
   0    0  321  336  295    0    0  317    0  399  
   0    0  294  384  304    0  381    0  339    0  
   0  395    0  331  346    0  385    0    0  302  
 351    0  301    0  322    0  298  353    0    0  
   0    0  352  384    0  341    0  374    0  299  
 401  347    0    0    0    0  393  366    0  358  
 404  392  336  386    0    0    0    0    0  331  
   0  387    0  352  376    0  375  316    0    0  
 354  354    0  421  375    0    0    0    0  388  
 363  364  323  422    0    0    0    0  421    0  
 387    0    0    0  348  358  381    0    0  319  
   0  426    0    0  352  430  373  394    0    0  
   0    0    0  348  393  359  376  386    0    0  
   0    0  447    0    0  417  382  383    0  434  
   0  331    0    0  362  366  426    0    0  404  
   0    0  424  364    0    0  414  392  401    0  
   0    0    0    0    0  411  442  337  370  394  
 376  415    0    0  457  412    0    0  366    0  
 402    0    0  425  375    0    0  424  364    0  
 409  335    0    0    0    0  438  341    0  367  
   0  467    0    0  428  415  467  462    0    0  
   0    0  426    0  355  438    0  416  414    0  
 408    0  477    0  367    0  431  481    0    0  
 436    0  431    0    0  410  384  407    0    0  
 405    0    0  470    0  375    0  466    0  478  
   0  389    0    0    0    0  416  425  465  421  
 434  473  471  389    0  471    0    0    0    0  
 423    0    0  466  440  480  389    0    0    0  
 397    0    0  385    0  456    0    0  473  491  
   0    0    0    0  429  365  454  374    0  464  
   0    0  494    0  432  400  385  399    0    0  
 502  455    0  488  411    0    0    0  375    0  
   0  412    0  436    0    0  389  368  408    0  
   0  406  380  401  466    0    0  478    0    0  
   0  473  392    0  512    0    0  482    0  415  
 501    0  498    0    0  421    0  499    0  439  
   0  512    0    0  398  496    0  408    0  518  
 522  521    0    0  399    0  457  452    0    0  
   0    0  426  494  483    0    0    0  483  495  
 449    0    0  447    0  524    0    0  480  396  
   0    0    0    0  535    0  443  461  459  516  
 486    0  475  535    0  449    0    0  448    0  
   0  396    0  435    0  448  499  479    0    0  
   0  489    0  527    0    0  546  492    0  441  
 432    0  456    0  527    0    0  415  458    0  
   0  406  542    0    0  507  493    0  560    0  ] 
 ] 
