K : 150
I : 10
C : 15
INSTANCE : 5
PREFERENCES : [    4    0    0    0    3    5    0    2    1    0  
   3    1    2    0    0    4    0    0    5    0  
   0    0    2    0    0    4    3    0    1    5  
   0    4    1    0    0    3    0    5    2    0  
   0    4    3    5    0    1    0    0    0    2  
   0    0    0    4    0    0    3    1    2    5  
   0    0    0    0    0    4    5    1    2    3  
   5    3    0    4    0    1    0    2    0    0  
   4    3    0    5    1    0    0    0    0    2  
   1    3    4    0    0    2    0    0    5    0  
   5    3    0    4    2    0    1    0    0    0  
   2    0    0    3    5    0    4    1    0    0  
   4    2    0    5    0    0    0    3    1    0  
   0    5    1    0    4    3    2    0    0    0  
   4    0    3    0    2    0    0    1    5    0  
   0    0    4    2    1    0    5    0    0    3  
   0    4    0    3    0    0    1    0    5    2  
   0    0    1    3    0    5    4    0    0    2  
   3    0    0    1    0    5    2    0    0    4  
   0    4    3    1    0    2    0    0    5    0  
   0    0    0    2    0    0    5    3    4    1  
   0    3    0    2    5    0    1    0    4    0  
   5    1    2    0    0    0    4    0    0    3  
   0    1    4    5    2    0    0    3    0    0  
   0    0    3    1    2    0    4    0    0    5  
   5    0    1    4    0    0    2    3    0    0  
   0    0    3    0    5    2    4    0    0    1  
   3    5    0    0    2    4    1    0    0    0  
   0    4    0    0    1    2    5    3    0    0  
   0    5    0    0    2    4    3    1    0    0  
   4    1    0    5    0    2    0    0    0    3  
   0    0    0    0    1    0    5    3    2    4  
   0    0    4    0    1    2    0    3    5    0  
   0    5    4    0    1    0    0    0    3    2  
   0    2    0    3    5    0    1    4    0    0  
   0    0    4    0    5    3    2    1    0    0  
   0    0    5    3    0    2    4    0    1    0  
   0    0    5    2    1    0    0    3    4    0  
   4    2    0    0    0    0    0    1    5    3  
   2    0    3    4    0    5    1    0    0    0  
   0    4    2    0    1    0    5    0    3    0  
   0    0    5    0    2    3    4    0    0    1  
   1    3    0    2    0    5    4    0    0    0  
   0    4    0    0    0    1    0    2    3    5  
   5    4    0    0    3    2    1    0    0    0  
   0    1    0    4    3    0    0    5    2    0  
   1    0    2    5    0    0    0    0    3    4  
   3    0    2    0    5    0    1    0    4    0  
   0    4    3    0    0    0    2    5    1    0  
   5    0    0    2    4    3    0    0    1    0  
   2    0    3    0    4    5    0    1    0    0  
   0    2    4    0    0    0    1    3    0    5  
   5    0    3    0    4    2    0    1    0    0  
   1    0    0    0    0    3    4    0    2    5  
   0    1    4    0    5    0    2    0    0    3  
   0    0    1    0    0    0    2    3    5    4  
   4    5    0    0    3    0    0    2    1    0  
   0    0    0    1    4    0    5    3    0    2  
   0    5    0    2    0    4    0    1    0    3  
   0    4    0    1    0    5    2    3    0    0  
   5    0    2    0    3    1    4    0    0    0  
   1    3    5    0    0    2    4    0    0    0  
   2    0    5    3    0    1    0    4    0    0  
   0    0    0    4    1    0    0    2    3    5  
   0    0    1    4    2    3    0    0    0    5  
   0    5    3    0    1    0    0    0    4    2  
   0    4    0    2    0    0    3    1    0    5  
   4    0    0    0    5    2    0    0    1    3  
   5    1    2    0    4    0    0    0    0    3  
   2    5    1    0    4    0    0    0    3    0  
   0    5    2    0    0    3    0    1    4    0  
   1    0    0    3    5    0    4    2    0    0  
   5    0    0    2    0    0    4    1    3    0  
   3    1    4    0    0    0    0    2    0    5  
   5    1    2    4    0    0    0    0    3    0  
   0    0    4    3    5    1    0    0    2    0  
   0    2    4    3    0    1    5    0    0    0  
   0    0    3    0    2    5    0    4    1    0  
   5    0    4    0    3    0    0    2    0    1  
   0    4    1    0    0    0    3    0    2    5  
   4    0    1    0    0    2    3    0    0    5  
   0    0    4    3    0    5    2    1    0    0  
   5    0    1    0    4    2    3    0    0    0  
   4    3    0    0    1    2    0    5    0    0  
   0    5    0    1    0    0    0    3    4    2  
   4    2    0    0    0    0    1    5    3    0  
   0    0    4    0    1    5    0    0    2    3  
   0    0    4    3    0    0    1    2    0    5  
   0    0    3    2    1    0    0    5    0    4  
   0    0    3    0    2    0    4    5    0    1  
   0    3    0    0    0    1    5    0    4    2  
   0    1    4    0    0    0    2    0    5    3  
   5    4    0    1    2    3    0    0    0    0  
   0    3    5    4    0    0    1    0    2    0  
   0    0    4    3    0    0    2    1    0    5  
   0    1    0    3    4    2    5    0    0    0  
   0    0    4    0    2    3    1    0    0    5  
   0    2    1    4    0    0    5    3    0    0  
   0    0    1    2    0    3    0    5    0    4  
   5    1    0    0    4    2    0    3    0    0  
   0    0    3    2    0    4    1    0    5    0  
   0    0    0    5    3    0    2    4    0    1  
   0    5    0    4    0    0    3    2    0    1  
   0    0    5    3    0    0    4    2    0    1  
   0    4    1    0    3    0    0    5    0    2  
   0    3    0    2    0    5    0    0    4    1  
   0    0    4    0    3    0    1    2    0    5  
   5    0    0    0    0    2    1    3    0    4  
   3    0    0    0    5    0    1    4    0    2  
   3    0    0    0    1    5    0    0    2    4  
   0    3    4    2    0    1    0    0    5    0  
   0    3    2    1    0    0    4    0    5    0  
   0    5    4    3    0    0    2    1    0    0  
   0    0    1    0    5    3    4    2    0    0  
   0    0    4    0    0    2    3    1    5    0  
   0    0    1    0    5    4    0    3    0    2  
   0    0    5    0    0    4    1    0    3    2  
   0    2    0    0    0    5    1    4    0    3  
   4    0    1    0    0    3    0    5    2    0  
   4    0    3    1    0    0    5    0    0    2  
   2    3    0    0    5    0    1    0    4    0  
   2    0    4    0    5    0    3    1    0    0  
   0    3    0    0    5    0    2    0    4    1  
   1    0    0    0    3    0    4    2    0    5  
   1    3    0    0    0    5    0    2    0    4  
   5    4    0    0    1    0    0    2    3    0  
   0    0    0    0    3    1    2    4    0    5  
   3    5    2    0    0    0    0    0    1    4  
   0    0    1    0    0    0    4    5    2    3  
   0    0    0    0    5    4    3    1    2    0  
   0    2    0    1    4    0    0    5    0    3  
   4    0    0    0    3    2    0    1    5    0  
   0    5    3    0    0    0    2    1    4    0  
   3    0    0    0    0    1    5    4    2    0  
   2    4    0    5    0    0    0    0    3    1  
   0    4    0    3    0    2    5    0    0    1  
   3    4    5    0    0    0    0    0    2    1  
   0    0    0    0    4    5    3    0    2    1  
   4    0    3    0    2    5    0    1    0    0  
   0    0    4    0    5    2    3    0    1    0  
   3    0    5    2    0    0    4    1    0    0  
   4    0    1    2    0    0    0    0    3    5  
   2    0    0    5    1    0    0    3    0    4  
   1    2    0    4    3    0    5    0    0    0  
   0    0    4    1    0    0    5    3    2    0  
   0    0    0    2    5    3    0    0    4    1  
   3    2    0    0    1    0    5    4    0    0  
   1    0    5    0    0    0    3    0    4    2  
   0    4    1    0    0    3    0    2    0    5  
   5    4    0    1    0    0    2    3    0    0  ] 
RESERVATION PRICES : [    7    0    0    0    9    7    0    7    9    0  
  14   13   12    0    0   14    0    0   13    0  
   0    0   14    0    0   13   14    0   14   12  
   0   13   15    0    0   15    0   15   15    0  
   0   15   15   16    0   15    0    0    0   13  
   0    0    0   24    0    0   21   23   20   22  
   0    0    0    0    0   22   21   24   22   24  
  26   23    0   22    0   30    0   27    0    0  
  33   36    0   35   35    0    0    0    0   30  
  37   35   36    0    0   39    0    0   34    0  
  43   41    0   34   44    0   43    0    0    0  
  42    0    0   45   51    0   40   52    0    0  
  47   49    0   49    0    0    0   41   52    0  
   0   50   46    0   46   55   44    0    0    0  
  48    0   46    0   53    0    0   51   55    0  
   0    0   57   62   60    0   46    0    0   52  
   0   51    0   56    0    0   64    0   62   52  
   0    0   67   67    0   68   49    0    0   50  
  68    0    0   72    0   60   60    0    0   53  
   0   66   60   62    0   57    0    0   58    0  
   0    0    0   61    0    0   57   76   67   66  
   0   64    0   64   60    0   60    0   58    0  
  77   71   67    0    0    0   77    0    0   75  
   0   65   59   71   69    0    0   68    0    0  
   0    0   72   77   66    0   75    0    0   77  
  82    0   69   82    0    0   75   77    0    0  
   0    0   73    0   88   81   74    0    0   84  
  77   80    0    0   76   97  100    0    0    0  
   0   90    0    0   78   78   80   79    0    0  
   0  100    0    0  106   86   96  107    0    0  
  82  106    0   96    0  100    0    0    0   87  
   0    0    0    0   97    0   83   90   97  103  
   0    0  108    0   95  107    0   86   97    0  
   0   94  108    0   97    0    0    0  113  106  
   0  104    0  108  117    0  120  106    0    0  
   0    0   97    0  131  112  100  109    0    0  
   0    0  113  127    0  121  117    0   99    0  
   0    0  130  138  108    0    0  130  112    0  
 145  118    0    0    0    0    0  128  119  123  
 150    0  111  109    0  119  117    0    0    0  
   0  138  115    0  137    0  124    0  113    0  
   0    0  139    0  123  113  152    0    0  130  
 122  128    0  133    0  154  121    0    0    0  
   0  147    0    0    0  114    0  133  149  155  
 155  153    0    0  118  122  118    0    0    0  
   0  161    0  126  144    0    0  153  122    0  
 131    0  165  171    0    0    0    0  160  126  
 164    0  154    0  140    0  166    0  142    0  
   0  155  149    0    0    0  140  167  179    0  
 182    0    0  160  149  141    0    0  142    0  
 178    0  180    0  158  139    0  143    0    0  
   0  148  176    0    0    0  170  139    0  161  
 180    0  163    0  158  180    0  164    0    0  
 173    0    0    0    0  141  156    0  168  166  
   0  161  164    0  158    0  148    0    0  173  
   0    0  190    0    0    0  195  182  201  194  
 185  185    0    0  196    0    0  198  151    0  
   0    0    0  194  208    0  198  156    0  150  
   0  161    0  211    0  160    0  195    0  202  
   0  216    0  188    0  174  190  172    0    0  
 161    0  201    0  156  158  188    0    0    0  
 196  194  157    0    0  159  203    0    0    0  
 219    0  177  205    0  198    0  171    0    0  
   0    0    0  220  216    0    0  171  178  194  
   0    0  167  204  203  218    0    0    0  203  
   0  166  168    0  182    0    0    0  165  175  
   0  206    0  183    0    0  210  169    0  166  
 170    0    0    0  198  188    0    0  200  171  
 200  178  177    0  180    0    0    0    0  224  
 185  191  244    0  215    0    0    0  225    0  
   0  196  217    0    0  193    0  195  183    0  
 240    0    0  212  210    0  200  201    0    0  
 212    0    0  234    0    0  230  205  188    0  
 243  257  253    0    0    0    0  237    0  192  
 259  229  203  233    0    0    0    0  260    0  
   0    0  269  220  205  268    0    0  215    0  
   0  253  227  264    0  218  234    0    0    0  
   0    0  267    0  239  242    0  251  234    0  
 246    0  237    0  270    0    0  208    0  209  
   0  227  218    0    0    0  206    0  261  208  
 241    0  228    0    0  277  214    0    0  282  
   0    0  220  274    0  245  216  232    0    0  
 228    0  287    0  219  257  257    0    0    0  
 258  274    0    0  279  227    0  276    0    0  
   0  250    0  240    0    0    0  233  241  288  
 222  234    0    0    0    0  224  244  237    0  
   0    0  300    0  288  316    0    0  284  283  
   0    0  256  321    0    0  270  241    0  243  
   0    0  267  277  260    0    0  309    0  282  
   0    0  243    0  283    0  309  306    0  248  
   0  324    0    0    0  265  262    0  242  326  
   0  287  330    0    0    0  322    0  334  260  
 298  309    0  317  246  281    0    0    0    0  
   0  324  324  265    0    0  278    0  273    0  
   0    0  306  260    0    0  305  290    0  276  
   0  357    0  336  267  260  327    0    0    0  
   0    0  262    0  335  320  283    0    0  305  
   0  270  353  280    0    0  278  292    0    0  
   0    0  278  319    0  271    0  334    0  365  
 329  338    0    0  357  293    0  335    0    0  
   0    0  309  314    0  358  366    0  314    0  
   0    0    0  314  323    0  293  365    0  368  
   0  343    0  311    0    0  353  318    0  304  
   0    0  352  283    0    0  307  345    0  359  
   0  370  369    0  328    0    0  373    0  278  
   0  314    0  373    0  351    0    0  343  344  
   0    0  279    0  290    0  354  345    0  390  
 351    0    0    0    0  385  320  380    0  325  
 362    0    0    0  379    0  379  353    0  302  
 376    0    0    0  297  300    0    0  291  321  
   0  396  314  380    0  369    0    0  342    0  
   0  377  384  412    0    0  300    0  365    0  
   0  383  322  329    0    0  341  317    0    0  
   0    0  349    0  330  389  360  369    0    0  
   0    0  330    0    0  308  363  324  325    0  
   0    0  385    0  412  346    0  314    0  397  
   0    0  422    0    0  338  383    0  378  389  
   0  380    0    0    0  358  324  359    0  432  
 427    0  373    0    0  394    0  443  444    0  
 362    0  413  425    0    0  375    0    0  391  
 430  388    0    0  337    0  385    0  343    0  
 432    0  416    0  416    0  391  394    0    0  
   0  413    0    0  428    0  386    0  377  437  
 341    0    0    0  432    0  441  424    0  461  
 335  399    0    0    0  388    0  360    0  411  
 387  466    0    0  460    0    0  338  347    0  
   0    0    0    0  438  454  424  375    0  357  
 363  348  461    0    0    0    0    0  467  403  
   0    0  393    0    0    0  346  449  418  452  
   0    0    0    0  401  456  350  470  457    0  
   0  357    0  360  466    0    0  410    0  416  
 377    0    0    0  435  469    0  358  368    0  
   0  357  418    0    0    0  420  489  383    0  
 462    0    0    0    0  377  427  488  407    0  
 441  491    0  440    0    0    0    0  497  409  
   0  427    0  390    0  404  410    0    0  383  
 451  499  402    0    0    0    0    0  505  499  
   0    0    0    0  367  450  443    0  494  421  
 505    0  464    0  415  499    0  369    0    0  
   0    0  377    0  470  408  428    0  427    0  
 380    0  476  508    0    0  472  443    0    0  
 517    0  378  411    0    0    0    0  515  455  
 386    0    0  488  484    0    0  495    0  397  
 408  394    0  510  439    0  447    0    0    0  
   0    0  530  472    0    0  482  474  399    0  
   0    0    0  413  417  425    0    0  512  466  
 507  402    0    0  496    0  501  505    0    0  
 484    0  414    0    0    0  479    0  490  400  
   0  444  433    0    0  537    0  556    0  491  
 509  411    0  490    0    0  407  498    0    0  ] 
 ] 
