K : 150
I : 15
C : 30
INSTANCE : 2
PREFERENCES : [    0    0    0    0    5    0    1    2    0    0    0    4    0    0    3  
   0    0    0    5    0    1    3    0    0    2    0    0    0    4    0  
   0    3    0    0    0    4    0    1    5    0    0    0    2    0    0  
   4    3    0    0    1    0    0    0    5    2    0    0    0    0    0  
   0    0    0    3    2    0    0    1    0    0    0    5    0    4    0  
   0    5    0    0    1    0    0    4    0    2    0    0    0    0    3  
   1    3    0    0    0    0    0    0    0    4    0    5    0    0    2  
   0    0    3    0    4    0    0    0    5    0    0    0    0    2    1  
   0    4    1    0    0    5    0    0    0    0    0    2    0    0    3  
   0    0    0    5    2    0    3    0    0    0    1    0    0    4    0  
   4    0    0    3    0    0    1    0    0    0    5    0    0    2    0  
   0    0    0    0    0    5    0    4    0    0    1    0    0    2    3  
   1    0    0    0    5    2    0    0    0    4    0    0    3    0    0  
   0    0    0    0    1    0    2    3    0    0    0    4    0    0    5  
   0    0    0    0    3    0    0    0    0    0    2    0    1    4    5  
   5    0    0    0    0    0    0    0    0    0    4    2    1    3    0  
   5    0    0    3    0    0    0    0    2    4    0    0    0    1    0  
   0    5    0    0    0    0    2    0    0    0    1    4    0    0    3  
   0    4    3    0    1    0    0    0    0    0    0    0    0    2    5  
   0    0    0    0    4    0    0    0    2    5    0    1    0    3    0  
   5    0    2    0    0    0    0    0    1    0    0    4    0    0    3  
   0    0    0    0    3    0    5    1    2    0    0    4    0    0    0  
   0    0    3    0    0    0    0    5    4    0    0    0    1    2    0  
   0    0    1    0    0    0    5    0    0    2    3    0    0    0    4  
   4    0    0    1    0    0    3    5    0    0    0    2    0    0    0  
   0    0    3    0    0    4    2    1    0    0    0    0    5    0    0  
   0    0    2    1    0    4    5    0    0    0    0    0    0    3    0  
   4    5    0    2    1    0    0    0    3    0    0    0    0    0    0  
   0    0    0    3    0    4    0    0    0    1    0    0    5    2    0  
   0    0    5    0    4    0    0    0    3    0    0    1    2    0    0  
   0    0    0    2    0    0    3    0    0    0    4    0    1    5    0  
   1    0    3    0    0    0    5    0    0    0    0    4    2    0    0  
   0    0    3    0    0    4    2    0    0    0    0    0    5    0    1  
   0    0    0    0    4    0    0    5    0    2    0    0    0    3    1  
   0    0    0    0    3    4    2    0    0    5    0    1    0    0    0  
   1    0    0    3    2    0    0    0    0    0    0    0    0    4    5  
   5    0    0    0    2    0    0    0    1    3    0    0    0    4    0  
   2    0    0    0    0    0    0    0    0    4    0    3    1    0    5  
   0    1    2    0    0    0    0    4    3    0    5    0    0    0    0  
   0    0    0    0    0    0    4    5    0    1    0    3    0    0    2  
   1    5    2    0    0    0    0    0    0    4    3    0    0    0    0  
   4    3    0    0    5    2    0    0    0    0    0    0    1    0    0  
   0    0    0    2    3    0    0    0    0    0    1    0    4    0    5  
   3    0    0    1    0    0    0    4    0    0    0    2    5    0    0  
   0    0    0    0    0    0    3    4    1    0    5    0    0    0    2  
   0    0    1    3    0    0    4    5    0    2    0    0    0    0    0  
   4    0    0    0    1    0    3    0    2    0    5    0    0    0    0  
   0    0    0    2    3    0    5    0    4    1    0    0    0    0    0  
   3    0    0    0    1    0    0    0    0    0    0    0    4    5    2  
   4    0    0    3    0    0    0    5    0    0    2    0    1    0    0  
   1    5    0    0    0    2    3    0    0    4    0    0    0    0    0  
   0    0    5    0    0    0    0    3    0    0    0    1    0    2    4  
   4    5    0    0    0    0    1    3    0    0    0    0    0    2    0  
   0    0    2    1    5    0    0    0    0    0    3    0    4    0    0  
   0    0    0    5    0    0    4    0    0    1    0    2    0    3    0  
   1    0    0    0    0    3    5    4    0    2    0    0    0    0    0  
   0    0    3    1    4    2    5    0    0    0    0    0    0    0    0  
   0    0    5    4    0    0    3    0    0    0    0    0    0    1    2  
   0    0    1    4    3    2    0    0    0    0    0    0    5    0    0  
   3    5    0    2    0    0    4    1    0    0    0    0    0    0    0  
   0    0    0    0    0    4    0    5    2    0    0    3    0    0    1  
   0    0    0    0    2    5    3    0    4    0    0    1    0    0    0  
   0    0    2    0    0    0    0    0    0    5    0    3    4    1    0  
   0    5    0    2    0    4    0    0    0    3    0    1    0    0    0  
   3    0    5    0    0    4    0    1    2    0    0    0    0    0    0  
   0    0    3    0    1    0    0    0    0    4    0    0    2    0    5  
   0    0    0    2    4    0    0    0    5    0    0    0    3    0    1  
   0    0    0    0    2    0    5    0    3    0    0    1    0    0    4  
   0    0    3    2    4    0    0    1    0    0    0    0    5    0    0  
   0    5    0    0    0    0    2    0    0    0    0    4    3    0    1  
   0    1    0    2    3    0    5    4    0    0    0    0    0    0    0  
   3    0    4    0    0    0    0    1    2    0    0    0    0    0    5  
   0    5    0    0    0    0    1    0    0    3    2    0    0    0    4  
   0    1    0    0    0    0    0    0    3    0    5    0    4    2    0  
   0    0    0    5    0    2    1    0    3    0    4    0    0    0    0  
   0    2    4    0    0    3    0    5    1    0    0    0    0    0    0  
   0    0    4    0    0    1    5    0    0    0    3    2    0    0    0  
   0    0    0    0    2    0    0    1    3    0    0    0    4    0    5  
   0    0    2    0    0    4    0    0    1    0    0    5    0    0    3  
   0    5    0    0    2    0    0    0    4    1    0    0    0    0    3  
   0    0    0    0    0    3    1    0    0    0    0    4    0    5    2  
   0    0    4    0    0    0    2    0    5    0    0    0    0    1    3  
   0    0    0    0    5    0    0    3    1    0    0    0    4    2    0  
   0    0    1    0    4    2    0    0    5    0    3    0    0    0    0  
   0    0    0    0    1    0    2    3    0    5    0    4    0    0    0  
   0    0    0    2    0    5    0    0    0    1    4    3    0    0    0  
   4    3    0    0    1    0    5    0    0    0    0    2    0    0    0  
   5    4    0    0    0    0    0    1    0    0    3    2    0    0    0  
   0    0    4    0    0    0    0    2    0    5    0    3    0    0    1  
   0    0    1    5    0    0    3    0    4    0    0    2    0    0    0  
   4    0    0    0    0    1    0    0    2    3    0    0    5    0    0  
   2    5    0    0    0    0    0    3    0    4    0    0    1    0    0  
   0    0    0    0    4    0    0    0    0    0    0    5    2    1    3  
   0    0    5    0    0    3    0    2    0    0    4    0    0    1    0  
   0    0    5    2    0    0    0    0    0    0    1    3    4    0    0  
   0    0    0    4    3    1    2    0    0    5    0    0    0    0    0  
   0    0    3    0    4    0    0    1    0    5    0    2    0    0    0  
   0    0    0    0    0    3    0    1    0    5    2    4    0    0    0  
   3    0    2    0    0    0    0    4    0    0    1    0    0    5    0  
   0    0    0    5    0    0    4    0    2    0    1    3    0    0    0  
   0    2    0    0    3    0    0    0    1    0    4    0    0    5    0  
   0    0    1    5    3    0    0    2    4    0    0    0    0    0    0  
   0    4    0    1    5    0    0    0    0    0    2    0    3    0    0  
   0    3    4    2    0    1    0    0    0    0    0    0    0    5    0  
   0    1    0    0    0    0    0    0    0    2    5    0    4    0    3  
   0    0    1    0    0    0    0    4    5    0    0    0    0    2    3  
   1    0    0    0    0    0    0    3    0    2    5    0    0    4    0  
   0    0    0    0    0    4    2    0    0    1    5    3    0    0    0  
   2    4    0    0    0    0    0    0    0    3    1    5    0    0    0  
   5    1    0    0    0    0    0    0    3    0    0    0    0    2    4  
   0    0    0    1    0    0    5    0    0    0    2    0    0    4    3  
   0    0    0    5    0    0    2    4    0    0    0    0    3    0    1  
   0    3    0    0    1    0    0    5    0    4    0    0    2    0    0  
   0    0    0    5    0    4    1    0    0    0    0    0    0    2    3  
   0    0    0    0    2    0    0    3    1    0    0    5    4    0    0  
   0    1    0    0    0    2    0    0    4    0    0    0    5    3    0  
   0    0    1    3    0    2    0    0    0    5    0    0    0    4    0  
   0    0    4    0    0    0    2    0    3    0    0    0    1    0    5  
   0    0    2    0    0    0    4    0    0    3    5    0    1    0    0  
   1    0    0    0    0    0    0    0    0    0    0    2    4    3    5  
   1    2    3    0    0    0    0    0    0    0    5    0    0    4    0  
   2    0    0    3    0    5    0    4    0    0    0    0    0    1    0  
   0    1    2    0    0    0    3    0    0    4    0    0    0    5    0  
   0    3    4    0    0    0    2    0    0    0    0    1    0    0    5  
   0    0    0    0    5    0    4    1    3    0    0    2    0    0    0  
   0    3    0    0    0    0    4    2    0    0    0    0    5    0    1  
   1    5    0    0    2    0    0    0    4    3    0    0    0    0    0  
   0    0    0    2    0    0    0    0    4    5    0    0    3    1    0  
   0    0    4    0    0    0    0    0    0    0    3    5    1    2    0  
   0    0    0    0    2    0    1    3    0    0    5    0    4    0    0  
   0    0    3    5    0    0    0    0    0    0    4    1    0    0    2  
   1    0    3    0    0    0    0    5    2    4    0    0    0    0    0  
   0    5    1    2    3    0    0    0    4    0    0    0    0    0    0  
   0    2    3    0    1    0    0    0    0    0    5    0    4    0    0  
   0    0    0    0    0    2    0    4    0    3    5    0    0    0    1  
   0    0    0    3    0    1    0    0    0    0    0    4    2    0    5  
   0    1    0    3    0    0    0    0    4    2    0    0    0    5    0  
   4    3    0    0    0    5    0    0    0    1    0    0    2    0    0  
   0    0    1    0    3    2    0    0    0    4    0    0    0    0    5  
   0    0    5    3    0    4    0    2    0    1    0    0    0    0    0  
   2    3    0    4    0    0    0    0    0    0    0    0    5    0    1  
   0    1    5    0    4    2    0    0    0    0    0    0    3    0    0  
   5    0    1    4    0    2    0    0    0    0    0    0    0    3    0  
   0    4    0    3    0    2    1    0    0    5    0    0    0    0    0  
   0    0    5    1    0    3    0    0    4    0    0    0    0    0    2  
   4    0    0    5    0    0    0    0    1    3    0    0    0    2    0  
   3    2    0    5    0    0    0    0    4    1    0    0    0    0    0  
   3    0    0    0    0    0    0    0    1    0    0    0    2    4    5  
   5    0    0    0    0    0    0    0    1    0    4    2    0    3    0  
   0    0    0    0    0    0    3    0    4    1    0    0    0    2    5  ] 
RESERVATION PRICES : [    0    0    0    0    5    0    6    5    0    0    0    5    0    0    6  
   0    0    0    9    0   11    9    0    0   11    0    0    0   11    0  
   0    9    0    0    0   10    0    9   10    0    0    0   10    0    0  
  14   18    0    0   14    0    0    0   17   16    0    0    0    0    0  
   0    0    0   15   17    0    0   17    0    0    0   14    0   15    0  
   0   19    0    0   18    0    0   19    0   20    0    0    0    0   21  
  18   21    0    0    0    0    0    0    0   23    0   20    0    0   19  
   0    0   25    0   21    0    0    0   22    0    0    0    0   24   23  
   0   27   20    0    0   22    0    0    0    0    0   24    0    0   22  
   0    0    0   23   25    0   30    0    0    0   24    0    0   24    0  
  26    0    0   23    0    0   28    0    0    0   22    0    0   28    0  
   0    0    0    0    0   33    0   31    0    0   28    0    0   32   31  
  39    0    0    0   35   40    0    0    0   33    0    0   34    0    0  
   0    0    0    0   44    0   44   45    0    0    0   42    0    0   46  
   0    0    0    0   43    0    0    0    0    0   41    0   37   50   45  
  44    0    0    0    0    0    0    0    0    0   39   40   43   41    0  
  45    0    0   58    0    0    0    0   56   53    0    0    0   44    0  
   0   59    0    0    0    0   52    0    0    0   49   46    0    0   60  
   0   58   51    0   59    0    0    0    0    0    0    0    0   55   59  
   0    0    0    0   59    0    0    0   64   70    0   59    0   55    0  
  71    0   67    0    0    0    0    0   58    0    0   64    0    0   72  
   0    0    0    0   79    0   67   77   60    0    0   62    0    0    0  
   0    0   65    0    0    0    0   83   63    0    0    0   62   77    0  
   0    0   73    0    0    0   92    0    0   69   83    0    0    0   78  
  95    0    0   84    0    0   78   75    0    0    0   94    0    0    0  
   0    0   73    0    0   96   79   94    0    0    0    0   92    0    0  
   0    0  104   80    0  102   84    0    0    0    0    0    0   86    0  
  85   97    0   81  104    0    0    0  111    0    0    0    0    0    0  
   0    0    0   93    0  100    0    0    0   90    0    0  108   98    0  
   0    0   86    0   97    0    0    0  102    0    0   86  116    0    0  
   0    0    0  111    0    0   98    0    0    0  114    0   98   93    0  
  88    0   96    0    0    0  115    0    0    0    0   95   95    0    0  
   0    0   90    0    0  114   89    0    0    0    0    0  101    0   95  
   0    0    0    0  123    0    0   89    0   93    0    0    0  117  101  
   0    0    0    0   93  102  119    0    0  115    0  100    0    0    0  
  97    0    0  111  101    0    0    0    0    0    0    0    0  101  109  
 113    0    0    0  110    0    0    0  104  121    0    0    0   96    0  
 114    0    0    0    0    0    0    0    0  111    0  111  103    0  131  
   0  105  135    0    0    0    0  138  115    0  140    0    0    0    0  
   0    0    0    0    0    0  112  144    0  131    0  125    0    0  141  
 115  123  137    0    0    0    0    0    0  128  151    0    0    0    0  
 113  125    0    0  137  118    0    0    0    0    0    0  137    0    0  
   0    0    0  133  144    0    0    0    0    0  123    0  121    0  121  
 162    0    0  146    0    0    0  138    0    0    0  125  124    0    0  
   0    0    0    0    0    0  158  144  159    0  160    0    0    0  130  
   0    0  158  163    0    0  163  167    0  147    0    0    0    0    0  
 137    0    0    0  147    0  157    0  166    0  128    0    0    0    0  
   0    0    0  160  175    0  151    0  167  161    0    0    0    0    0  
 154    0    0    0  172    0    0    0    0    0    0    0  151  137  149  
 145    0    0  190    0    0    0  165    0    0  191    0  163    0    0  
 157  140    0    0    0  178  177    0    0  178    0    0    0    0    0  
   0    0  196    0    0    0    0  156    0    0    0  148    0  186  160  
 198  173    0    0    0    0  175  163    0    0    0    0    0  148    0  
   0    0  174  203  153    0    0    0    0    0  157    0  190    0    0  
   0    0    0  154    0    0  208    0    0  205    0  184    0  162    0  
 161    0    0    0    0  192  176  157    0  189    0    0    0    0    0  
   0    0  210  218  203  170  223    0    0    0    0    0    0    0    0  
   0    0  172  166    0    0  177    0    0    0    0    0    0  183  199  
   0    0  199  181  181  212    0    0    0    0    0    0  227    0    0  
 176  175    0  187    0    0  189  220    0    0    0    0    0    0    0  
   0    0    0    0    0  231    0  241  241    0    0  194    0    0  238  
   0    0    0    0  200  206  229    0  184    0    0  218    0    0    0  
   0    0  242    0    0    0    0    0    0  240    0  193  194  207    0  
   0  229    0  207    0  201    0    0    0  250    0  211    0    0    0  
 211    0  230    0    0  195    0  219  187    0    0    0    0    0    0  
   0    0  249    0  193    0    0    0    0  248    0    0  249    0  206  
   0    0    0  191  235    0    0    0  226    0    0    0  195    0  251  
   0    0    0    0  239    0  240    0  211    0    0  202    0    0  200  
   0    0  224  207  257    0    0  227    0    0    0    0  220    0    0  
   0  240    0    0    0    0  261    0    0    0    0  242  224    0  241  
   0  215    0  267  235    0  238  231    0    0    0    0    0    0    0  
 218    0  251    0    0    0    0  259  264    0    0    0    0    0  265  
   0  221    0    0    0    0  276    0    0  244  239    0    0    0  201  
   0  264    0    0    0    0    0    0  201    0  213    0  224  258    0  
   0    0    0  221    0  229  207    0  219    0  271    0    0    0    0  
   0  281  235    0    0  209    0  213  259    0    0    0    0    0    0  
   0    0  289    0    0  227  208    0    0    0  276  277    0    0    0  
   0    0    0    0  221    0    0  241  242    0    0    0  238    0  274  
   0    0  217    0    0  237    0    0  296    0    0  249    0    0  238  
   0  251    0    0  235    0    0    0  275  234    0    0    0    0  293  
   0    0    0    0    0  256  296    0    0    0    0  272    0  216  246  
   0    0  304    0    0    0  242    0  307    0    0    0    0  248  307  
   0    0    0    0  296    0    0  292  242    0    0    0  260  233    0  
   0    0  294    0  263  269    0    0  257    0  246    0    0    0    0  
   0    0    0    0  235    0  246  240    0  301    0  264    0    0    0  
   0    0    0  235    0  288    0    0    0  316  283  288    0    0    0  
 280  279    0    0  329    0  286    0    0    0    0  258    0    0    0  
 281  281    0    0    0    0    0  273    0    0  241  283    0    0    0  
   0    0  313    0    0    0    0  273    0  284    0  275    0    0  315  
   0    0  316  264    0    0  325    0  309    0    0  331    0    0    0  
 267    0    0    0    0  263    0    0  272  316    0    0  287    0    0  
 316  274    0    0    0    0    0  322    0  327    0    0  339    0    0  
   0    0    0    0  343    0    0    0    0    0    0  297  277  346  334  
   0    0  340    0    0  302    0  270    0    0  340    0    0  346    0  
   0    0  319  277    0    0    0    0    0    0  265  300  356    0    0  
   0    0    0  295  317  312  263    0    0  308    0    0    0    0    0  
   0    0  329    0  322    0    0  320    0  353    0  263    0    0    0  
   0    0    0    0    0  338    0  355    0  325  337  285    0    0    0  
 305    0  358    0    0    0    0  345    0    0  300    0    0  342    0  
   0    0    0  361    0    0  334    0  270    0  331  359    0    0    0  
   0  287    0    0  372    0    0    0  381    0  290    0    0  321    0  
   0    0  304  374  316    0    0  296  309    0    0    0    0    0    0  
   0  373    0  371  321    0    0    0    0    0  361    0  389    0    0  
   0  330  300  364    0  285    0    0    0    0    0    0    0  384    0  
   0  326    0    0    0    0    0    0    0  324  379    0  324    0  314  
   0    0  330    0    0    0    0  361  380    0    0    0    0  302  347  
 326    0    0    0    0    0    0  358    0  326  311    0    0  366    0  
   0    0    0    0    0  326  299    0    0  296  406  399    0    0    0  
 388  369    0    0    0    0    0    0    0  397  390  390    0    0    0  
 345  339    0    0    0    0    0    0  298    0    0    0    0  397  402  
   0    0    0  363    0    0  405    0    0    0  417    0    0  383  307  
   0    0    0  333    0    0  344  421    0    0    0    0  318    0  416  
   0  400    0    0  390    0    0  328    0  318    0    0  329    0    0  
   0    0    0  367    0  354  432    0    0    0    0    0    0  336  423  
   0    0    0    0  334    0    0  343  322    0    0  331  413    0    0  
   0  338    0    0    0  404    0    0  439    0    0    0  362  359    0  
   0    0  331  383    0  396    0    0    0  408    0    0    0  327    0  
   0    0  387    0    0    0  440    0  337    0    0    0  371    0  396  
   0    0  348    0    0    0  427    0    0  352  391    0  396    0    0  
 405    0    0    0    0    0    0    0    0    0    0  367  359  349  391  
 401  385  338    0    0    0    0    0    0    0  386    0    0  410    0  
 377    0    0  348    0  418    0  341    0    0    0    0    0  346    0  
   0  385  399    0    0    0  452    0    0  430    0    0    0  335    0  
   0  399  355    0    0    0  367    0    0    0    0  359    0    0  379  
   0    0    0    0  436    0  385  408  343    0    0  401    0    0    0  
   0  462    0    0    0    0  345  422    0    0    0    0  396    0  352  
 406  415    0    0  411    0    0    0  375  476    0    0    0    0    0  
   0    0    0  371    0    0    0    0  408  394    0    0  429  361    0  
   0    0  383    0    0    0    0    0    0    0  471  398  438  472    0  
   0    0    0    0  403    0  409  350    0    0  447    0  352    0    0  
   0    0  486  485    0    0    0    0    0    0  370  377    0    0  415  
 367    0  383    0    0    0    0  386  407  387    0    0    0    0    0  
   0  398  406  392  460    0    0    0  465    0    0    0    0    0    0  
   0  363  421    0  413    0    0    0    0    0  486    0  361    0    0  
   0    0    0    0    0  506    0  498    0  507  497    0    0    0  493  
   0    0    0  386    0  496    0    0    0    0    0  436  418    0  456  
   0  516    0  515    0    0    0    0  485  374    0    0    0  457    0  
 463  483    0    0    0  486    0    0    0  508    0    0  417    0    0  
   0    0  432    0  374  491    0    0    0  409    0    0    0    0  425  
   0    0  441  477    0  454    0  466    0  452    0    0    0    0    0  
 404  524    0  387    0    0    0    0    0    0    0    0  471    0  445  
   0  447  464    0  429  469    0    0    0    0    0    0  430    0    0  
 395    0  536  518    0  514    0    0    0    0    0    0    0  388    0  
   0  427    0  441    0  401  411    0    0  455    0    0    0    0    0  
   0    0  482  432    0  493    0    0  427    0    0    0    0    0  533  
 470    0    0  418    0    0    0    0  499  423    0    0    0  420    0  
 498  545    0  543    0    0    0    0  495  539    0    0    0    0    0  
 546    0    0    0    0    0    0    0  511    0    0    0  548  446  419  
 452    0    0    0    0    0    0    0  491    0  555  466    0  441    0  
   0    0    0    0    0    0  546    0  426  411    0    0    0  561  432  ] 
 ] 
