K : 75
I : 10
C : 8
INSTANCE : 1
PREFERENCES : [    3    4    0    0    0    2    0    0    5    1  
   0    0    2    5    4    0    0    1    3    0  
   0    3    0    0    2    1    4    0    5    0  
   5    3    0    4    0    0    0    0    2    1  
   0    0    3    4    5    2    1    0    0    0  
   0    0    0    0    4    1    2    5    3    0  
   0    0    0    4    3    5    0    0    1    2  
   0    0    1    0    2    5    3    0    4    0  
   4    5    0    3    0    0    0    2    0    1  
   5    2    1    0    0    4    0    0    3    0  
   2    0    0    5    0    3    1    4    0    0  
   3    2    0    1    5    0    0    0    0    4  
   4    0    0    0    1    2    0    3    5    0  
   3    0    0    5    4    0    0    1    2    0  
   0    5    1    0    4    3    0    0    2    0  
   0    4    0    0    3    0    2    5    0    1  
   0    2    1    0    0    0    3    0    5    4  
   0    4    5    0    3    0    0    2    0    1  
   3    4    5    0    0    2    0    0    1    0  
   3    0    4    0    2    1    0    0    5    0  
   0    3    0    0    2    1    0    4    0    5  
   5    4    0    0    2    0    0    3    1    0  
   3    0    5    0    0    0    1    0    4    2  
   0    5    0    4    1    0    0    0    2    3  
   1    5    0    0    3    0    2    0    0    4  
   2    0    1    3    4    0    0    0    0    5  
   3    5    0    0    1    4    0    2    0    0  
   0    5    3    0    0    4    0    0    2    1  
   2    1    0    0    4    5    0    3    0    0  
   0    0    3    5    0    0    4    0    1    2  
   4    0    5    0    2    3    0    1    0    0  
   0    1    0    2    0    0    3    4    5    0  
   3    0    0    1    5    0    0    0    2    4  
   4    0    0    0    1    3    5    0    0    2  
   0    1    0    0    2    5    3    4    0    0  
   2    4    0    1    5    0    0    3    0    0  
   1    0    0    5    0    0    4    3    0    2  
   0    0    0    0    0    3    5    2    1    4  
   3    0    5    1    0    0    0    0    4    2  
   5    0    0    2    4    0    1    0    0    3  
   4    0    0    5    0    3    0    1    0    2  
   3    0    0    4    0    2    0    1    0    5  
   0    4    0    1    0    0    0    2    3    5  
   3    0    5    1    0    0    0    0    4    2  
   0    1    0    3    2    5    0    0    4    0  
   0    0    3    2    0    0    1    0    5    4  
   2    0    5    0    0    0    3    4    1    0  
   2    3    0    1    4    0    5    0    0    0  
   1    0    3    4    0    0    0    0    5    2  
   2    0    0    4    1    0    3    0    5    0  
   1    0    0    0    5    4    0    2    3    0  
   1    4    0    5    0    0    0    3    0    2  
   4    0    0    5    3    0    0    0    2    1  
   0    2    5    4    0    0    1    0    3    0  
   2    0    0    5    0    0    4    1    3    0  
   0    0    3    1    0    2    0    4    0    5  
   0    0    0    2    5    0    1    3    4    0  
   2    3    1    0    0    0    0    5    0    4  
   1    0    0    0    5    4    0    0    3    2  
   5    0    3    2    0    1    4    0    0    0  
   3    2    0    4    1    0    5    0    0    0  
   0    0    1    0    0    4    0    5    2    3  
   0    0    1    5    0    3    0    0    4    2  
   0    2    0    0    4    0    1    3    5    0  
   4    1    2    0    0    0    5    0    3    0  
   2    3    0    4    1    0    5    0    0    0  
   3    0    2    0    0    1    0    4    0    5  
   3    5    0    0    0    4    1    0    2    0  
   0    0    3    4    2    0    0    0    1    5  
   5    3    0    1    0    4    0    0    2    0  
   3    0    2    0    1    0    0    5    0    4  
   5    1    0    0    4    0    2    3    0    0  
   2    0    3    0    0    5    1    0    4    0  
   0    2    4    0    0    0    5    0    1    3  
   0    3    0    1    2    0    4    5    0    0  ] 
RESERVATION PRICES : [    8    7    0    0    0    7    0    0    7    8  
   0    0    7    9    9    0    0    8    8    0  
   0   13    0    0   12   12   12    0   10    0  
  17   14    0   16    0    0    0    0   16   16  
   0    0   17   20   16   18   21    0    0    0  
   0    0    0    0   23   22   25   21   19    0  
   0    0    0   27   23   29    0    0   25   29  
   0    0   32    0   26   30   28    0   29    0  
  37   39    0   36    0    0    0   37    0   35  
  33   34   34    0    0   29    0    0   33    0  
  36    0    0   43    0   41   36   47    0    0  
  43   38    0   37   44    0    0    0    0   41  
  46    0    0    0   54   41    0   48   51    0  
  59    0    0   50   55    0    0   52   57    0  
   0   50   64    0   51   66    0    0   50    0  
   0   65    0    0   59    0   68   52    0   62  
   0   69   64    0    0    0   68    0   69   52  
   0   57   63    0   71    0    0   64    0   62  
  57   60   69    0    0   56    0    0   63    0  
  59    0   74    0   65   68    0    0   75    0  
   0   59    0    0   70   70    0   74    0   65  
  63   81    0    0   78    0    0   86   76    0  
  68    0   72    0    0    0   87    0   86   65  
   0   82    0   78   71    0    0    0   93   90  
  95  101    0    0   99    0   81    0    0   93  
  77    0   83   77  104    0    0    0    0   89  
  87  101    0    0   86   91    0  101    0    0  
   0   92  105    0    0   92    0    0  102   92  
 113  113    0    0   91   85    0  106    0    0  
   0    0  100  119    0    0   91    0  108  111  
  92    0  115    0   95  106    0  105    0    0  
   0  102    0  129    0    0  118  130  120    0  
 109    0    0  122  107    0    0    0  112  120  
 110    0    0    0  111  130   96    0    0   97  
   0  101    0    0  113  128  135  138    0    0  
 134  144    0  120  136    0    0  124    0    0  
 144    0    0  135    0    0  150  124    0  117  
   0    0    0    0    0  130  141  138  135  151  
 154    0  147  128    0    0    0    0  129  134  
 128    0    0  130  127    0  153    0    0  138  
 136    0    0  124    0  120    0  123    0  147  
 137    0    0  135    0  148    0  156    0  122  
   0  151    0  133    0    0    0  164  146  131  
 128    0  141  141    0    0    0    0  150  135  
   0  161    0  134  156  136    0    0  141    0  
   0    0  164  163    0    0  180    0  163  138  
 167    0  172    0    0    0  146  167  173    0  
 190  149    0  180  159    0  161    0    0    0  
 153    0  171  187    0    0    0    0  190  191  
 182    0    0  197  198    0  182    0  160    0  
 198    0    0    0  162  176    0  192  183    0  
 161  156    0  177    0    0    0  175    0  197  
 165    0    0  155  182    0    0    0  208  156  
   0  196  201  163    0    0  211    0  210    0  
 210    0    0  206    0    0  182  189  184    0  
   0    0  189  191    0  179    0  197    0  205  
   0    0    0  179  216    0  202  166  204    0  
 222  167  182    0    0    0    0  176    0  191  
 181    0    0    0  170  230    0    0  185  206  
 214    0  188  189    0  193  181    0    0    0  
 234  224    0  228  175    0  184    0    0    0  
   0    0  186    0    0  210    0  177  241  191  
   0    0  204  227    0  208    0    0  227  207  
   0  226    0    0  227    0  187  237  225    0  
 192  203  187    0    0    0  247    0  241    0  
 203  186    0  235  192    0  208    0    0    0  
 218    0  242    0    0  215    0  194    0  236  
 188  188    0    0    0  234  214    0  202    0  
   0    0  241  261  209    0    0    0  265  238  
 259  266    0  210    0  222    0    0  231    0  
 243    0  209    0  216    0    0  205    0  222  
 200  206    0    0  218    0  248  260    0    0  
 221    0  256    0    0  222  231    0  200    0  
   0  246  231    0    0    0  222    0  231  206  
   0  218    0  272  275    0  277  255    0    0  ] 
 ] 
