K : 50
I : 10
C : 10
INSTANCE : 4
PREFERENCES : [    1    0    3    0    0    0    5    4    2    0  
   3    0    4    1    2    0    5    0    0    0  
   2    5    1    0    0    0    3    0    0    4  
   0    0    0    5    4    0    1    0    2    3  
   0    0    0    3    2    1    0    0    4    5  
   5    0    1    0    0    2    4    3    0    0  
   0    0    3    0    0    1    0    4    2    5  
   2    0    1    4    0    0    3    0    0    5  
   3    1    0    2    0    0    0    4    0    5  
   5    0    0    0    3    2    1    4    0    0  
   1    0    5    0    4    0    3    2    0    0  
   1    4    0    0    5    0    2    0    3    0  
   1    3    0    2    5    0    0    0    0    4  
   1    0    0    4    0    0    0    5    2    3  
   0    1    5    0    0    2    3    4    0    0  
   3    5    1    0    0    0    0    4    2    0  
   5    4    1    0    0    3    2    0    0    0  
   2    4    0    0    3    0    0    0    5    1  
   5    3    0    0    0    1    0    2    4    0  
   4    0    0    2    3    5    0    1    0    0  
   5    0    0    0    3    2    4    0    0    1  
   2    5    3    0    4    0    0    0    1    0  
   2    5    4    0    0    0    3    1    0    0  
   0    0    1    4    3    0    0    2    5    0  
   0    0    1    5    0    4    2    0    3    0  
   0    0    0    4    0    0    5    1    3    2  
   0    0    3    4    0    2    0    1    5    0  
   5    0    2    0    3    1    0    4    0    0  
   5    0    0    0    4    1    2    3    0    0  
   0    2    5    0    0    3    4    0    1    0  
   5    0    0    2    0    4    1    0    0    3  
   0    0    3    4    0    0    0    2    5    1  
   0    5    0    0    0    0    2    1    3    4  
   5    3    0    0    0    1    4    0    0    2  
   0    1    0    0    2    0    5    3    0    4  
   1    0    0    0    4    0    0    3    2    5  
   0    3    0    0    1    2    0    4    0    5  
   4    3    0    0    1    0    0    5    0    2  
   0    0    2    3    1    4    5    0    0    0  
   2    0    0    5    1    0    4    0    0    3  
   4    2    0    0    5    0    1    3    0    0  
   4    0    0    3    0    2    1    0    5    0  
   3    0    1    0    0    2    0    5    4    0  
   0    5    0    4    0    0    3    2    0    1  
   0    4    0    0    0    2    1    5    0    3  
   0    5    0    0    4    3    0    0    2    1  
   0    0    3    4    0    0    1    2    0    5  
   4    5    0    3    2    0    0    1    0    0  
   0    5    0    4    0    3    2    0    1    0  
   0    1    0    4    2    0    5    0    0    3  ] 
RESERVATION PRICES : [    6    0    6    0    0    0    6    5    5    0  
  11    0   12   11   12    0    9    0    0    0  
  16   17   19    0    0    0   19    0    0   17  
   0    0    0   24   19    0   24    0   18   20  
   0    0    0   22   21   19    0    0   19   24  
  24    0   20    0    0   24   21   19    0    0  
   0    0   24    0    0   22    0   25   21   21  
  29    0   31   30    0    0   29    0    0   32  
  34   29    0   33    0    0    0   29    0   31  
  35    0    0    0   34   36   31   30    0    0  
  40    0   39    0   39    0   39   37    0    0  
  35   41    0    0   33    0   37    0   32    0  
  35   34    0   34   41    0    0    0    0   37  
  46    0    0   38    0    0    0   43   46   38  
   0   42   50    0    0   47   56   56    0    0  
  54   49   52    0    0    0    0   58   54    0  
  49   62   53    0    0   63   64    0    0    0  
  52   66    0    0   55    0    0    0   52   49  
  56   58    0    0    0   59    0   73   61    0  
  67    0    0   71   67   60    0   61    0    0  
  66    0    0    0   63   55   59    0    0   65  
  71   65   72    0   77    0    0    0   75    0  
  82   64   61    0    0    0   73   69    0    0  
   0    0   87   77   67    0    0   74   75    0  
   0    0   87   73    0   70   80    0   82    0  
   0    0    0   95    0    0   77   95   91   93  
   0    0   87   82    0   98    0   72   79    0  
  90    0   98    0   78   81    0  104    0    0  
 107    0    0    0   79   83  104   93    0    0  
   0   86   93    0    0  105   96    0   87    0  
 113    0    0  104    0   87   84    0    0   82  
   0    0  116   90    0    0    0  122   93  113  
   0  101    0    0    0    0  113  113   94  120  
 127  107    0    0    0  101  101    0    0   99  
   0  124    0    0  121    0  136  117    0  135  
 136    0    0    0  139    0    0  136  107  112  
   0  131    0    0  125  111    0  109    0  142  
 128  128    0    0  111    0    0  137    0  113  
   0    0  135  116  142  136  125    0    0    0  
 117    0    0  146  152    0  147    0    0  153  
 124  156    0    0  153    0  119  135    0    0  
 122    0    0  120    0  131  157    0  156    0  
 162    0  135    0    0  154    0  125  140    0  
   0  133    0  170    0    0  143  159    0  153  
   0  129    0    0    0  153  168  166    0  132  
   0  141    0    0  145  171    0    0  131  167  
   0    0  136  151    0    0  152  142    0  160  
 169  168    0  156  148    0    0  152    0    0  
   0  171    0  159    0  157  153    0  160    0  
   0  144    0  187  166    0  167    0    0  174  ] 
 ] 
