K : 125
I : 15
C : 5
INSTANCE : 3
PREFERENCES : [    0    0    0    1    2    0    5    3    0    0    0    0    0    4    0  
   1    0    5    4    0    0    0    0    0    0    3    0    2    0    0  
   0    1    2    0    0    5    0    0    0    0    0    4    0    3    0  
   0    0    0    2    0    0    3    0    0    0    5    0    0    4    1  
   0    2    0    0    4    0    5    0    0    0    1    0    3    0    0  
   0    0    5    2    4    0    0    0    0    0    0    3    0    0    1  
   0    1    3    0    4    0    0    0    0    0    0    2    5    0    0  
   0    0    0    0    0    0    2    1    0    0    0    5    4    0    3  
   0    0    0    2    0    0    0    0    5    0    1    4    0    3    0  
   0    1    0    3    5    0    4    0    0    0    0    0    0    0    2  
   2    0    0    3    4    0    0    0    1    0    0    0    0    5    0  
   0    0    5    2    0    0    3    0    0    0    0    0    1    0    4  
   0    0    4    1    5    0    0    0    0    0    0    0    3    0    2  
   1    0    0    5    0    0    0    0    3    4    0    2    0    0    0  
   5    0    3    0    0    2    0    0    0    1    0    4    0    0    0  
   0    0    0    1    0    0    0    0    3    4    0    0    2    0    5  
   0    0    0    0    0    0    2    4    0    5    0    0    0    3    1  
   0    4    5    0    0    0    0    2    3    0    0    0    0    0    1  
   3    0    0    0    0    2    0    0    5    1    0    0    0    4    0  
   0    3    0    5    0    0    0    0    4    2    0    0    0    1    0  
   0    2    0    4    0    0    5    0    0    3    0    0    0    1    0  
   0    0    0    1    0    4    5    0    0    0    2    0    0    0    3  
   0    1    3    0    5    2    0    0    0    0    4    0    0    0    0  
   3    0    0    1    0    5    0    4    0    0    0    0    0    2    0  
   0    0    0    0    0    4    0    0    0    5    3    0    1    2    0  
   3    4    1    0    0    0    0    0    5    2    0    0    0    0    0  
   0    0    0    0    4    0    0    5    0    0    1    2    0    0    3  
   0    0    0    0    2    0    3    0    4    0    5    0    1    0    0  
   0    0    0    3    4    0    0    0    0    2    0    0    1    5    0  
   0    0    0    1    2    5    0    0    0    0    0    3    0    0    4  
   2    0    0    1    0    0    5    3    0    0    0    0    0    4    0  
   0    0    0    0    5    2    0    1    0    3    4    0    0    0    0  
   0    0    0    1    0    0    5    0    0    4    0    3    0    0    2  
   2    0    0    0    4    5    0    0    0    0    0    3    0    0    1  
   0    0    1    0    0    0    0    0    5    3    0    4    0    0    2  
   5    1    4    0    0    0    0    0    0    0    0    0    0    3    2  
   0    0    0    0    0    1    0    0    5    3    0    2    0    4    0  
   0    5    0    0    0    0    0    1    2    0    0    0    0    3    4  
   0    4    0    0    0    5    3    2    0    1    0    0    0    0    0  
   0    0    1    0    0    0    0    4    5    0    3    0    0    2    0  
   0    0    1    0    0    0    0    5    0    3    0    0    4    0    2  
   0    5    0    4    3    0    0    0    0    0    2    0    0    0    1  
   3    4    0    0    0    0    0    0    5    0    1    0    0    2    0  
   0    0    5    1    0    2    0    0    0    0    0    3    0    4    0  
   0    0    0    4    3    0    0    0    0    2    5    0    1    0    0  
   0    0    5    2    0    0    0    0    0    3    0    4    0    1    0  
   0    0    0    0    2    0    0    0    0    0    0    4    5    1    3  
   4    0    2    0    0    5    0    0    0    0    1    0    0    0    3  
   0    0    0    0    5    4    0    1    0    0    0    0    2    0    3  
   0    0    0    0    4    0    3    5    0    0    0    2    1    0    0  
   4    0    1    0    2    0    0    3    0    0    0    5    0    0    0  
   5    0    0    4    0    2    0    0    1    3    0    0    0    0    0  
   5    4    0    0    0    0    0    0    0    1    0    0    0    3    2  
   3    0    2    5    0    4    0    0    0    0    1    0    0    0    0  
   0    0    0    0    0    5    4    0    2    1    0    0    0    3    0  
   0    3    5    0    0    2    0    0    0    0    4    0    0    1    0  
   0    0    0    4    0    0    0    1    0    0    5    0    2    0    3  
   5    0    0    0    2    0    0    1    0    0    4    0    3    0    0  
   0    4    0    0    0    0    3    1    0    5    0    0    0    2    0  
   2    0    0    4    0    0    1    0    3    0    0    0    0    5    0  
   3    0    0    0    0    2    5    4    0    0    0    0    0    0    1  
   0    0    0    0    0    0    2    3    0    0    4    1    0    5    0  
   2    0    0    1    0    4    0    0    0    0    0    0    0    5    3  
   0    0    0    5    3    0    0    4    0    0    0    0    2    0    1  
   1    3    0    0    0    0    0    0    0    0    5    4    2    0    0  
   0    0    0    0    0    1    0    4    0    0    3    2    0    0    5  
   3    0    0    0    1    2    0    5    0    4    0    0    0    0    0  
   0    0    0    0    0    3    4    0    1    2    0    0    5    0    0  
   0    0    0    0    5    0    0    1    2    0    0    0    3    4    0  
   0    3    0    0    5    2    0    0    0    0    4    0    0    0    1  
   5    0    0    0    0    0    4    0    0    0    1    2    0    3    0  
   2    0    0    0    0    4    0    0    0    0    1    5    0    0    3  
   0    4    0    0    0    0    0    5    0    0    3    0    0    2    1  
   0    1    0    4    0    5    0    0    2    0    3    0    0    0    0  
   0    0    0    4    0    0    0    0    3    0    5    2    0    0    1  
   0    3    0    0    0    4    0    0    0    2    5    0    1    0    0  
   1    0    2    0    0    0    0    0    5    0    3    0    4    0    0  
   0    0    2    0    0    3    0    0    1    0    5    0    0    0    4  
   0    0    2    5    0    0    0    0    0    0    1    4    0    0    3  
   2    0    0    3    0    0    0    0    1    0    5    4    0    0    0  
   4    0    0    0    0    2    0    0    5    1    0    0    3    0    0  
   5    0    0    3    0    0    0    0    0    1    0    0    4    2    0  
   0    0    0    3    4    2    0    0    0    1    0    0    5    0    0  
   0    0    4    0    3    0    0    1    2    0    0    0    0    5    0  
   0    0    0    0    0    0    1    4    5    3    0    0    2    0    0  
   0    4    0    0    0    5    0    1    0    0    0    2    0    0    3  
   0    0    0    4    0    3    0    0    0    0    1    2    0    5    0  
   1    0    4    0    2    5    0    0    0    0    0    0    0    0    3  
   0    4    0    0    0    0    1    2    0    0    0    0    3    0    5  
   5    0    1    0    0    0    0    0    3    0    0    4    0    0    2  
   3    0    0    0    0    0    5    0    1    0    0    0    4    0    2  
   0    0    0    3    0    4    0    2    1    0    5    0    0    0    0  
   0    2    3    4    5    1    0    0    0    0    0    0    0    0    0  
   1    3    0    0    5    0    0    0    0    2    0    4    0    0    0  
   0    0    0    0    0    2    0    3    1    5    0    0    4    0    0  
   0    0    0    0    5    0    0    0    4    2    0    0    1    3    0  
   0    0    0    1    0    5    4    0    0    0    0    0    3    2    0  
   0    0    5    0    3    2    0    4    1    0    0    0    0    0    0  
   0    0    3    2    0    0    0    0    0    5    0    1    0    4    0  
   0    0    4    0    0    0    0    5    0    0    1    3    0    2    0  
   1    3    0    0    2    0    4    5    0    0    0    0    0    0    0  
   1    3    0    0    4    0    0    2    0    0    0    0    0    5    0  
   0    0    0    3    0    0    0    0    1    2    0    0    4    0    5  
   0    1    0    0    4    5    0    0    2    0    0    0    0    3    0  
   3    0    0    4    0    5    0    0    0    0    0    0    1    0    2  
   0    0    0    2    0    0    0    0    1    4    0    0    3    5    0  
   1    0    3    0    0    0    4    2    0    0    5    0    0    0    0  
   0    0    0    0    0    0    2    5    0    0    3    1    4    0    0  
   4    0    0    0    0    5    3    2    0    0    0    1    0    0    0  
   0    0    1    0    0    5    0    0    0    0    3    0    4    2    0  
   0    0    3    0    0    2    0    0    0    5    0    4    1    0    0  
   0    0    0    0    0    3    1    0    0    5    0    0    0    4    2  
   4    0    0    1    0    0    0    0    0    5    3    0    0    0    2  
   0    0    3    0    0    0    4    0    0    1    0    0    0    5    2  
   0    0    0    0    4    1    0    0    0    2    3    5    0    0    0  
   0    0    5    0    2    0    0    0    4    0    3    0    0    0    1  
   0    5    0    0    1    0    0    0    0    0    0    3    2    4    0  
   0    5    0    0    0    3    0    0    4    0    1    2    0    0    0  
   5    0    3    0    4    2    0    0    0    0    0    0    0    0    1  
   0    5    0    3    0    0    0    2    1    0    0    4    0    0    0  
   0    0    0    1    0    0    3    0    5    0    0    0    0    2    4  
   1    0    0    5    0    0    0    0    0    0    3    4    2    0    0  
   2    0    0    0    3    0    5    0    0    0    0    4    1    0    0  
   1    5    0    0    0    0    0    3    0    4    0    0    2    0    0  
   3    5    0    0    0    0    0    1    4    0    0    2    0    0    0  ] 
RESERVATION PRICES : [    0    0    0    5    6    0    6    6    0    0    0    0    0    6    0  
  10    0   11   11    0    0    0    0    0    0   10    0    9    0    0  
   0   10   11    0    0   10    0    0    0    0    0    9    0    9    0  
   0    0    0   17    0    0   15    0    0    0   18    0    0   15   18  
   0   15    0    0   20    0   17    0    0    0   16    0   19    0    0  
   0    0   19   21   26    0    0    0    0    0    0   20    0    0   26  
   0   23   23    0   25    0    0    0    0    0    0   29   31    0    0  
   0    0    0    0    0    0   31   24    0    0    0   28   31    0   24  
   0    0    0   25    0    0    0    0   26    0   26   24    0   27    0  
   0   32    0   26   33    0   31    0    0    0    0    0    0    0   26  
  41    0    0   30   38    0    0    0   36    0    0    0    0   41    0  
   0    0   36   34    0    0   44    0    0    0    0    0   39    0   32  
   0    0   41   48   38    0    0    0    0    0    0    0   43    0   35  
  49    0    0   54    0    0    0    0   54   54    0   51    0    0    0  
  45    0   59    0    0   51    0    0    0   56    0   56    0    0    0  
   0    0    0   50    0    0    0    0   48   46    0    0   53    0   48  
   0    0    0    0    0    0   61   67    0   65    0    0    0   52   58  
   0   64   61    0    0    0    0   50   59    0    0    0    0    0   55  
  69    0    0    0    0   57    0    0   73   67    0    0    0   56    0  
   0   59    0   63    0    0    0    0   76   68    0    0    0   56    0  
   0   82    0   62    0    0   84    0    0   78    0    0    0   75    0  
   0    0    0   84    0   75   68    0    0    0   83    0    0    0   67  
   0   68   66    0   82   70    0    0    0    0   85    0    0    0    0  
  85    0    0   80    0   90    0   88    0    0    0    0    0   72    0  
   0    0    0    0    0   97    0    0    0   96   81    0   87   75    0  
  79   92   86    0    0    0    0    0   87   91    0    0    0    0    0  
   0    0    0    0   82    0    0  100    0    0   95   99    0    0   93  
   0    0    0    0   98    0   82    0  104    0  101    0   81    0    0  
   0    0    0  110   82    0    0    0    0   83    0    0   81   83    0  
   0    0    0   97  112  110    0    0    0    0    0  113    0    0  107  
  90    0    0  108    0    0   90  111    0    0    0    0    0  116    0  
   0    0    0    0   95  107    0  108    0  118  104    0    0    0    0  
   0    0    0  120    0    0  127    0    0  101    0   93    0    0  115  
 113    0    0    0  116  119    0    0    0    0    0  129    0    0   98  
   0    0  103    0    0    0    0    0   97   98    0   97    0    0  100  
 114  110  123    0    0    0    0    0    0    0    0    0    0  103  109  
   0    0    0    0    0  110    0    0  134  108    0  138    0  104    0  
   0  142    0    0    0    0    0  149  148    0    0    0    0  128  138  
   0  141    0    0    0  121  118  116    0  149    0    0    0    0    0  
   0    0  131    0    0    0    0  152  122    0  151    0    0  141    0  
   0    0  148    0    0    0    0  152    0  147    0    0  161    0  137  
   0  137    0  156  165    0    0    0    0    0  162    0    0    0  141  
 167  157    0    0    0    0    0    0  139    0  142    0    0  160    0  
   0    0  136  135    0  156    0    0    0    0    0  137    0  148    0  
   0    0    0  160  161    0    0    0    0  147  168    0  153    0    0  
   0    0  146  133    0    0    0    0    0  177    0  143    0  143    0  
   0    0    0    0  154    0    0    0    0    0    0  149  148  134  136  
 175    0  158    0    0  156    0    0    0    0  147    0    0    0  151  
   0    0    0    0  139  150    0  182    0    0    0    0  162    0  170  
   0    0    0    0  148    0  154  179    0    0    0  180  168    0    0  
 152    0  167    0  183    0    0  194    0    0    0  165    0    0    0  
 195    0    0  161    0  167    0    0  182  143    0    0    0    0    0  
 187  155    0    0    0    0    0    0    0  193    0    0    0  199  178  
 146    0  174  195    0  146    0    0    0    0  175    0    0    0    0  
   0    0    0    0    0  154  206    0  184  187    0    0    0  175    0  
   0  196  195    0    0  193    0    0    0    0  203    0    0  190    0  
   0    0    0  204    0    0    0  201    0    0  197    0  157    0  154  
 183    0    0    0  167    0    0  172    0    0  190    0  184    0    0  
   0  182    0    0    0    0  179  158    0  158    0    0    0  210    0  
 214    0    0  176    0    0  202    0  190    0    0    0    0  215    0  
 216    0    0    0    0  170  159  171    0    0    0    0    0    0  219  
   0    0    0    0    0    0  172  200    0    0  185  159    0  209    0  
 197    0    0  168    0  220    0    0    0    0    0    0    0  176  184  
   0    0    0  167  176    0    0  194    0    0    0    0  191    0  211  
 174  193    0    0    0    0    0    0    0    0  208  210  186    0    0  
   0    0    0    0    0  218    0  175    0    0  175  204    0    0  195  
 228    0    0    0  216  232    0  223    0  223    0    0    0    0    0  
   0    0    0    0    0  196  208    0  187  239    0    0  188    0    0  
   0    0    0    0  218    0    0  235  231    0    0    0  228  239    0  
   0  193    0    0  251  242    0    0    0    0  228    0    0    0  216  
 232    0    0    0    0    0  253    0    0    0  236  238    0  232    0  
 270    0    0    0    0  200    0    0    0    0  266  265    0    0  231  
   0  274    0    0    0    0    0  254    0    0  233    0    0  234  201  
   0  276    0  229    0  264    0    0  214    0  263    0    0    0    0  
   0    0    0  284    0    0    0    0  268    0  217  269    0    0  241  
   0  268    0    0    0  244    0    0    0  213  230    0  241    0    0  
 265    0  230    0    0    0    0    0  227    0  261    0  277    0    0  
   0    0  277    0    0  286    0    0  236    0  290    0    0    0  252  
   0    0  296  283    0    0    0    0    0    0  251  235    0    0  262  
 226    0    0  281    0    0    0    0  255    0  272  220    0    0    0  
 274    0    0    0    0  275    0    0  277  240    0    0  241    0    0  
 229    0    0  286    0    0    0    0    0  234    0    0  258  233    0  
   0    0    0  239  248  314    0    0    0  278    0    0  228    0    0  
   0    0  240    0  271    0    0  244  246    0    0    0    0  304    0  
   0    0    0    0    0    0  296  307  273  264    0    0  234    0    0  
   0  279    0    0    0  255    0  265    0    0    0  321    0    0  288  
   0    0    0  253    0  282    0    0    0    0  331  267    0  308    0  
 332    0  250    0  339  288    0    0    0    0    0    0    0    0  290  
   0  294    0    0    0    0  305  306    0    0    0    0  277    0  305  
 334    0  343    0    0    0    0    0  265    0    0  270    0    0  295  
 315    0    0    0    0    0  295    0  265    0    0    0  327    0  315  
   0    0    0  323    0  320    0  341  282    0  279    0    0    0    0  
   0  262  310  306  283  338    0    0    0    0    0    0    0    0    0  
 316  343    0    0  323    0    0    0    0  318    0  356    0    0    0  
   0    0    0    0    0  267    0  361  265  348    0    0  321    0    0  
   0    0    0    0  330    0    0    0  359  360    0    0  349  284    0  
   0    0    0  283    0  355  364    0    0    0    0    0  307  344    0  
   0    0  334    0  321  329    0  294  356    0    0    0    0    0    0  
   0    0  310  342    0    0    0    0    0  345    0  355    0  289    0  
   0    0  313    0    0    0    0  280    0    0  339  320    0  327    0  
 324  375    0    0  366    0  327  346    0    0    0    0    0    0    0  
 289  359    0    0  354    0    0  345    0    0    0    0    0  311    0  
   0    0    0  345    0    0    0    0  367  344    0    0  312    0  377  
   0  360    0    0  338  318    0    0  286    0    0    0    0  378    0  
 329    0    0  311    0  372    0    0    0    0    0    0  301    0  336  
   0    0    0  335    0    0    0    0  343  350    0    0  380  320    0  
 346    0  321    0    0    0  349  296    0    0  385    0    0    0    0  
   0    0    0    0    0    0  369  330    0    0  327  356  302    0    0  
 378    0    0    0    0  313  311  332    0    0    0  347    0    0    0  
   0    0  385    0    0  387    0    0    0    0  330    0  378  375    0  
   0    0  398    0    0  295    0    0    0  387    0  396  336    0    0  
   0    0    0    0    0  389  410    0    0  354    0    0    0  369  374  
 347    0    0  324    0    0    0    0    0  410  410    0    0    0  370  
   0    0  329    0    0    0  381    0    0  380    0    0    0  359  396  
   0    0    0    0  377  370    0    0    0  312  399  349    0    0    0  
   0    0  400    0  359    0    0    0  414    0  371    0    0    0  336  
   0  436    0    0  399    0    0    0    0    0    0  346  381  395    0  
   0  422    0    0    0  353    0    0  333    0  389  432    0    0    0  
 412    0  374    0  347  445    0    0    0    0    0    0    0    0  446  
   0  345    0  340    0    0    0  430  439    0    0  406    0    0    0  
   0    0    0  379    0    0  368    0  428    0    0    0    0  445  376  
 351    0    0  347    0    0    0    0    0    0  436  388  404    0    0  
 346    0    0    0  383    0  446    0    0    0    0  440  411    0    0  
 408  378    0    0    0    0    0  395    0  418    0    0  441    0    0  
 439  363    0    0    0    0    0  404  465    0    0  468    0    0    0  ] 
 ] 
