K : 150
I : 5
C : 15
INSTANCE : 3
PREFERENCES : [    3    0    1    0    2  
   2    0    1    0    3  
   2    1    0    0    3  
   0    0    1    3    2  
   0    1    2    0    3  
   0    0    3    1    2  
   0    3    1    2    0  
   0    1    3    0    2  
   3    0    1    2    0  
   0    0    2    3    1  
   0    3    1    2    0  
   0    0    3    2    1  
   0    1    3    2    0  
   0    3    2    1    0  
   0    2    1    3    0  
   1    2    3    0    0  
   2    0    0    1    3  
   0    1    0    3    2  
   3    1    0    0    2  
   0    1    0    3    2  
   0    3    1    2    0  
   2    0    3    0    1  
   2    0    3    1    0  
   0    2    3    0    1  
   2    3    1    0    0  
   0    3    2    1    0  
   0    0    3    1    2  
   0    2    3    0    1  
   0    1    3    0    2  
   1    2    0    0    3  
   1    0    3    0    2  
   0    2    3    0    1  
   0    2    0    3    1  
   1    3    0    2    0  
   3    1    0    0    2  
   1    3    0    0    2  
   3    0    1    0    2  
   3    1    0    2    0  
   2    0    3    1    0  
   0    0    2    1    3  
   1    2    0    3    0  
   3    2    1    0    0  
   0    2    1    3    0  
   0    3    2    1    0  
   0    2    1    0    3  
   2    0    1    0    3  
   2    0    1    0    3  
   3    1    0    0    2  
   0    3    2    0    1  
   0    2    3    1    0  
   1    0    3    2    0  
   0    1    3    0    2  
   0    2    1    0    3  
   3    2    0    0    1  
   1    2    0    0    3  
   0    2    3    0    1  
   2    0    0    1    3  
   0    2    1    3    0  
   3    0    1    0    2  
   1    3    0    0    2  
   2    0    3    0    1  
   1    0    0    3    2  
   1    2    0    0    3  
   2    0    1    0    3  
   0    1    2    3    0  
   2    1    3    0    0  
   2    3    0    1    0  
   2    1    0    0    3  
   0    3    0    2    1  
   1    0    2    3    0  
   0    3    2    0    1  
   3    0    0    1    2  
   2    1    3    0    0  
   0    2    1    0    3  
   3    0    2    1    0  
   3    0    1    0    2  
   2    0    1    0    3  
   0    3    1    0    2  
   0    2    0    3    1  
   2    0    1    0    3  
   2    0    3    0    1  
   0    1    3    0    2  
   0    2    3    0    1  
   0    3    1    0    2  
   0    0    3    1    2  
   0    2    0    1    3  
   0    0    1    2    3  
   3    2    0    0    1  
   0    0    1    3    2  
   3    0    0    1    2  
   2    1    0    3    0  
   0    1    0    3    2  
   1    3    0    0    2  
   0    1    2    0    3  
   3    0    1    0    2  
   3    2    0    1    0  
   0    2    0    1    3  
   1    0    0    2    3  
   0    3    2    1    0  
   3    1    0    0    2  
   0    1    3    0    2  
   0    0    2    1    3  
   1    0    0    3    2  
   1    3    2    0    0  
   0    0    3    1    2  
   0    2    0    3    1  
   0    2    3    0    1  
   3    2    0    1    0  
   2    1    3    0    0  
   0    3    0    2    1  
   3    2    0    0    1  
   0    0    2    1    3  
   0    2    0    3    1  
   1    2    3    0    0  
   2    3    0    0    1  
   0    1    0    2    3  
   1    0    2    0    3  
   0    2    0    3    1  
   3    1    0    0    2  
   0    3    1    2    0  
   2    0    3    0    1  
   0    1    2    0    3  
   0    3    0    1    2  
   3    2    0    0    1  
   3    2    1    0    0  
   3    0    1    0    2  
   1    0    3    0    2  
   2    1    0    3    0  
   3    2    0    1    0  
   0    1    2    3    0  
   1    3    0    2    0  
   1    0    2    3    0  
   1    0    2    0    3  
   0    2    3    0    1  
   1    0    3    0    2  
   0    1    2    3    0  
   0    1    3    2    0  
   1    2    0    3    0  
   3    2    0    1    0  
   2    0    1    3    0  
   1    3    2    0    0  
   2    1    3    0    0  
   1    2    0    3    0  
   1    2    0    0    3  
   0    0    3    1    2  
   1    0    3    2    0  
   1    3    0    2    0  
   3    0    0    2    1  
   0    0    2    3    1  
   0    2    0    1    3  ] 
RESERVATION PRICES : [    7    0    6    0    7  
  13    0   14    0   12  
  13   13    0    0   14  
   0    0   14   12   14  
   0   16   15    0   16  
   0    0   16   16   16  
   0   24   21   22    0  
   0   20   21    0   19  
  26    0   28   25    0  
   0    0   32   25   34  
   0   34   37   29    0  
   0    0   35   45   45  
   0   37   42   37    0  
   0   45   47   41    0  
   0   46   46   49    0  
  54   55   57    0    0  
  64    0    0   66   61  
   0   61    0   55   50  
  71   74    0    0   65  
   0   58    0   62   66  
   0   82   84   76    0  
  78    0   85    0   63  
  81    0   81   86    0  
   0   76   89    0   86  
  93   82   91    0    0  
   0   99   83   96    0  
   0    0  108   97  103  
   0  111  103    0  108  
   0  111  111    0   99  
  89  115    0    0   99  
 105    0  105    0   94  
   0   93  115    0  121  
   0  108    0  111  103  
 107  127    0  108    0  
 130  135    0    0  137  
 120  106    0    0  107  
 134    0  122    0  112  
 115  152    0  119    0  
 130    0  118  154    0  
   0    0  151  146  139  
 127  134    0  154    0  
 129  136  154    0    0  
   0  126  124  126    0  
   0  162  128  159    0  
   0  133  170    0  144  
 163    0  167    0  129  
 153    0  149    0  140  
 137  159    0    0  171  
   0  164  141    0  179  
   0  164  161  139    0  
 161    0  187  174    0  
   0  162  179    0  165  
   0  199  197    0  189  
 181  158    0    0  203  
 187  211    0    0  184  
   0  217  173    0  163  
 220    0    0  192  180  
   0  174  216  221    0  
 199    0  225    0  212  
 204  168    0    0  187  
 172    0  236    0  201  
 176    0    0  241  188  
 240  183    0    0  193  
 239    0  210    0  219  
   0  241  235  209    0  
 210  255  188    0    0  
 221  250    0  258    0  
 215  201    0    0  263  
   0  267    0  231  236  
 217    0  233  272    0  
   0  276  254    0  279  
 247    0    0  264  228  
 240  229  263    0    0  
   0  219  225    0  211  
 247    0  226  281    0  
 282    0  221    0  227  
 234    0  239    0  223  
   0  221  292    0  297  
   0  242    0  299  291  
 310    0  308    0  247  
 309    0  285    0  310  
   0  233  239    0  257  
   0  280  240    0  235  
   0  317  281    0  236  
   0    0  306  294  264  
   0  330    0  258  250  
   0    0  287  311  286  
 312  289    0    0  292  
   0    0  338  264  275  
 302    0    0  256  289  
 295  281    0  264    0  
   0  269    0  347  272  
 287  277    0    0  355  
   0  347  280    0  351  
 295    0  287    0  367  
 328  362    0  335    0  
   0  294    0  325  354  
 309    0    0  380  384  
   0  387  324  357    0  
 401  376    0    0  351  
   0  310  357    0  302  
   0    0  303  380  408  
 317    0    0  391  336  
 383  400  353    0    0  
   0    0  370  312  384  
   0  314    0  414  396  
   0  341  344    0  337  
 358  321    0  373    0  
 389  355  333    0    0  
   0  325    0  327  383  
 386  371    0    0  385  
   0    0  426  365  359  
   0  333    0  377  360  
 337  417  359    0    0  
 415  387    0    0  399  
   0  395    0  335  406  
 400    0  397    0  379  
   0  443    0  375  406  
 429  328    0    0  355  
   0  403  412  379    0  
 346    0  411    0  353  
   0  458  391    0  367  
   0  418    0  414  469  
 351  373    0    0  339  
 447  371  362    0    0  
 413    0  413    0  413  
 391    0  380    0  478  
 386  352    0  372    0  
 445  492    0  484    0  
   0  447  478  455    0  
 450  443    0  391    0  
 392    0  409  415    0  
 370    0  483    0  378  
   0  409  429    0  391  
 390    0  434    0  368  
   0  395  428  471    0  
   0  444  496  467    0  
 487  504    0  466    0  
 386  382    0  432    0  
 429    0  484  458    0  
 443  384  401    0    0  
 519  466  476    0    0  
 470  398    0  411    0  
 442  478    0    0  486  
   0    0  448  514  494  
 493    0  489  402    0  
 505  548    0  490    0  
 495    0    0  456  516  
   0    0  489  555  406  
   0  456    0  504  458  ] 
 ] 
