K : 75
I : 15
C : 12
INSTANCE : 2
PREFERENCES : [    3    0    0    5    0    0    0    0    1    0    4    0    2    0    0  
   0    0    0    1    0    0    5    0    0    0    2    0    3    4    0  
   2    3    0    0    1    0    0    5    4    0    0    0    0    0    0  
   0    0    0    0    5    0    3    4    1    0    0    2    0    0    0  
   0    0    0    0    5    0    0    1    0    2    0    0    4    3    0  
   0    1    0    2    4    3    0    5    0    0    0    0    0    0    0  
   0    0    0    1    5    0    0    0    0    0    3    0    2    4    0  
   0    5    4    0    1    0    0    0    0    0    0    0    3    0    2  
   0    0    0    0    0    0    5    0    3    0    1    0    0    2    4  
   0    0    0    0    0    0    0    3    2    0    1    0    0    5    4  
   5    0    0    0    2    3    0    4    0    0    0    0    1    0    0  
   0    0    1    3    4    2    0    0    0    0    0    0    0    5    0  
   1    0    0    3    0    2    0    5    0    0    4    0    0    0    0  
   0    5    0    2    0    0    1    0    0    0    3    0    4    0    0  
   4    1    0    2    0    0    0    3    0    0    0    0    5    0    0  
   0    0    5    0    1    0    0    0    0    4    0    3    2    0    0  
   0    0    0    0    0    0    1    4    2    3    0    0    0    0    5  
   3    2    0    0    1    4    0    0    0    0    0    0    5    0    0  
   1    0    0    0    0    0    4    3    2    0    0    0    0    0    5  
   0    0    0    3    0    0    2    0    0    0    4    0    1    0    5  
   0    4    0    0    0    0    5    0    0    0    3    0    1    0    2  
   4    0    5    0    0    0    0    0    3    0    0    2    0    0    1  
   0    0    1    0    4    0    3    0    2    5    0    0    0    0    0  
   3    0    2    0    0    0    0    0    0    0    1    0    0    4    5  
   0    1    0    0    0    0    0    0    0    4    0    2    0    3    5  
   0    0    0    2    0    0    0    0    0    4    3    1    0    5    0  
   0    0    0    2    0    3    5    0    0    0    4    0    1    0    0  
   2    0    1    3    0    0    0    0    0    0    0    0    4    0    5  
   3    0    0    4    0    0    0    0    0    2    1    0    0    5    0  
   0    2    1    0    3    0    0    0    5    0    0    4    0    0    0  
   0    4    0    3    0    0    0    0    2    0    0    0    1    0    5  
   0    0    0    2    0    1    0    4    3    0    5    0    0    0    0  
   0    4    0    1    2    0    0    0    0    0    0    0    3    0    5  
   0    0    4    0    1    0    0    5    0    0    0    3    2    0    0  
   0    0    0    2    1    0    0    0    0    0    0    0    5    3    4  
   0    2    3    0    0    0    5    1    4    0    0    0    0    0    0  
   3    1    0    0    0    0    0    0    5    2    0    0    0    4    0  
   5    0    0    0    0    0    1    0    4    3    0    0    0    2    0  
   1    0    0    2    0    0    0    0    0    0    4    3    0    0    5  
   1    4    3    5    0    0    0    0    0    0    2    0    0    0    0  
   4    0    2    0    0    0    5    3    0    0    0    0    1    0    0  
   0    0    0    1    5    2    0    0    4    0    0    3    0    0    0  
   0    0    0    0    0    0    0    4    5    0    3    0    1    2    0  
   0    0    0    2    3    0    4    0    0    5    0    0    0    1    0  
   4    0    5    0    0    0    0    1    3    0    0    0    0    0    2  
   5    0    0    3    2    0    0    0    0    1    4    0    0    0    0  
   0    0    0    5    0    0    0    3    0    2    0    0    1    4    0  
   0    5    0    0    0    1    0    0    0    4    3    0    0    0    2  
   0    0    0    0    0    0    2    4    0    0    0    3    0    5    1  
   5    4    0    0    1    0    0    0    3    0    0    0    0    0    2  
   3    0    0    0    1    4    0    0    0    2    0    5    0    0    0  
   0    0    5    0    0    0    0    0    4    0    1    3    0    0    2  
   0    2    0    0    0    0    5    4    0    0    3    1    0    0    0  
   0    0    0    0    0    0    5    4    0    3    2    0    0    1    0  
   0    0    0    1    4    0    0    0    0    5    0    0    0    3    2  
   3    0    2    1    0    0    0    5    0    0    4    0    0    0    0  
   0    0    2    0    0    4    0    0    5    0    0    1    0    0    3  
   0    0    0    0    1    4    0    2    0    3    0    0    5    0    0  
   0    0    0    0    2    4    0    0    1    0    0    0    5    3    0  
   0    1    2    0    0    0    0    3    0    0    5    0    4    0    0  
   5    0    0    0    0    0    0    2    4    3    0    0    0    0    1  
   5    0    0    0    0    0    2    0    0    3    0    0    1    4    0  
   2    4    0    0    0    0    5    0    1    3    0    0    0    0    0  
   0    2    3    0    0    0    0    5    0    4    0    1    0    0    0  
   4    3    0    0    0    0    0    0    0    0    5    0    2    0    1  
   0    0    3    1    0    2    5    0    0    0    0    4    0    0    0  
   4    0    0    0    3    0    0    0    1    0    0    0    0    2    5  
   3    0    2    5    4    0    0    0    0    1    0    0    0    0    0  
   0    0    2    4    0    0    0    0    0    5    1    0    0    3    0  
   0    1    0    2    0    0    3    0    0    0    0    5    0    4    0  
   0    0    0    0    0    0    4    0    0    1    3    5    2    0    0  
   0    3    0    0    0    0    2    0    4    1    0    0    5    0    0  
   0    2    4    0    0    0    5    0    3    0    1    0    0    0    0  
   0    0    0    0    5    0    0    0    4    2    3    0    1    0    0  
   0    0    0    0    0    5    0    0    0    2    0    0    3    4    1  ] 
RESERVATION PRICES : [    8    0    0    9    0    0    0    0   10    0    8    0    9    0    0  
   0    0    0   11    0    0   13    0    0    0   12    0   10   13    0  
  16   15    0    0   18    0    0   17   14    0    0    0    0    0    0  
   0    0    0    0   17    0   16   16   16    0    0   19    0    0    0  
   0    0    0    0   25    0    0   26    0   26    0    0   27   27    0  
   0   24    0   26   27   22    0   22    0    0    0    0    0    0    0  
   0    0    0   30   30    0    0    0    0    0   29    0   25   33    0  
   0   31   29    0   31    0    0    0    0    0    0    0   29    0   31  
   0    0    0    0    0    0   32    0   36    0   35    0    0   33   37  
   0    0    0    0    0    0    0   33   42    0   31    0    0   41   31  
  35    0    0    0   46   38    0   41    0    0    0    0   39    0    0  
   0    0   48   44   45   41    0    0    0    0    0    0    0   39    0  
  50    0    0   53    0   49    0   39    0    0   44    0    0    0    0  
   0   52    0   45    0    0   55    0    0    0   57    0   49    0    0  
  55   51    0   51    0    0    0   53    0    0    0    0   64    0    0  
   0    0   51    0   51    0    0    0    0   60    0   55   60    0    0  
   0    0    0    0    0    0   62   58   65   62    0    0    0    0   51  
  50   57    0    0   49   49    0    0    0    0    0    0   51    0    0  
  72    0    0    0    0    0   57   71   57    0    0    0    0    0   59  
   0    0    0   66    0    0   61    0    0    0   65    0   72    0   57  
   0   74    0    0    0    0   82    0    0    0   66    0   64    0   80  
  68    0   79    0    0    0    0    0   79    0    0   67    0    0   64  
   0    0   77    0   76    0   74    0   86   77    0    0    0    0    0  
  85    0   77    0    0    0    0    0    0    0   72    0    0   85   82  
   0   93    0    0    0    0    0    0    0   83    0   74    0   80   76  
   0    0    0   87    0    0    0    0    0   81   98   94    0   78    0  
   0    0    0   78    0   88  102    0    0    0   83    0   96    0    0  
 107    0   97   84    0    0    0    0    0    0    0    0   86    0   85  
 100    0    0   97    0    0    0    0    0   95  106    0    0   93    0  
   0   99   99    0  108    0    0    0   94    0    0  113    0    0    0  
   0  109    0   95    0    0    0    0   95    0    0    0   87    0   85  
   0    0    0   90    0  121    0   98  105    0  106    0    0    0    0  
   0  119    0   97  104    0    0    0    0    0    0    0   99    0  101  
   0    0  117    0  109    0    0  128    0    0    0   99  133    0    0  
   0    0    0  106  135    0    0    0    0    0    0    0  104  116  107  
   0  127  102    0    0    0  120  133  126    0    0    0    0    0    0  
 148  120    0    0    0    0    0    0  122  139    0    0    0  127    0  
 112    0    0    0    0    0  117    0  135  116    0    0    0  110    0  
 125    0    0  130    0    0    0    0    0    0  136  138    0    0  132  
 158  159  142  132    0    0    0    0    0    0  144    0    0    0    0  
 161    0  149    0    0    0  145  151    0    0    0    0  124    0    0  
   0    0    0  140  124  134    0    0  136    0    0  162    0    0    0  
   0    0    0    0    0    0    0  148  129    0  136    0  148  148    0  
   0    0    0  130  169    0  138    0    0  131    0    0    0  165    0  
 146    0  137    0    0    0    0  139  168    0    0    0    0    0  136  
 180    0    0  161  180    0    0    0    0  148  179    0    0    0    0  
   0    0    0  130    0    0    0  171    0  132    0    0  171  172    0  
   0  141    0    0    0  170    0    0    0  141  152    0    0    0  159  
   0    0    0    0    0    0  141  141    0    0    0  140    0  174  135  
 181  146    0    0  181    0    0    0  170    0    0    0    0    0  157  
 182    0    0    0  181  178    0    0    0  155    0  188    0    0    0  
   0    0  175    0    0    0    0    0  174    0  158  180    0    0  167  
   0  160    0    0    0    0  149  159    0    0  186  194    0    0    0  
   0    0    0    0    0    0  183  192    0  183  170    0    0  164    0  
   0    0    0  176  173    0    0    0    0  148    0    0    0  177  158  
 190    0  202  194    0    0    0  152    0    0  206    0    0    0    0  
   0    0  203    0    0  198    0    0  161    0    0  171    0    0  206  
   0    0    0    0  188  207    0  183    0  192    0    0  178    0    0  
   0    0    0    0  176  192    0    0  200    0    0    0  187  198    0  
   0  217  198    0    0    0    0  189    0    0  164    0  213    0    0  
 211    0    0    0    0    0    0  177  181  185    0    0    0    0  163  
 193    0    0    0    0    0  172    0    0  196    0    0  211  188    0  
 229  205    0    0    0    0  205    0  165  196    0    0    0    0    0  
   0  192  173    0    0    0    0  189    0  194    0  236    0    0    0  
 182  209    0    0    0    0    0    0    0    0  225    0  236    0  234  
   0    0  182  188    0  194  191    0    0    0    0  246    0    0    0  
 193    0    0    0  198    0    0    0  199    0    0    0    0  221  203  
 238    0  244  228  238    0    0    0    0  233    0    0    0    0    0  
   0    0  212  259    0    0    0    0    0  187  246    0    0  210    0  
   0  212    0  231    0    0  255    0    0    0    0  202    0  194    0  
   0    0    0    0    0    0  236    0    0  195  213  263  196    0    0  
   0  246    0    0    0    0  253    0  224  260    0    0  212    0    0  
   0  270  217    0    0    0  212    0  210    0  268    0    0    0    0  
   0    0    0    0  224    0    0    0  255  201  241    0  251    0    0  
   0    0    0    0    0  212    0    0    0  282    0    0  242  256  213  ] 
 ] 
