K : 100
I : 15
C : 20
INSTANCE : 3
PREFERENCES : [    5    1    0    4    0    0    0    0    0    0    3    2    0    0    0  
   0    1    0    0    5    0    4    0    2    0    0    3    0    0    0  
   2    5    3    0    0    0    0    0    4    1    0    0    0    0    0  
   5    0    2    0    0    0    0    0    1    0    0    4    0    3    0  
   0    5    0    0    1    2    0    0    0    0    4    0    0    0    3  
   0    0    0    3    0    0    5    0    2    1    4    0    0    0    0  
   0    0    0    5    0    0    2    0    4    3    0    0    0    0    1  
   3    0    4    2    1    0    0    0    0    0    0    0    0    5    0  
   0    3    0    0    0    0    0    0    5    0    4    0    0    2    1  
   0    2    1    0    0    4    0    0    0    3    0    0    5    0    0  
   5    3    4    0    0    0    0    0    1    0    0    0    2    0    0  
   3    0    0    1    0    0    2    0    4    0    0    0    0    5    0  
   0    0    0    1    0    0    2    3    0    0    0    0    5    0    4  
   1    4    5    0    0    3    0    0    0    0    0    2    0    0    0  
   0    0    4    0    0    0    0    5    3    0    1    2    0    0    0  
   1    3    0    4    0    0    0    0    0    2    0    0    0    0    5  
   0    1    0    4    0    0    0    2    0    5    3    0    0    0    0  
   2    0    1    0    0    0    0    0    0    5    0    3    0    4    0  
   0    0    0    2    0    0    0    0    1    3    5    4    0    0    0  
   5    0    0    1    0    0    0    3    0    0    0    0    2    4    0  
   0    2    0    4    0    0    0    0    0    0    1    0    0    5    3  
   0    0    0    2    0    0    4    0    5    0    0    1    0    0    3  
   0    1    2    0    4    0    0    0    0    0    0    5    0    3    0  
   0    0    0    0    3    0    2    0    1    5    0    0    0    4    0  
   0    3    4    1    0    0    0    5    0    0    0    2    0    0    0  
   0    0    0    4    3    0    0    0    1    0    0    0    2    0    5  
   2    4    5    0    0    0    0    1    0    3    0    0    0    0    0  
   1    3    0    0    0    0    0    0    0    0    5    0    4    2    0  
   0    0    3    0    0    0    4    0    0    5    1    0    0    0    2  
   0    2    3    0    0    0    1    0    0    5    4    0    0    0    0  
   0    1    3    0    0    0    2    0    4    0    0    0    0    0    5  
   0    0    0    2    0    1    0    0    4    0    0    5    3    0    0  
   0    0    0    0    0    1    0    5    3    2    0    4    0    0    0  
   0    0    3    2    0    0    0    5    0    0    0    4    1    0    0  
   4    0    3    0    0    0    5    0    0    0    1    0    0    2    0  
   3    5    1    0    0    0    2    0    0    0    4    0    0    0    0  
   1    0    0    5    0    0    0    0    4    2    0    3    0    0    0  
   0    0    0    0    0    0    0    0    3    0    5    4    1    0    2  
   0    3    1    0    2    4    5    0    0    0    0    0    0    0    0  
   3    1    2    0    0    0    0    5    0    0    0    0    0    4    0  
   0    0    0    0    2    3    1    0    0    0    0    0    5    0    4  
   0    0    5    2    0    4    0    0    0    0    0    3    0    0    1  
   0    0    4    0    0    2    1    0    0    3    0    5    0    0    0  
   4    0    0    0    0    0    0    5    0    3    0    1    0    2    0  
   0    0    5    0    3    0    0    2    1    0    0    0    4    0    0  
   0    1    2    0    0    0    0    0    0    0    0    5    0    4    3  
   0    0    4    0    3    0    0    0    0    0    5    0    1    0    2  
   0    0    3    0    0    0    0    5    2    1    0    0    0    0    4  
   2    0    0    0    0    1    4    0    3    5    0    0    0    0    0  
   2    0    0    0    0    3    5    0    4    0    0    0    0    0    1  
   0    0    0    3    0    1    0    5    0    2    4    0    0    0    0  
   0    0    1    2    0    0    0    0    0    5    3    4    0    0    0  
   3    0    2    0    5    0    4    0    0    0    0    0    1    0    0  
   0    1    0    0    0    4    0    0    0    0    0    5    2    3    0  
   0    1    0    0    3    0    2    0    0    5    0    0    0    0    4  
   0    4    0    5    0    0    0    0    0    0    1    3    0    2    0  
   0    0    0    0    4    0    0    5    0    0    3    0    1    0    2  
   0    0    0    3    0    5    0    0    4    0    0    1    2    0    0  
   0    1    0    0    4    0    0    2    0    3    0    0    0    5    0  
   0    0    0    0    3    5    0    1    0    0    4    0    2    0    0  
   0    4    0    0    0    0    5    0    3    0    0    2    0    0    1  
   3    4    0    5    0    0    0    0    0    0    1    0    0    2    0  
   0    4    0    1    0    0    0    2    0    5    3    0    0    0    0  
   0    0    0    5    0    0    3    2    4    0    0    0    0    0    1  
   0    0    0    4    0    3    0    0    0    5    0    1    2    0    0  
   0    4    0    5    2    0    0    1    3    0    0    0    0    0    0  
   0    0    0    0    0    0    4    0    1    2    5    0    3    0    0  
   2    0    0    0    0    4    0    0    0    1    0    0    5    0    3  
   0    0    0    0    2    0    3    0    4    0    0    1    5    0    0  
   0    0    2    0    5    0    0    0    0    0    1    4    0    3    0  
   2    0    0    4    0    0    0    1    3    0    0    0    5    0    0  
   0    2    0    1    0    0    0    0    3    0    5    0    4    0    0  
   0    1    0    5    0    0    3    0    4    0    0    0    2    0    0  
   0    0    0    2    4    0    5    3    0    0    0    0    1    0    0  
   0    3    0    0    0    0    5    0    2    0    0    0    1    0    4  
   5    0    0    3    4    0    0    2    0    1    0    0    0    0    0  
   0    4    0    0    1    0    0    0    3    0    0    0    2    5    0  
   0    0    0    3    1    0    0    4    0    5    0    2    0    0    0  
   0    1    0    0    0    0    0    3    5    0    0    0    4    2    0  
   0    0    0    0    2    5    0    0    0    0    4    0    0    3    1  
   4    0    0    5    0    0    1    3    0    0    0    0    0    0    2  
   0    0    0    1    0    3    0    0    0    2    4    0    0    5    0  
   3    0    0    0    2    0    0    5    4    0    0    0    1    0    0  
   5    0    3    4    0    0    0    0    0    0    0    0    1    2    0  
   5    0    0    0    2    0    0    4    3    0    0    1    0    0    0  
   0    0    0    5    0    0    0    0    0    0    1    4    2    3    0  
   0    0    0    0    0    5    1    3    2    0    0    4    0    0    0  
   3    0    4    0    0    0    0    0    1    0    5    0    0    0    2  
   3    0    0    4    0    0    0    1    5    2    0    0    0    0    0  
   0    2    0    5    0    0    0    4    1    0    0    0    3    0    0  
   5    1    3    0    0    0    2    4    0    0    0    0    0    0    0  
   0    3    1    0    4    0    0    0    0    0    0    5    0    0    2  
   1    0    0    0    0    5    0    2    0    0    0    3    0    4    0  
   0    0    0    5    0    0    0    1    0    4    3    0    2    0    0  
   0    0    1    4    0    0    3    5    0    0    0    0    0    2    0  
   0    2    0    0    0    5    0    0    0    1    0    0    3    0    4  
   0    5    1    0    0    0    0    3    4    0    0    0    0    2    0  
   0    0    0    0    0    1    3    4    0    2    5    0    0    0    0  
   4    0    0    0    0    0    5    0    0    0    2    0    1    3    0  
   4    0    3    0    1    0    0    0    0    5    2    0    0    0    0  ] 
RESERVATION PRICES : [   10   10    0    8    0    0    0    0    0    0    9    8    0    0    0  
   0   10    0    0   12    0   10    0   10    0    0   11    0    0    0  
  15   14   17    0    0    0    0    0   16   14    0    0    0    0    0  
  20    0   18    0    0    0    0    0   19    0    0   19    0   20    0  
   0   21    0    0   28   22    0    0    0    0   22    0    0    0   26  
   0    0    0   30    0    0   25    0   27   25   25    0    0    0    0  
   0    0    0   30    0    0   38    0   37   33    0    0    0    0   35  
  32    0   41   39   40    0    0    0    0    0    0    0    0   32    0  
   0   40    0    0    0    0    0    0   38    0   32    0    0   37   31  
   0   47   37    0    0   37    0    0    0   38    0    0   46    0    0  
  39   39   47    0    0    0    0    0   48    0    0    0   41    0    0  
  52    0    0   53    0    0   51    0   41    0    0    0    0   49    0  
   0    0    0   47    0    0   55   59    0    0    0    0   59    0   54  
  57   56   46    0    0   46    0    0    0    0    0   60    0    0    0  
   0    0   68    0    0    0    0   52   50    0   58   50    0    0    0  
  55   64    0   56    0    0    0    0    0   73    0    0    0    0   61  
   0   64    0   65    0    0    0   63    0   59   69    0    0    0    0  
  75    0   57    0    0    0    0    0    0   70    0   60    0   76    0  
   0    0    0   79    0    0    0    0   71   82   74   79    0    0    0  
  80    0    0   65    0    0    0   86    0    0    0    0   80   72    0  
   0   81    0   78    0    0    0    0    0    0   75    0    0   79   89  
   0    0    0   75    0    0   69    0   71    0    0   68    0    0   89  
   0   73   88    0   80    0    0    0    0    0    0   90    0   80    0  
   0    0    0    0   86    0   80    0   98   92    0    0    0   71    0  
   0   75   80   76    0    0    0   91    0    0    0   90    0    0    0  
   0    0    0   94   85    0    0    0   95    0    0    0  100    0   76  
  89   91   82    0    0    0    0   87    0   82    0    0    0    0    0  
 103  105    0    0    0    0    0    0    0    0  100    0   93  110    0  
   0    0  109    0    0    0   97    0    0   95  103    0    0    0  107  
   0  102  105    0    0    0   87    0    0  102  114    0    0    0    0  
   0  109   92    0    0    0   96    0  113    0    0    0    0    0  110  
   0    0    0   94    0   93    0    0   83    0    0   90   98    0    0  
   0    0    0    0    0   91    0   90   92  107    0  117    0    0    0  
   0    0  104  110    0    0    0   99    0    0    0  117  105    0    0  
  95    0  120    0    0    0  102    0    0    0  102    0    0   94    0  
 105  122  121    0    0    0  111    0    0    0  115    0    0    0    0  
  93    0    0  126    0    0    0    0  100  100    0  120    0    0    0  
   0    0    0    0    0    0    0    0  103    0  114  126  124    0  100  
   0  123  106    0  102  104  132    0    0    0    0    0    0    0    0  
 127  106  131    0    0    0    0  120    0    0    0    0    0  118    0  
   0    0    0    0  104  137  138    0    0    0    0    0  142    0  121  
   0    0  118  106    0  133    0    0    0    0    0  128    0    0  123  
   0    0  118    0    0  129  110    0    0  144    0  135    0    0    0  
 151    0    0    0    0    0    0  147    0  136    0  143    0  139    0  
   0    0  146    0  119    0    0  146  114    0    0    0  134    0    0  
   0  138  127    0    0    0    0    0    0    0    0  132    0  122  128  
   0    0  122    0  147    0    0    0    0    0  161    0  127    0  118  
   0    0  162    0    0    0    0  125  146  150    0    0    0    0  158  
 140    0    0    0    0  144  158    0  131  144    0    0    0    0    0  
 166    0    0    0    0  167  168    0  138    0    0    0    0    0  140  
   0    0    0  134    0  175    0  171    0  165  169    0    0    0    0  
   0    0  140  161    0    0    0    0    0  166  163  163    0    0    0  
 183    0  165    0  162    0  153    0    0    0    0    0  178    0    0  
   0  139    0    0    0  157    0    0    0    0    0  166  185  154    0  
   0  170    0    0  192    0  159    0    0  186    0    0    0    0  169  
   0  180    0  179    0    0    0    0    0    0  149  168    0  192    0  
   0    0    0    0  151    0    0  179    0    0  189    0  153    0  155  
   0    0    0  151    0  164    0    0  177    0    0  160  199    0    0  
   0  205    0    0  163    0    0  202    0  198    0    0    0  159    0  
   0    0    0    0  178  208    0  181    0    0  212    0  197    0    0  
   0  162    0    0    0    0  169    0  163    0    0  174    0    0  208  
 221  183    0  202    0    0    0    0    0    0  191    0    0  183    0  
   0  207    0  218    0    0    0  174    0  204  198    0    0    0    0  
   0    0    0  227    0    0  185  177  225    0    0    0    0    0  184  
   0    0    0  187    0  232    0    0    0  200    0  200  169    0    0  
   0  229    0  230  223    0    0  209  227    0    0    0    0    0    0  
   0    0    0    0    0    0  215    0  226  233  216    0  184    0    0  
 241    0    0    0    0  220    0    0    0  192    0    0  243    0  198  
   0    0    0    0  254    0  220    0  189    0    0  204  199    0    0  
   0    0  196    0  247    0    0    0    0    0  244  238    0  193    0  
 258    0    0  252    0    0    0  204  263    0    0    0  222    0    0  
   0  247    0  244    0    0    0    0  251    0  228    0  246    0    0  
   0  235    0  198    0    0  228    0  275    0    0    0  264    0    0  
   0    0    0  238  197    0  263  230    0    0    0    0  238    0    0  
   0  206    0    0    0    0  203    0  231    0    0    0  231    0  255  
 201    0    0  228  232    0    0  258    0  262    0    0    0    0    0  
   0  228    0    0  236    0    0    0  278    0    0    0  216  244    0  
   0    0    0  239  263    0    0  252    0  252    0  231    0    0    0  
   0  241    0    0    0    0    0  273  275    0    0    0  257  280    0  
   0    0    0    0  290  272    0    0    0    0  231    0    0  253  279  
 281    0    0  229    0    0  236  259    0    0    0    0    0    0  257  
   0    0    0  263    0  300    0    0    0  294  267    0    0  289    0  
 242    0    0    0  307    0    0  289  303    0    0    0  244    0    0  
 306    0  274  309    0    0    0    0    0    0    0    0  304  291    0  
 272    0    0    0  250    0    0  269  248    0    0  285    0    0    0  
   0    0    0  273    0    0    0    0    0    0  245  243  240  313    0  
   0    0    0    0    0  278  285  303  309    0    0  301    0    0    0  
 266    0  268    0    0    0    0    0  311    0  313    0    0    0  318  
 238    0    0  311    0    0    0  275  288  272    0    0    0    0    0  
   0  258    0  321    0    0    0  285  316    0    0    0  286    0    0  
 272  281  277    0    0    0  267  325    0    0    0    0    0    0    0  
   0  336  344    0  279    0    0    0    0    0    0  264    0    0  286  
 333    0    0    0    0  280    0  328    0    0    0  278    0  250    0  
   0    0    0  286    0    0    0  330    0  293  281    0  347    0    0  
   0    0  310  289    0    0  344  304    0    0    0    0    0  294    0  
   0  359    0    0    0  302    0    0    0  269    0    0  303    0  315  
   0  341  341    0    0    0    0  363  346    0    0    0    0  355    0  
   0    0    0    0    0  359  325  284    0  281  292    0    0    0    0  
 335    0    0    0    0    0  348    0    0    0  330    0  360  280    0  
 283    0  309    0  304    0    0    0    0  273  374    0    0    0    0  ] 
 ] 
