K : 100
I : 10
C : 20
INSTANCE : 2
PREFERENCES : [    1    2    3    0    0    4    0    0    5    0  
   0    5    4    0    0    3    1    0    2    0  
   0    2    1    0    0    0    5    0    3    4  
   4    2    0    0    5    0    0    3    1    0  
   3    0    0    1    0    0    5    0    2    4  
   0    0    3    4    5    1    0    2    0    0  
   0    0    3    1    0    0    2    5    0    4  
   0    0    5    0    4    2    1    0    0    3  
   1    4    3    5    0    2    0    0    0    0  
   4    0    1    0    5    0    0    2    0    3  
   3    2    0    4    0    0    0    1    5    0  
   1    5    0    0    0    3    2    4    0    0  
   3    2    4    0    0    0    0    1    5    0  
   0    1    0    0    5    0    4    3    2    0  
   0    3    0    5    1    2    0    0    0    4  
   1    0    0    2    5    4    3    0    0    0  
   0    0    1    0    5    2    4    0    3    0  
   1    0    0    3    0    5    4    0    0    2  
   1    0    0    3    5    0    4    2    0    0  
   0    0    3    0    4    0    5    0    1    2  
   0    0    3    0    0    5    0    2    4    1  
   2    0    1    3    5    0    0    4    0    0  
   0    3    0    0    1    0    4    0    2    5  
   0    0    1    4    0    2    0    5    0    3  
   1    0    0    5    4    0    0    0    2    3  
   4    0    0    0    2    0    3    0    1    5  
   0    5    2    1    4    0    3    0    0    0  
   2    0    4    0    0    1    5    3    0    0  
   0    0    5    3    0    1    4    0    0    2  
   4    0    1    5    0    2    0    0    3    0  
   2    0    0    5    0    1    3    4    0    0  
   0    0    0    5    1    0    3    2    0    4  
   0    2    0    0    1    0    5    4    3    0  
   1    0    0    0    5    0    0    2    3    4  
   0    2    5    0    3    0    4    0    0    1  
   0    0    4    2    0    5    1    0    3    0  
   3    2    0    0    4    0    0    5    0    1  
   5    4    0    0    0    2    3    0    0    1  
   0    0    0    1    5    2    3    0    0    4  
   2    0    0    0    1    5    4    0    3    0  
   5    2    0    3    4    0    0    0    0    1  
   0    3    0    0    2    0    0    4    5    1  
   0    4    0    0    0    3    5    1    2    0  
   0    3    0    1    0    5    4    0    2    0  
   0    0    4    0    0    2    0    5    1    3  
   0    0    1    0    4    0    0    5    2    3  
   3    4    2    0    0    0    0    0    5    1  
   5    4    0    0    0    1    0    3    0    2  
   2    0    3    0    1    0    0    0    4    5  
   4    3    0    0    0    5    1    2    0    0  
   3    0    0    0    5    4    2    0    0    1  
   4    0    3    0    1    5    0    2    0    0  
   0    3    0    5    1    4    0    0    2    0  
   0    1    5    3    0    2    0    4    0    0  
   0    0    0    0    1    5    0    2    3    4  
   0    0    2    0    4    5    1    3    0    0  
   0    0    3    4    0    2    0    5    1    0  
   5    3    4    1    0    0    0    0    0    2  
   0    0    0    2    0    5    0    3    1    4  
   0    0    0    3    5    1    0    4    0    2  
   0    0    0    5    3    1    4    0    0    2  
   0    0    1    0    3    4    5    0    2    0  
   5    0    4    2    0    0    0    0    3    1  
   0    4    1    0    5    0    0    2    3    0  
   4    3    0    2    0    0    0    1    5    0  
   4    0    1    5    0    0    2    0    3    0  
   5    2    3    0    0    1    0    0    4    0  
   0    1    0    3    2    4    0    0    0    5  
   5    0    1    4    0    0    0    2    3    0  
   0    0    0    1    0    3    4    5    2    0  
   0    0    2    5    3    0    1    0    4    0  
   5    0    0    0    3    4    0    2    1    0  
   1    5    0    0    0    3    4    0    0    2  
   3    0    0    2    5    4    1    0    0    0  
   4    2    0    0    0    0    1    0    3    5  
   0    0    3    2    0    4    0    0    5    1  
   5    0    3    2    1    0    0    4    0    0  
   4    5    0    1    0    2    3    0    0    0  
   2    0    0    0    5    4    0    1    0    3  
   5    3    1    4    0    0    0    2    0    0  
   0    1    0    4    0    2    0    5    3    0  
   0    0    2    5    4    0    0    0    3    1  
   0    0    5    4    0    2    3    1    0    0  
   0    0    0    2    5    4    0    0    3    1  
   1    0    2    0    5    0    0    0    4    3  
   0    0    5    0    3    2    0    4    1    0  
   0    2    1    0    4    5    0    0    3    0  
   5    0    1    0    0    0    3    0    4    2  
   0    0    2    0    0    3    0    4    5    1  
   0    0    1    0    0    0    4    3    5    2  
   0    0    4    5    2    1    0    3    0    0  
   3    0    2    0    4    0    0    0    1    5  
   4    3    1    0    2    0    0    0    0    5  
   0    1    0    2    5    0    4    0    3    0  
   0    0    2    0    0    3    4    1    0    5  
   5    0    2    3    4    0    0    1    0    0  
   3    2    5    0    0    0    1    0    0    4  
   0    0    4    2    0    5    0    1    3    0  
   0    4    2    0    5    3    0    0    0    1  
   0    0    0    4    5    2    1    0    3    0  ] 
RESERVATION PRICES : [    7    7    7    0    0    7    0    0    6    0  
   0    6    6    0    0    7    7    0    6    0  
   0   10    9    0    0    0   11    0    9   10  
  17   15    0    0   16    0    0   14   13    0  
  17    0    0   21    0    0   22    0   20   20  
   0    0   23   21   20   23    0   26    0    0  
   0    0   30   28    0    0   24   29    0   31  
   0    0   24    0   30   28   31    0    0   24  
  27   31   35   26    0   30    0    0    0    0  
  34    0   32    0   27    0    0   26    0   30  
  30   34    0   32    0    0    0   38   31    0  
  43   41    0    0    0   33   39   35    0    0  
  41   38   36    0    0    0    0   45   47    0  
   0   49    0    0   50    0   51   43   39    0  
   0   45    0   53   52   49    0    0    0   42  
  47    0    0   52   54   53   55    0    0    0  
   0    0   59    0   61   53   49    0   52    0  
  51    0    0   58    0   51   63    0    0   55  
  64    0    0   51   62    0   62   52    0    0  
   0    0   61    0   69    0   63    0   62   72  
   0    0   71    0    0   63    0   69   64   64  
  68    0   75   70   79    0    0   64    0    0  
   0   59    0    0   62    0   63    0   66   76  
   0    0   63   65    0   70    0   77    0   67  
  77    0    0   87   80    0    0    0   84   92  
  84    0    0    0   74    0   96    0   94   85  
   0   93   86   75   93    0   80    0    0    0  
  78    0   83    0    0  104   97   84    0    0  
   0    0  105   89    0  104   93    0    0  108  
  93    0  111   98    0  104    0    0   93    0  
  92    0    0  109    0  114   86  103    0    0  
   0    0    0  120  125    0  101  115    0  126  
   0  103    0    0   93    0  100  115  121    0  
 114    0    0    0  103    0    0  120  125  119  
   0  131  114    0  106    0  115    0    0  133  
   0    0  112  109    0  108  114    0  136    0  
 133  111    0    0  137    0    0  104    0  112  
 106  113    0    0    0  141  141    0    0  128  
   0    0    0  117  117  112  148    0    0  119  
 151    0    0    0  141  140  136    0  116    0  
 150  141    0  139  146    0    0    0    0  118  
   0  160    0    0  143    0    0  127  155  134  
   0  141    0    0    0  164  143  145  138    0  
   0  159    0  127    0  131  133    0  135    0  
   0    0  152    0    0  145    0  170  168  161  
   0    0  145    0  140    0    0  149  169  156  
 181  134  159    0    0    0    0    0  176  176  
 158  168    0    0    0  146    0  177    0  135  
 149    0  162    0  172    0    0    0  158  161  
 139  139    0    0    0  149  158  186    0    0  
 148    0    0    0  185  134  152    0    0  178  
 139    0  184    0  163  146    0  188    0    0  
   0  175    0  182  169  179    0    0  155    0  
   0  166  158  141    0  160    0  179    0    0  
   0    0    0    0  185  163    0  180  164  156  
   0    0  171    0  182  197  202  180    0    0  
   0    0  192  163    0  205    0  179  194    0  
 163  167  155  203    0    0    0    0    0  174  
   0    0    0  184    0  191    0  157  166  181  
   0    0    0  198  160  213    0  196    0  200  
   0    0    0  202  182  167  190    0    0  178  
   0    0  198    0  222  224  216    0  176    0  
 187    0  202  221    0    0    0    0  189  200  
   0  203  207    0  193    0    0  208  215    0  
 232  195    0  227    0    0    0  235  226    0  
 217    0  238  222    0    0  240    0  182    0  
 232  248  185    0    0  206    0    0  242    0  
   0  237    0  238  248  235    0    0    0  224  
 199    0  185  232    0    0    0  225  248    0  
   0    0    0  202    0  192  252  191  215    0  
   0    0  245  196  225    0  202    0  205    0  
 206    0    0    0  250  224    0  269  207    0  
 229  205    0    0    0  256  220    0    0  265  
 268    0    0  275  272  229  211    0    0    0  
 239  264    0    0    0    0  261    0  257  212  
   0    0  237  252    0  208    0    0  256  236  
 285    0  216  223  256    0    0  266    0    0  
 223  225    0  293    0  272  216    0    0    0  
 235    0    0    0  253  227    0  216    0  257  
 225  262  259  241    0    0    0  302    0    0  
   0  226    0  306    0  254    0  258  282    0  
   0    0  300  232  270    0    0    0  302  290  
   0    0  307  303    0  233  283  234    0    0  
   0    0    0  225  305  233    0    0  249  258  
 246    0  279    0  317    0    0    0  234  268  
   0    0  297    0  269  246    0  249  239    0  
   0  236  321    0  240  290    0    0  259    0  
 297    0  244    0    0    0  246    0  259  311  
   0    0  300    0    0  253    0  285  248  312  
   0    0  255    0    0    0  323  321  279  270  
   0    0  276  300  289  270    0  306    0    0  
 330    0  315    0  293    0    0    0  295  324  
 258  301  339    0  334    0    0    0    0  259  
   0  305    0  319  271    0  320    0  261    0  
   0    0  332    0    0  272  269  299    0  346  
 352    0  263  265  296    0    0  301    0    0  
 269  334  342    0    0    0  312    0    0  310  
   0    0  299  287    0  340    0  318  354    0  
   0  318  309    0  369  371    0    0    0  335  
   0    0    0  272  358  358  342    0  285    0  ] 
 ] 
