K : 150
I : 15
C : 6
INSTANCE : 3
PREFERENCES : [    0    4    0    0    0    0    0    5    0    3    1    0    0    0    2  
   2    1    0    0    0    0    0    4    0    3    0    0    0    5    0  
   0    0    0    0    2    4    1    5    3    0    0    0    0    0    0  
   0    0    0    0    0    1    0    0    0    0    2    4    0    3    5  
   0    0    0    0    4    2    0    5    3    0    0    1    0    0    0  
   0    0    0    1    3    0    0    0    0    5    0    0    2    0    4  
   0    0    0    1    5    0    0    0    0    0    2    0    0    3    4  
   0    4    2    0    0    0    1    5    0    3    0    0    0    0    0  
   0    2    0    0    3    4    1    5    0    0    0    0    0    0    0  
   0    3    0    0    0    2    0    0    4    0    0    0    0    1    5  
   3    0    0    0    4    0    1    0    0    0    5    0    0    2    0  
   1    0    0    0    0    3    4    0    5    0    0    2    0    0    0  
   5    4    0    0    1    2    0    0    0    0    0    0    0    0    3  
   2    0    4    0    0    0    1    5    0    0    0    3    0    0    0  
   3    1    0    0    5    0    2    0    0    0    0    4    0    0    0  
   4    2    0    1    0    3    0    0    0    0    0    5    0    0    0  
   0    0    0    0    5    2    1    0    0    0    0    4    3    0    0  
   0    2    0    0    0    0    0    4    0    0    3    5    0    0    1  
   2    0    0    0    0    0    0    0    0    3    5    0    0    1    4  
   0    3    0    0    1    0    0    4    0    5    0    0    0    0    2  
   5    0    0    0    3    0    0    0    0    2    1    4    0    0    0  
   0    1    2    0    0    0    0    3    0    0    0    4    0    5    0  
   5    0    0    0    0    0    1    4    0    3    0    0    0    2    0  
   1    0    2    0    5    3    0    0    0    0    0    4    0    0    0  
   4    0    0    0    0    0    0    0    3    2    5    0    0    0    1  
   0    0    0    0    1    0    0    0    4    0    2    3    0    0    5  
   0    1    0    3    0    0    0    0    2    0    5    0    4    0    0  
   3    0    1    0    0    0    0    5    2    0    0    0    0    0    4  
   0    4    0    0    0    2    0    0    3    5    1    0    0    0    0  
   2    4    0    0    0    5    1    0    0    0    0    0    3    0    0  
   1    0    0    0    0    0    0    0    4    5    0    3    2    0    0  
   0    0    0    5    0    2    1    0    0    4    0    3    0    0    0  
   3    2    0    1    0    0    0    0    0    0    0    0    0    4    5  
   5    0    0    3    0    0    2    1    4    0    0    0    0    0    0  
   0    0    0    0    0    0    1    0    0    0    4    3    2    5    0  
   0    0    2    4    5    0    0    0    3    0    0    1    0    0    0  
   4    0    0    5    0    0    0    1    0    0    2    0    0    0    3  
   0    0    1    4    2    0    0    0    0    0    0    5    3    0    0  
   0    0    2    1    3    0    0    0    0    4    0    5    0    0    0  
   0    1    0    0    0    0    0    0    5    2    0    0    3    0    4  
   0    0    0    0    0    0    0    4    1    0    5    0    0    3    2  
   0    0    0    4    1    3    0    0    0    0    0    5    0    2    0  
   0    3    0    2    0    0    0    0    4    0    5    0    0    0    1  
   0    0    5    1    0    2    0    0    0    0    0    0    0    3    4  
   0    0    0    0    4    0    3    5    0    2    0    0    0    1    0  
   4    0    0    2    5    0    0    0    0    0    0    1    0    0    3  
   3    0    4    0    5    0    0    0    0    0    2    1    0    0    0  
   5    0    0    0    1    0    0    0    4    2    0    0    0    0    3  
   0    0    0    1    0    3    5    2    0    4    0    0    0    0    0  
   1    0    0    4    2    0    0    0    0    0    0    0    0    5    3  
   2    0    1    0    0    5    0    0    0    3    0    0    4    0    0  
   0    0    0    0    3    0    0    0    0    1    2    5    4    0    0  
   4    1    0    0    0    3    0    2    0    0    0    0    5    0    0  
   0    0    0    2    0    0    0    0    0    5    4    0    1    0    3  
   0    5    0    0    0    3    4    0    0    0    0    1    0    0    2  
   0    0    4    0    0    0    0    0    0    3    5    1    0    0    2  
   4    2    0    5    0    0    0    0    1    3    0    0    0    0    0  
   0    3    5    0    0    0    0    2    0    4    0    0    0    1    0  
   4    0    0    0    5    2    0    0    0    0    3    0    0    1    0  
   0    0    0    2    0    0    5    4    1    0    0    0    0    0    3  
   0    2    0    0    0    0    1    0    0    5    0    4    0    0    3  
   0    0    0    0    0    1    0    2    0    4    0    0    3    5    0  
   0    5    0    0    1    0    0    0    0    4    0    2    0    0    3  
   0    0    0    0    5    0    2    3    0    1    0    0    0    4    0  
   0    0    0    0    0    1    0    0    3    4    2    0    0    0    5  
   5    0    3    1    0    4    0    0    0    0    0    2    0    0    0  
   0    0    3    2    5    0    1    4    0    0    0    0    0    0    0  
   0    4    3    0    1    5    0    0    0    0    2    0    0    0    0  
   0    2    0    0    0    4    5    0    0    1    0    3    0    0    0  
   3    4    0    0    0    1    0    0    0    0    5    0    0    0    2  
   3    0    2    0    5    0    0    0    0    0    0    0    1    0    4  
   0    4    5    0    1    0    0    0    0    0    0    0    2    0    3  
   0    0    0    0    3    0    2    0    0    5    4    0    1    0    0  
   1    4    0    0    5    3    0    0    0    0    0    0    0    2    0  
   4    0    0    0    0    2    0    1    0    5    0    0    0    3    0  
   2    5    0    1    0    0    3    0    4    0    0    0    0    0    0  
   0    5    0    0    0    0    0    3    0    1    0    0    2    0    4  
   0    0    3    0    0    0    0    0    0    0    4    5    0    2    1  
   0    0    4    0    1    0    0    5    0    3    2    0    0    0    0  
   0    0    3    0    0    0    2    0    0    0    1    4    0    5    0  
   0    1    2    0    0    0    0    0    0    4    5    0    0    0    3  
   0    0    5    1    0    4    0    0    0    3    2    0    0    0    0  
   1    0    4    0    0    0    3    0    5    0    0    0    0    0    2  
   0    0    0    1    0    0    4    2    0    0    0    0    5    3    0  
   0    0    1    2    0    0    0    0    0    0    4    0    5    0    3  
   0    0    4    0    0    0    3    1    0    0    5    0    0    2    0  
   0    4    1    0    3    0    0    0    2    0    0    0    0    5    0  
   2    4    3    0    1    0    5    0    0    0    0    0    0    0    0  
   3    0    1    0    4    0    5    0    0    0    0    0    2    0    0  
   0    0    2    0    0    0    0    0    3    0    4    0    1    0    5  
   5    0    4    0    0    0    0    0    2    0    0    0    3    0    1  
   0    0    4    0    0    1    5    0    2    0    3    0    0    0    0  
   0    0    0    0    3    5    0    2    0    0    0    0    4    1    0  
   0    0    0    0    0    0    0    0    4    0    3    1    2    5    0  
   0    0    0    3    5    0    0    4    0    0    0    0    1    2    0  
   0    5    0    0    0    3    0    4    2    1    0    0    0    0    0  
   0    4    0    0    0    0    0    1    0    0    0    5    0    2    3  
   0    3    4    0    0    0    0    0    2    0    0    5    0    0    1  
   0    0    0    0    0    2    1    0    0    0    5    4    0    0    3  
   0    0    5    0    2    0    0    1    0    0    3    0    4    0    0  
   0    5    0    4    2    0    0    0    1    0    0    0    3    0    0  
   3    0    5    2    1    0    0    0    4    0    0    0    0    0    0  
   0    0    0    0    0    5    1    0    0    3    0    0    4    0    2  
   2    0    0    0    0    4    0    0    1    0    0    0    3    0    5  
   0    5    0    0    0    0    0    4    1    0    0    0    2    3    0  
   0    3    5    0    0    0    0    1    0    2    0    0    0    4    0  
   0    0    2    5    0    0    0    0    3    1    0    0    4    0    0  
   5    0    0    3    4    0    2    0    0    0    0    1    0    0    0  
   0    0    0    5    0    0    0    0    4    3    2    1    0    0    0  
   5    0    2    0    4    0    0    0    0    0    0    0    0    1    3  
   4    0    0    0    2    0    0    3    0    0    1    0    5    0    0  
   0    0    0    0    4    0    3    1    0    5    0    0    0    0    2  
   0    0    0    0    5    0    0    0    0    2    3    1    4    0    0  
   2    0    0    0    0    0    0    3    1    0    4    0    0    0    5  
   5    0    0    0    3    0    0    4    1    0    0    2    0    0    0  
   0    4    0    0    0    1    2    0    5    0    0    3    0    0    0  
   0    2    0    0    1    0    0    0    4    3    0    0    0    5    0  
   0    0    0    0    0    5    0    0    0    0    0    3    1    2    4  
   0    0    0    0    5    1    0    0    2    3    0    0    0    0    4  
   0    0    0    0    5    0    3    1    0    2    0    0    0    0    4  
   2    0    0    0    0    4    3    0    0    1    0    0    0    5    0  
   2    0    0    4    0    0    0    0    1    5    0    3    0    0    0  
   0    3    0    1    0    0    0    0    4    0    0    2    5    0    0  
   5    0    0    0    0    2    0    4    0    0    0    1    3    0    0  
   0    0    0    4    0    0    0    3    0    1    5    0    0    0    2  
   0    0    1    0    0    0    3    5    0    0    2    4    0    0    0  
   0    1    5    0    0    4    3    0    0    0    0    0    0    0    2  
   0    0    5    1    0    0    2    0    3    0    0    0    0    0    4  
   5    0    0    0    4    3    0    0    2    0    0    0    0    1    0  
   5    4    0    0    0    0    0    0    2    0    1    0    0    0    3  
   5    0    0    1    4    0    0    3    0    0    2    0    0    0    0  
   0    1    0    3    2    4    0    0    0    0    0    0    0    0    5  
   0    3    0    0    0    0    0    0    0    0    5    0    4    2    1  
   0    0    0    3    2    0    0    0    0    0    0    0    5    1    4  
   0    2    0    3    0    4    1    0    0    0    0    0    0    0    5  
   0    0    0    0    0    3    0    0    1    0    2    4    0    5    0  
   2    0    0    0    0    0    0    0    1    0    5    0    0    3    4  
   2    4    1    0    0    0    0    0    5    0    0    3    0    0    0  
   0    0    0    4    5    0    2    0    0    0    1    3    0    0    0  
   0    0    0    5    0    4    1    0    0    3    2    0    0    0    0  
   0    0    0    1    0    0    0    4    2    0    3    5    0    0    0  
   0    3    0    0    0    5    0    0    0    0    2    0    1    0    4  
   0    2    0    0    0    3    5    0    1    0    0    4    0    0    0  
   1    0    4    5    0    0    0    0    2    0    0    0    3    0    0  
   0    0    0    0    3    0    5    0    4    2    0    1    0    0    0  
   0    4    0    2    5    0    3    0    1    0    0    0    0    0    0  
   0    3    0    0    1    0    5    0    0    0    2    0    4    0    0  
   0    0    2    1    0    5    0    0    4    0    0    0    0    0    3  
   2    3    4    0    5    1    0    0    0    0    0    0    0    0    0  
   0    3    0    2    0    1    0    0    5    4    0    0    0    0    0  ] 
RESERVATION PRICES : [    0    8    0    0    0    0    0    7    0    7    7    0    0    0    7  
   9   12    0    0    0    0    0    9    0   10    0    0    0    9    0  
   0    0    0    0   15   15   14   16   17    0    0    0    0    0    0  
   0    0    0    0    0   22    0    0    0    0   23   23    0   21   21  
   0    0    0    0   17   22    0   21   17    0    0   18    0    0    0  
   0    0    0   24   22    0    0    0    0   21    0    0   23    0   19  
   0    0    0   28   28    0    0    0    0    0   30    0    0   27   29  
   0   35   34    0    0    0   36   37    0   33    0    0    0    0    0  
   0   32    0    0   40   40   32   38    0    0    0    0    0    0    0  
   0   36    0    0    0   35    0    0   33    0    0    0    0   38   38  
  42    0    0    0   47    0   47    0    0    0   49    0    0   40    0  
  39    0    0    0    0   51   41    0   43    0    0   41    0    0    0  
  55   61    0    0   48   44    0    0    0    0    0    0    0    0   58  
  65    0   60    0    0    0   60   48    0    0    0   53    0    0    0  
  53   49    0    0   56    0   67    0    0    0    0   49    0    0    0  
  62   61    0   66    0   72    0    0    0    0    0   59    0    0    0  
   0    0    0    0   67   60   72    0    0    0    0   68   73    0    0  
   0   80    0    0    0    0    0   68    0    0   74   75    0    0   65  
  71    0    0    0    0    0    0    0    0   67   84    0    0   65   75  
   0   77    0    0   78    0    0   85    0   73    0    0    0    0   63  
  66    0    0    0   74    0    0    0    0   66   78   78    0    0    0  
   0   70   89    0    0    0    0   73    0    0    0   89    0   88    0  
  94    0    0    0    0    0   72   76    0   82    0    0    0   86    0  
 100    0   91    0   78   83    0    0    0    0    0   85    0    0    0  
  74    0    0    0    0    0    0    0   84   78   73    0    0    0   95  
   0    0    0    0   97    0    0    0   92    0  100   75    0    0   95  
   0  100    0  102    0    0    0    0   90    0   83    0  103    0    0  
  91    0   87    0    0    0    0  104   94    0    0    0    0    0   81  
   0   96    0    0    0   90    0    0   95   97   81    0    0    0    0  
 104   85    0    0    0  109  114    0    0    0    0    0   88    0    0  
  91    0    0    0    0    0    0    0   98  108    0   92   88    0    0  
   0    0    0   94    0   94  114    0    0  111    0  111    0    0    0  
 129  102    0   98    0    0    0    0    0    0    0    0    0  116  108  
  95    0    0  125    0    0  111  109  107    0    0    0    0    0    0  
   0    0    0    0    0    0  113    0    0    0  123  106  111  122    0  
   0    0  116  130  130    0    0    0  122    0    0  129    0    0    0  
 136    0    0  137    0    0    0  103    0    0  139    0    0    0  104  
   0    0  115  137  106    0    0    0    0    0    0  120  137    0    0  
   0    0  108  139  110    0    0    0    0  138    0  108    0    0    0  
   0  116    0    0    0    0    0    0  141  129    0    0  118    0  113  
   0    0    0    0    0    0    0  134  123    0  111    0    0  145  124  
   0    0    0  123  120  117    0    0    0    0    0  118    0  119    0  
   0  150    0  152    0    0    0    0  135    0  118    0    0    0  114  
   0    0  157  155    0  156    0    0    0    0    0    0    0  142  142  
   0    0    0    0  138    0  150  138    0  158    0    0    0  130    0  
 172    0    0  131  142    0    0    0    0    0    0  148    0    0  143  
 150    0  142    0  146    0    0    0    0    0  141  164    0    0    0  
 139    0    0    0  153    0    0    0  139  157    0    0    0    0  169  
   0    0    0  180    0  143  166  134    0  135    0    0    0    0    0  
 162    0    0  177  151    0    0    0    0    0    0    0    0  138  170  
 187    0  193    0    0  159    0    0    0  177    0    0  163    0    0  
   0    0    0    0  192    0    0    0    0  180  184  191  163    0    0  
 196  185    0    0    0  169    0  191    0    0    0    0  176    0    0  
   0    0    0  178    0    0    0    0    0  205  192    0  210    0  183  
   0  203    0    0    0  213  204    0    0    0    0  158    0    0  203  
   0    0  174    0    0    0    0    0    0  218  177  184    0    0  212  
 199  166    0  180    0    0    0    0  163  185    0    0    0    0    0  
   0  163  207    0    0    0    0  209    0  167    0    0    0  210    0  
 197    0    0    0  170  218    0    0    0    0  179    0    0  173    0  
   0    0    0  182    0    0  224  178  232    0    0    0    0    0  233  
   0  231    0    0    0    0  216    0    0  178    0  203    0    0  191  
   0    0    0    0    0  206    0  229    0  175    0    0  220  214    0  
   0  243    0    0  211    0    0    0    0  237    0  181    0    0  208  
   0    0    0    0  203    0  187  223    0  180    0    0    0  216    0  
   0    0    0    0    0  200    0    0  186  237  209    0    0    0  249  
 219    0  252  204    0  239    0    0    0    0    0  251    0    0    0  
   0    0  193  208  245    0  227  228    0    0    0    0    0    0    0  
   0  236  222    0  262  239    0    0    0    0  240    0    0    0    0  
   0  197    0    0    0  261  245    0    0  210    0  209    0    0    0  
 194  221    0    0    0  242    0    0    0    0  229    0    0    0  212  
 229    0  244    0  250    0    0    0    0    0    0    0  218    0  234  
   0  260  207    0  257    0    0    0    0    0    0    0  246    0  270  
   0    0    0    0  239    0  236    0    0  220  252    0  215    0    0  
 264  219    0    0  223  280    0    0    0    0    0    0    0  235    0  
 267    0    0    0    0  247    0  255    0  211    0    0    0  252    0  
 219  225    0  260    0    0  263    0  267    0    0    0    0    0    0  
   0  230    0    0    0    0    0  241    0  215    0    0  276    0  237  
   0    0  271    0    0    0    0    0    0    0  264  265    0  277  250  
   0    0  227    0  293    0    0  285    0  282  288    0    0    0    0  
   0    0  255    0    0    0  238    0    0    0  253  237    0  277    0  
   0  305  262    0    0    0    0    0    0  256  268    0    0    0  226  
   0    0  300  281    0  298    0    0    0  227  266    0    0    0    0  
 243    0  276    0    0    0  261    0  258    0    0    0    0    0  230  
   0    0    0  238    0    0  271  248    0    0    0    0  279  278    0  
   0    0  273  306    0    0    0    0    0    0  286    0  242    0  293  
   0    0  239    0    0    0  309  310    0    0  300    0    0  319    0  
   0  287  325    0  261    0    0    0  258    0    0    0    0  285    0  
 322  301  258    0  302    0  313    0    0    0    0    0    0    0    0  
 308    0  331    0  246    0  324    0    0    0    0    0  339    0    0  
   0    0  324    0    0    0    0    0  250    0  262    0  337    0  312  
 334    0  293    0    0    0    0    0  307    0    0    0  303    0  308  
   0    0  273    0    0  266  283    0  318    0  301    0    0    0    0  
   0    0    0    0  304  297    0  334    0    0    0    0  294  298    0  
   0    0    0    0    0    0    0    0  280    0  314  274  273  313    0  
   0    0    0  287  322    0    0  268    0    0    0    0  259  318    0  
   0  313    0    0    0  318    0  302  271  354    0    0    0    0    0  
   0  332    0    0    0    0    0  296    0    0    0  274    0  291  277  
   0  339  292    0    0    0    0    0  344    0    0  310    0    0  276  
   0    0    0    0    0  329  339    0    0    0  331  280    0    0  358  
   0    0  349    0  371    0    0  329    0    0  296    0  352    0    0  
   0  284    0  322  359    0    0    0  346    0    0    0  300    0    0  
 366    0  304  365  347    0    0    0  361    0    0    0    0    0    0  
   0    0    0    0    0  382  291    0    0  305    0    0  283    0  343  
 376    0    0    0    0  285    0    0  381    0    0    0  380    0  385  
   0  353    0    0    0    0    0  296  364    0    0    0  335  330    0  
   0  352  336    0    0    0    0  384    0  354    0    0    0  296    0  
   0    0  400  356    0    0    0    0  320  382    0    0  393    0    0  
 323    0    0  311  399    0  311    0    0    0    0  341    0    0    0  
   0    0    0  379    0    0    0    0  294  387  295  381    0    0    0  
 303    0  375    0  353    0    0    0    0    0    0    0    0  307  395  
 377    0    0    0  407    0    0  404    0    0  412    0  356    0    0  
   0    0    0    0  376    0  363  402    0  410    0    0    0    0  410  
   0    0    0    0  325    0    0    0    0  321  364  384  355    0    0  
 337    0    0    0    0    0    0  368  419    0  351    0    0    0  308  
 387    0    0    0  429    0    0  427  383    0    0  316    0    0    0  
   0  378    0    0    0  438  409    0  326    0    0  386    0    0    0  
   0  333    0    0  324    0    0    0  375  380    0    0    0  350    0  
   0    0    0    0    0  439    0    0    0    0    0  370  427  430  398  
   0    0    0    0  426  354    0    0  438  384    0    0    0    0  404  
   0    0    0    0  347    0  453  362    0  348    0    0    0    0  344  
 342    0    0    0    0  342  327    0    0  360    0    0    0  429    0  
 387    0    0  429    0    0    0    0  357  415    0  381    0    0    0  
   0  413    0  334    0    0    0    0  390    0    0  347  447    0    0  
 371    0    0    0    0  416    0  461    0    0    0  411  381    0    0  
   0    0    0  375    0    0    0  423    0  347  381    0    0    0  380  
   0    0  453    0    0    0  354  335    0    0  386  357    0    0    0  
   0  343  431    0    0  399  440    0    0    0    0    0    0    0  397  
   0    0  472  434    0    0  421    0  394    0    0    0    0    0  398  
 345    0    0    0  382  436    0    0  434    0    0    0    0  362    0  
 471  443    0    0    0    0    0    0  427    0  485    0    0    0  413  
 476    0    0  468  487    0    0  415    0    0  449    0    0    0    0  
   0  390    0  416  376  360    0    0    0    0    0    0    0    0  378  
   0  468    0    0    0    0    0    0    0    0  464    0  481  380  426  
   0    0    0  493  435    0    0    0    0    0    0    0  474  429  418  
   0  489    0  461    0  426  445    0    0    0    0    0    0    0  367  
   0    0    0    0    0  406    0    0  495    0  481  400    0  480    0  
 469    0    0    0    0    0    0    0  475    0  469    0    0  469  453  
 378  394  388    0    0    0    0    0  498    0    0  390    0    0    0  
   0    0    0  414  445    0  473    0    0    0  470  389    0    0    0  
   0    0    0  501    0  408  437    0    0  460  505    0    0    0    0  
   0    0    0  496    0    0    0  408  502    0  444  432    0    0    0  
   0  426    0    0    0  433    0    0    0    0  411    0  511    0  420  
   0  530    0    0    0  436  432    0  478    0    0  406    0    0    0  
 514    0  462  396    0    0    0    0  540    0    0    0  394    0    0  
   0    0    0    0  425    0  420    0  461  517    0  440    0    0    0  
   0  503    0  529  548    0  444    0  484    0    0    0    0    0    0  
   0  410    0    0  446    0  467    0    0    0  515    0  540    0    0  
   0    0  456  456    0  542    0    0  542    0    0    0    0    0  518  
 424  550  410    0  490  446    0    0    0    0    0    0    0    0    0  
   0  474    0  465    0  512    0    0  468  444    0    0    0    0    0  ] 
 ] 
