K : 100
I : 5
C : 10
INSTANCE : 4
PREFERENCES : [    1    0    0    2    3  
   0    0    2    1    3  
   1    2    0    3    0  
   2    3    1    0    0  
   3    0    2    0    1  
   0    2    3    1    0  
   2    3    0    1    0  
   0    1    3    0    2  
   1    0    3    2    0  
   0    3    0    1    2  
   3    0    2    1    0  
   0    1    2    3    0  
   1    2    0    0    3  
   2    1    0    3    0  
   1    0    0    3    2  
   1    0    0    3    2  
   0    2    3    1    0  
   2    0    3    0    1  
   2    3    0    0    1  
   0    3    2    1    0  
   0    1    3    0    2  
   0    1    3    0    2  
   0    3    0    1    2  
   1    0    3    0    2  
   0    2    1    3    0  
   3    1    2    0    0  
   1    2    3    0    0  
   3    0    2    1    0  
   0    2    3    0    1  
   2    0    3    0    1  
   0    1    3    0    2  
   1    3    0    0    2  
   1    3    0    2    0  
   0    0    2    1    3  
   2    0    1    0    3  
   3    2    1    0    0  
   3    0    1    2    0  
   3    2    0    1    0  
   0    3    0    1    2  
   2    0    1    3    0  
   3    0    2    0    1  
   3    0    2    0    1  
   2    3    0    0    1  
   1    3    2    0    0  
   2    0    0    3    1  
   1    0    0    3    2  
   0    1    2    0    3  
   0    0    3    2    1  
   0    1    2    3    0  
   0    3    2    1    0  
   0    1    2    3    0  
   1    3    0    2    0  
   0    0    2    1    3  
   2    1    0    3    0  
   2    1    0    3    0  
   1    3    0    2    0  
   3    1    2    0    0  
   1    3    0    2    0  
   0    0    3    1    2  
   0    0    3    2    1  
   0    2    1    0    3  
   2    1    3    0    0  
   0    2    1    0    3  
   1    2    0    3    0  
   3    1    0    2    0  
   0    2    0    3    1  
   0    0    3    2    1  
   1    3    0    0    2  
   0    1    0    2    3  
   1    0    0    3    2  
   1    0    2    0    3  
   1    3    0    2    0  
   2    0    0    3    1  
   3    2    0    1    0  
   0    1    0    3    2  
   0    1    2    3    0  
   0    2    3    1    0  
   0    1    2    0    3  
   3    0    1    0    2  
   0    1    3    2    0  
   0    3    2    0    1  
   3    1    0    2    0  
   3    2    0    1    0  
   0    1    3    2    0  
   2    0    3    0    1  
   3    1    0    0    2  
   3    1    2    0    0  
   0    3    2    0    1  
   0    3    0    2    1  
   1    3    0    0    2  
   2    1    0    3    0  
   0    1    0    3    2  
   0    0    3    1    2  
   2    0    3    0    1  
   1    0    2    0    3  
   0    0    3    1    2  
   0    0    1    2    3  
   3    0    0    1    2  
   0    3    0    1    2  
   1    3    2    0    0  ] 
RESERVATION PRICES : [    6    0    0    6    5  
   0    0   10   11   10  
  15   18    0   17    0  
  17   15   15    0    0  
  17    0   16    0   17  
   0   22   25   25    0  
  30   29    0   28    0  
   0   34   27    0   28  
  32    0   33   26    0  
   0   34    0   32   36  
  38    0   32   41    0  
   0   38   35   32    0  
  37   41    0    0   39  
  42   54    0   47    0  
  54    0    0   46   44  
  52    0    0   53   60  
   0   60   66   53    0  
  74    0   59    0   55  
  59   69    0    0   70  
   0   83   61   76    0  
   0   76   89    0   74  
   0   66   73    0   88  
   0   90    0   94   72  
  89    0   95    0   96  
   0   85   78   94    0  
 106   93  105    0    0  
  98   88  106    0    0  
 106    0  105  121    0  
   0  119  100    0  116  
 110    0  127    0  120  
   0  108  125    0  103  
 100   96    0    0   97  
 107  130    0  136    0  
   0    0  114  104  134  
 122    0  131    0  144  
 153  146  147    0    0  
 155    0  112  113    0  
 146  127    0  127    0  
   0  139    0  130  120  
 143    0  164  135    0  
 169    0  143    0  164  
 132    0  132    0  124  
 143  139    0    0  152  
 159  173  171    0    0  
 155    0    0  176  175  
 150    0    0  157  162  
   0  156  161    0  170  
   0    0  178  158  163  
   0  189  163  177    0  
   0  179  178  173    0  
   0  145  187  188    0  
 188  158    0  183    0  
   0    0  157  200  207  
 201  189    0  183    0  
 180  183    0  178    0  
 177  174    0  214    0  
 209  191  202    0    0  
 202  186    0  164    0  
   0    0  181  194  199  
   0    0  213  209  209  
   0  181  195    0  216  
 216  186  234    0    0  
   0  217  188    0  191  
 201  222    0  190    0  
 239  191    0  249    0  
   0  229    0  205  216  
   0    0  235  201  255  
 256  257    0    0  201  
   0  224    0  191  244  
 262    0    0  235  197  
 200    0  199    0  202  
 201  220    0  247    0  
 248    0    0  249  236  
 214  258    0  266    0  
   0  260    0  254  242  
   0  242  240  219    0  
   0  273  223  233    0  
   0  236  237    0  234  
 257    0  268    0  244  
   0  244  297  279    0  
   0  228  282    0  235  
 322  233    0  271    0  
 264  246    0  252    0  
   0  303  268  295    0  
 273    0  305    0  239  
 312  276    0    0  318  
 308  319  292    0    0  
   0  315  259    0  304  
   0  247    0  319  240  
 290  281    0    0  319  
 323  325    0  325    0  
   0  343    0  286  289  
   0    0  349  288  292  
 319    0  315    0  263  
 345    0  307    0  302  
   0    0  326  307  342  
   0    0  352  341  278  
 336    0    0  330  359  
   0  312    0  273  295  
 301  357  369    0    0  ] 
 ] 
