K : 50
I : 10
C : 5
INSTANCE : 1
PREFERENCES : [    0    0    4    0    0    0    2    5    3    1  
   0    0    0    1    2    0    4    5    0    3  
   0    2    0    4    0    3    1    0    5    0  
   0    3    5    0    1    0    4    0    2    0  
   0    2    0    3    1    0    5    4    0    0  
   2    5    4    0    0    0    1    0    0    3  
   0    5    0    1    3    0    0    2    0    4  
   4    5    0    2    1    0    0    0    0    3  
   4    1    3    0    0    0    0    0    2    5  
   2    4    0    5    0    0    0    3    1    0  
   0    0    0    3    5    0    2    1    0    4  
   5    0    3    0    1    4    0    2    0    0  
   1    0    0    0    0    2    5    3    0    4  
   0    0    0    1    2    5    3    0    0    4  
   1    0    0    2    5    4    0    0    3    0  
   0    3    2    1    5    0    4    0    0    0  
   0    1    0    2    0    5    4    0    0    3  
   0    5    3    0    4    1    0    0    0    2  
   1    3    0    0    0    0    0    2    4    5  
   1    0    3    2    4    0    5    0    0    0  
   3    0    0    5    1    0    0    4    0    2  
   0    1    3    5    0    0    4    2    0    0  
   4    1    2    0    0    0    5    3    0    0  
   4    3    2    5    0    0    1    0    0    0  
   3    2    0    0    5    4    0    0    0    1  
   0    3    4    0    0    2    1    0    0    5  
   2    1    3    0    0    5    0    0    0    4  
   0    4    0    2    1    0    0    5    0    3  
   0    5    4    3    0    0    0    2    0    1  
   0    5    0    4    3    0    0    0    1    2  
   1    0    2    3    4    0    0    5    0    0  
   0    2    0    5    0    3    0    0    4    1  
   3    5    1    0    0    4    0    2    0    0  
   0    4    1    0    0    5    3    0    0    2  
   4    0    0    0    5    2    1    0    3    0  
   0    3    5    1    4    0    2    0    0    0  
   0    0    5    3    0    2    4    1    0    0  
   4    3    0    1    0    5    0    0    0    2  
   2    0    3    0    5    4    1    0    0    0  
   0    4    0    5    0    0    1    3    0    2  
   0    0    3    2    5    0    0    0    4    1  
   3    0    5    0    0    1    0    0    2    4  
   0    5    0    0    0    2    0    1    3    4  
   3    1    0    5    0    0    4    0    0    2  
   0    1    4    0    3    2    5    0    0    0  
   2    1    0    0    0    0    3    4    0    5  
   2    1    0    0    0    0    3    4    0    5  
   1    4    5    0    0    0    3    0    2    0  
   3    5    2    0    1    0    4    0    0    0  
   0    0    5    0    4    1    3    0    2    0  ] 
RESERVATION PRICES : [    0    0    5    0    0    0    5    6    6    5  
   0    0    0    9    9    0   10   10    0   11  
   0   15    0   16    0   13   13    0   12    0  
   0   19   16    0   18    0   15    0   17    0  
   0   17    0   19   19    0   15   16    0    0  
  25   24   26    0    0    0   21    0    0   19  
   0   28    0   24   31    0    0   26    0   23  
  28   33    0   26   28    0    0    0    0   29  
  30   29   31    0    0    0    0    0   33   33  
  40   38    0   37    0    0    0   36   46    0  
   0    0    0   36   43    0   40   45    0   47  
  49    0   43    0   43   51    0   54    0    0  
  57    0    0    0    0   46   49   42    0   43  
   0    0    0   47   45   56   54    0    0   54  
  57    0    0   55   44   50    0    0   53    0  
   0   62   53   60   55    0   52    0    0    0  
   0   62    0   58    0   48   57    0    0   48  
   0   56   61    0   65   58    0    0    0   54  
  60   60    0    0    0    0    0   64   52   49  
  71    0   63   65   61    0   68    0    0    0  
  61    0    0   64   60    0    0   66    0   72  
   0   74   74   62    0    0   66   79    0    0  
  60   64   81    0    0    0   77   74    0    0  
  66   66   83   78    0    0   66    0    0    0  
  87   85    0    0   89   85    0    0    0   93  
   0   75   92    0    0   90   73    0    0   84  
  85   77   85    0    0   96    0    0    0   75  
   0   91    0   72   79    0    0   92    0   82  
   0   95   83   90    0    0    0   74    0   74  
   0   91    0   87   82    0    0    0   89   88  
 109    0   93  100   98    0    0   92    0    0  
   0  108    0  116    0  106    0    0   95  111  
  91  111  113    0    0  112    0   87    0    0  
   0  105  122    0    0  123  123    0    0  109  
 121    0    0    0  126  103  125    0  104    0  
   0  120  102  130  128    0  102    0    0    0  
   0    0  100  106    0  120  133  130    0    0  
 136  123    0  117    0  129    0    0    0  120  
 140    0  118    0  142  133  129    0    0    0  
   0  130    0  132    0    0  121  130    0  112  
   0    0  121  112  149    0    0    0  152  113  
 126    0  122    0    0  153    0    0  148  129  
   0  146    0    0    0  128    0  142  127  150  
 151  153    0  139    0    0  123    0    0  158  
   0  150  144    0  151  143  143    0    0    0  
 155  155    0    0    0    0  168  125    0  149  
 169  154    0    0    0    0  142  177    0  158  
 137  175  152    0    0    0  173    0  171    0  
 158  171  146    0  153    0  173    0    0    0  
   0    0  161    0  182  178  164    0  138    0  ] 
 ] 
