K : 100
I : 10
C : 20
INSTANCE : 1
PREFERENCES : [    4    0    0    0    0    2    3    5    0    1  
   4    1    2    0    0    0    5    0    0    3  
   0    4    0    5    1    0    0    2    3    0  
   0    5    0    3    4    1    0    0    2    0  
   1    0    3    4    5    0    2    0    0    0  
   4    0    3    0    2    0    5    1    0    0  
   5    2    0    3    0    0    1    0    0    4  
   4    1    0    2    3    0    0    0    0    5  
   0    0    4    0    2    1    3    0    0    5  
   1    4    2    3    5    0    0    0    0    0  
   0    0    1    0    4    0    3    5    2    0  
   0    3    0    5    4    1    0    0    0    2  
   3    0    0    0    0    4    1    5    2    0  
   0    0    2    1    3    5    0    0    4    0  
   5    1    0    2    0    0    0    0    3    4  
   0    0    2    3    0    1    0    5    4    0  
   5    0    0    2    0    3    4    0    0    1  
   0    0    1    4    3    0    2    5    0    0  
   5    2    4    3    0    1    0    0    0    0  
   0    0    3    5    2    0    0    4    0    1  
   0    1    4    3    0    2    0    0    0    5  
   0    0    1    0    3    5    0    0    4    2  
   0    0    4    3    2    0    0    5    1    0  
   0    0    0    4    3    2    5    0    1    0  
   0    0    3    5    0    4    1    0    0    2  
   0    1    0    3    0    5    0    2    0    4  
   0    4    1    0    0    0    5    2    3    0  
   0    1    0    5    0    4    0    3    0    2  
   5    0    0    4    2    1    0    0    0    3  
   0    1    0    2    0    5    0    4    0    3  
   2    3    0    0    0    4    1    0    5    0  
   0    5    3    2    4    0    0    1    0    0  
   0    3    0    4    0    0    0    2    1    5  
   0    4    3    1    0    5    2    0    0    0  
   3    1    0    0    5    0    0    4    0    2  
   2    0    0    5    0    1    0    3    0    4  
   3    0    1    0    4    5    0    0    0    2  
   0    2    1    3    0    4    0    0    0    5  
   0    0    0    0    0    1    2    4    5    3  
   0    0    0    5    4    0    2    1    0    3  
   0    3    0    0    5    1    2    0    0    4  
   0    0    5    2    0    1    4    0    0    3  
   1    5    0    0    3    0    4    2    0    0  
   4    0    0    5    0    0    1    3    0    2  
   2    0    0    0    0    4    5    1    3    0  
   5    4    1    0    0    0    3    0    2    0  
   0    0    3    0    0    0    1    5    2    4  
   0    2    3    0    5    0    0    1    4    0  
   2    0    3    0    0    0    4    5    0    1  
   0    0    4    0    5    0    3    1    0    2  
   0    0    5    0    0    1    0    3    2    4  
   0    0    5    3    0    0    1    2    4    0  
   2    1    0    5    0    0    0    3    0    4  
   0    5    0    0    3    2    4    1    0    0  
   0    4    2    0    1    3    0    5    0    0  
   4    1    0    0    0    5    0    0    3    2  
   4    0    3    0    2    5    0    0    1    0  
   0    1    2    5    0    3    0    0    0    4  
   0    1    4    0    0    0    3    0    2    5  
   1    4    0    5    0    0    0    0    3    2  
   0    4    0    5    2    0    1    3    0    0  
   0    0    4    1    2    5    0    3    0    0  
   0    3    0    2    0    0    4    0    1    5  
   1    0    4    0    0    0    3    5    0    2  
   1    2    4    0    3    0    0    0    0    5  
   0    4    2    0    5    0    3    1    0    0  
   1    0    4    0    0    0    3    0    5    2  
   0    2    1    0    3    0    0    5    4    0  
   0    1    0    0    2    4    5    3    0    0  
   0    1    2    4    0    0    0    0    5    3  
   0    5    1    3    0    0    2    0    4    0  
   0    0    0    5    0    0    3    2    4    1  
   0    0    4    1    0    3    5    0    0    2  
   1    0    3    2    0    0    0    0    5    4  
   1    0    0    2    3    0    0    5    4    0  
   3    5    0    2    0    0    0    4    0    1  
   4    0    1    0    0    2    3    0    0    5  
   1    5    0    0    2    4    0    0    3    0  
   0    5    0    4    2    0    0    0    1    3  
   0    4    0    0    3    0    2    0    5    1  
   3    0    0    1    0    0    0    5    2    4  
   2    0    0    0    3    4    5    1    0    0  
   0    0    1    2    0    3    4    0    5    0  
   0    4    2    0    1    3    0    0    5    0  
   0    3    1    4    0    2    5    0    0    0  
   4    0    5    0    3    2    0    1    0    0  
   0    5    4    1    2    0    3    0    0    0  
   0    0    4    0    5    2    0    3    1    0  
   1    0    0    0    5    4    0    0    2    3  
   1    2    0    0    0    0    3    0    4    5  
   2    3    0    1    5    0    0    0    4    0  
   3    5    0    0    2    0    0    1    4    0  
   4    5    0    3    0    0    0    1    2    0  
   0    0    0    4    0    5    3    0    2    1  
   0    0    0    0    2    4    0    3    1    5  
   5    0    1    0    0    0    0    2    3    4  
   0    4    0    3    0    0    2    1    5    0  
   5    0    0    0    0    2    0    1    4    3  
   4    5    0    0    2    0    1    3    0    0  
   3    0    0    1    5    0    4    2    0    0  ] 
RESERVATION PRICES : [    6    0    0    0    0    6    5    5    0    6  
  11    9   11    0    0    0    9    0    0    9  
   0   15    0   14   16    0    0   16   16    0  
   0   16    0   20   17   16    0    0   17    0  
  19    0   22   19   25    0   23    0    0    0  
  32    0   27    0   33    0   25   32    0    0  
  30   35    0   33    0    0   28    0    0   30  
  37   35    0   33   34    0    0    0    0   27  
   0    0   38    0   34   31   39    0    0   32  
  36   42   33   44   37    0    0    0    0    0  
   0    0   38    0   37    0   39   46   47    0  
   0   46    0   45   51   43    0    0    0   53  
  47    0    0    0    0   49   54   49   56    0  
   0    0   56   52   58   63    0    0   56    0  
  50   57    0   61    0    0    0    0   65   63  
   0    0   56   61    0   61    0   59   57    0  
  74    0    0   67    0   60   62    0    0   54  
   0    0   67   73   60    0   64   59    0    0  
  76   56   60   59    0   66    0    0    0    0  
   0    0   63   77   64    0    0   63    0   69  
   0   70   63   72    0   79    0    0    0   78  
   0    0   93    0   73   88    0    0   93   77  
   0    0   83   80   93    0    0   78   82    0  
   0    0    0   87   78   76   91    0   89    0  
   0    0   96   92    0   81   95    0    0   95  
   0   84    0   93    0  103    0   77    0   84  
   0  112   97    0    0    0   84  108   91    0  
   0  100    0  113    0   87    0  104    0  109  
  98    0    0   88  119   94    0    0    0   90  
   0  113    0  113    0  101    0  113    0  106  
 109  118    0    0    0  100  123    0  114    0  
   0  126  111  101   98    0    0  111    0    0  
   0  131    0  101    0    0    0  129  101  123  
   0  111  116  125    0  132  101    0    0    0  
 122  142    0    0  144    0    0  105    0  122  
 125    0    0  117    0  137    0  139    0  145  
 139    0  144    0  135  119    0    0    0  130  
   0  141  143  120    0  108    0    0    0  111  
   0    0    0    0    0  146  121  118  142  138  
   0    0    0  138  116    0  138  142    0  123  
   0  142    0    0  131  144  140    0    0  156  
   0    0  132  160    0  155  122    0    0  162  
 133  130    0    0  162    0  169  147    0    0  
 150    0    0  170    0    0  131  147    0  127  
 153    0    0    0    0  179  172  155  131    0  
 137  146  136    0    0    0  173    0  148    0  
   0    0  153    0    0    0  154  169  169  160  
   0  157  157    0  181    0    0  170  139    0  
 157    0  178    0    0    0  182  165    0  160  
   0    0  199    0  164    0  194  154    0  177  
   0    0  190    0    0  160    0  156  177  155  
   0    0  212  208    0    0  170  209  209    0  
 197  168    0  216    0    0    0  201    0  210  
   0  186    0    0  163  167  204  216    0    0  
   0  226  193    0  205  200    0  169    0    0  
 191  187    0    0    0  181    0    0  186  189  
 222    0  177    0  188  197    0    0  170    0  
   0  218  181  180    0  234    0    0    0  211  
   0  174  220    0    0    0  218    0  193  226  
 189  185    0  244    0    0    0    0  221  225  
   0  206    0  212  219    0  180  246    0    0  
   0    0  195  234  234  225    0  215    0    0  
   0  224    0  249    0    0  205    0  211  205  
 207    0  199    0    0    0  205  243    0  250  
 261  212  238    0  205    0    0    0    0  196  
   0  227  227    0  219    0  211  255    0    0  
 267    0  213    0    0    0  240    0  243  222  
   0  220  223    0  215    0    0  255  198    0  
   0  231    0    0  211  200  242  231    0    0  
   0  250  204  236    0    0    0    0  255  253  
   0  214  237  276    0    0  246    0  243    0  
   0    0    0  257    0    0  257  271  265  258  
   0    0  269  259    0  242  251    0    0  276  
 259    0  257  229    0    0    0    0  237  235  
 264    0    0  275  249    0    0  272  229    0  
 217  230    0  246    0    0    0  252    0  258  
 229    0  238    0    0  273  278    0    0  268  
 291  224    0    0  232  277    0    0  217    0  
   0  265    0  278  257    0    0    0  267  248  
   0  249    0    0  268    0  276    0  241  250  
 272    0    0  297    0    0    0  263  239  252  
 240    0    0    0  293  269  228  261    0    0  
   0    0  282  245    0  267  221    0  261    0  
   0  286  269    0  246  270    0    0  268    0  
   0  251  294  239    0  288  252    0    0    0  
 302    0  300    0  282  284    0  241    0    0  
   0  266  286  249  279    0  270    0    0    0  
   0    0  320    0  280  324    0  275  321    0  
 260    0    0    0  250  249    0    0  285  269  
 257  250    0    0    0    0  298    0  309  323  
 306  297    0  263  259    0    0    0  275    0  
 255  281    0    0  317    0    0  334  307    0  
 265  256    0  280    0    0    0  257  245    0  
   0    0    0  306    0  271  249    0  255  271  
   0    0    0    0  304  307    0  290  264  310  
 286    0  337    0    0    0    0  314  306  333  
   0  333    0  355    0    0  328  265  283    0  
 317    0    0    0    0  327    0  266  306  277  
 363  268    0    0  348    0  349  348    0    0  
 318    0    0  324  309    0  295  309    0    0  ] 
 ] 
