K : 150
I : 5
C : 15
INSTANCE : 5
PREFERENCES : [    2    0    0    3    1  
   0    2    0    3    1  
   2    1    3    0    0  
   1    0    2    3    0  
   2    0    1    3    0  
   0    2    3    1    0  
   2    3    0    1    0  
   0    2    0    1    3  
   1    0    3    2    0  
   2    0    0    3    1  
   0    2    1    0    3  
   0    2    3    0    1  
   3    0    1    2    0  
   0    0    3    1    2  
   0    0    1    3    2  
   0    0    1    2    3  
   3    0    2    1    0  
   1    2    0    0    3  
   1    0    2    0    3  
   0    0    2    1    3  
   2    0    1    0    3  
   0    3    1    0    2  
   1    2    3    0    0  
   2    3    0    0    1  
   2    1    3    0    0  
   2    3    1    0    0  
   3    2    0    1    0  
   2    0    0    1    3  
   2    1    3    0    0  
   3    2    1    0    0  
   0    1    3    2    0  
   1    3    2    0    0  
   2    0    0    1    3  
   1    0    3    2    0  
   0    1    0    2    3  
   2    3    0    1    0  
   1    0    0    3    2  
   3    2    0    0    1  
   2    0    0    3    1  
   0    3    1    2    0  
   3    1    0    2    0  
   0    0    1    2    3  
   3    2    1    0    0  
   0    2    0    3    1  
   0    1    3    2    0  
   3    0    2    1    0  
   2    3    0    0    1  
   1    3    0    0    2  
   0    2    0    3    1  
   0    3    1    0    2  
   0    0    3    1    2  
   0    3    2    0    1  
   0    2    0    3    1  
   1    2    3    0    0  
   0    0    3    2    1  
   2    3    0    1    0  
   1    0    0    2    3  
   0    2    0    1    3  
   0    3    2    0    1  
   2    0    3    0    1  
   2    1    0    0    3  
   2    0    0    3    1  
   1    0    2    0    3  
   0    2    1    0    3  
   0    3    0    2    1  
   1    3    0    2    0  
   2    0    0    1    3  
   0    3    2    0    1  
   2    0    0    3    1  
   0    2    1    3    0  
   2    0    1    3    0  
   0    3    0    2    1  
   0    1    3    0    2  
   2    0    0    1    3  
   2    3    0    0    1  
   0    3    2    0    1  
   0    1    0    2    3  
   0    0    2    1    3  
   0    1    2    3    0  
   1    3    2    0    0  
   3    2    1    0    0  
   3    0    1    2    0  
   3    0    2    0    1  
   0    0    1    2    3  
   1    0    0    3    2  
   3    0    1    2    0  
   3    1    0    0    2  
   1    0    3    2    0  
   0    2    0    1    3  
   0    0    1    2    3  
   0    2    0    3    1  
   1    0    2    3    0  
   1    0    2    3    0  
   0    3    2    1    0  
   2    0    1    3    0  
   1    3    2    0    0  
   2    3    0    1    0  
   0    2    3    1    0  
   2    1    0    3    0  
   0    2    3    1    0  
   2    0    3    1    0  
   3    1    2    0    0  
   0    2    0    1    3  
   1    2    0    0    3  
   0    0    3    2    1  
   3    0    1    0    2  
   2    0    1    3    0  
   2    0    3    0    1  
   0    3    0    2    1  
   0    3    1    2    0  
   3    0    1    2    0  
   3    2    0    1    0  
   1    0    2    0    3  
   3    0    1    2    0  
   3    0    0    1    2  
   1    2    3    0    0  
   3    0    2    1    0  
   2    0    0    1    3  
   3    2    0    0    1  
   0    1    0    3    2  
   0    1    0    3    2  
   3    1    0    0    2  
   3    0    0    2    1  
   0    2    1    0    3  
   1    0    3    0    2  
   2    0    0    3    1  
   3    2    0    0    1  
   1    2    0    3    0  
   3    2    0    1    0  
   0    2    3    1    0  
   0    3    0    1    2  
   3    2    0    0    1  
   3    0    2    1    0  
   2    1    0    0    3  
   0    3    1    2    0  
   3    2    1    0    0  
   0    0    1    2    3  
   2    1    3    0    0  
   3    0    0    1    2  
   2    0    3    1    0  
   2    3    0    0    1  
   0    1    3    0    2  
   3    0    1    2    0  
   3    0    1    2    0  
   2    3    1    0    0  
   1    0    0    2    3  
   0    0    3    2    1  
   1    2    3    0    0  
   1    2    0    0    3  
   1    3    0    0    2  ] 
RESERVATION PRICES : [    8    0    0   10    8  
   0    9    0   11   10  
  15   16   12    0    0  
  17    0   21   18    0  
  24    0   25   26    0  
   0   22   24   26    0  
  28   26    0   27    0  
   0   35    0   26   29  
  31    0   33   35    0  
  39    0    0   34   40  
   0   30   34    0   34  
   0   37   37    0   42  
  43    0   46   46    0  
   0    0   37   46   46  
   0    0   39   38   38  
   0    0   52   46   47  
  44    0   60   47    0  
  65   59    0    0   62  
  68    0   54    0   59  
   0    0   75   58   54  
  69    0   68    0   59  
   0   70   64    0   66  
  68   62   64    0    0  
  68   81    0    0   78  
  81   86   77    0    0  
  74   70   91    0    0  
  78   85    0   86    0  
  95    0    0   97   79  
  86   81   99    0    0  
  89   95   86    0    0  
   0  106  115   86    0  
  95   96   88    0    0  
 105    0    0  119  104  
 113    0  109  111    0  
   0  112    0  102  108  
 119  126    0  112    0  
 117    0    0  118  131  
 127  115    0    0  116  
 132    0    0  126  136  
   0  139  110  134    0  
 137  111    0  144    0  
   0    0  147  133  147  
 147  120  117    0    0  
   0  123    0  117  156  
   0  146  121  140    0  
 132    0  148  137    0  
 155  128    0    0  128  
 159  180    0    0  174  
   0  169    0  145  172  
   0  179  143    0  155  
   0    0  183  170  150  
   0  152  175    0  151  
   0  174    0  158  152  
 190  205  201    0    0  
   0    0  188  178  190  
 156  153    0  213    0  
 216    0    0  170  182  
   0  199    0  182  199  
   0  186  202    0  205  
 223    0  172    0  172  
 192  220    0    0  190  
 178    0    0  212  189  
 206    0  214    0  206  
   0  197  171    0  181  
   0  181    0  196  185  
 212  179    0  225    0  
 181    0    0  217  242  
   0  231  204    0  238  
 225    0    0  246  236  
   0  238  245  255    0  
 257    0  258  238    0  
   0  241    0  206  232  
   0  216  192    0  248  
 270    0    0  269  197  
 212  231    0    0  230  
   0  202  244    0  219  
   0  235    0  215  240  
   0    0  269  241  255  
   0  211  245  239    0  
 256  234  288    0    0  
 217  210  216    0    0  
 293    0  250  263    0  
 294    0  273    0  231  
   0    0  263  276  296  
 272    0    0  276  238  
 260    0  254  286    0  
 250  297    0    0  247  
 296    0  261  290    0  
   0  270    0  319  256  
   0    0  253  265  306  
   0  269    0  258  303  
 264    0  306  321    0  
 244    0  265  257    0  
   0  284  298  280    0  
 253    0  345  283    0  
 308  263  321    0    0  
 289  269    0  308    0  
   0  335  333  336    0  
 296  330    0  311    0  
   0  289  279  275    0  
 368    0  304  291    0  
 275  298  271    0    0  
   0  273    0  308  355  
 282  336    0    0  329  
   0    0  384  365  349  
 291    0  314    0  301  
 381    0  334  308    0  
 320    0  324    0  371  
   0  347    0  391  384  
   0  383  374  338    0  
 379    0  305  326    0  
 405  310    0  369    0  
 371    0  381    0  363  
 326    0  412  331    0  
 332    0    0  415  307  
 319  378  406    0    0  
 379    0  429  373    0  
 433    0    0  382  328  
 369  440    0    0  418  
   0  395    0  386  354  
   0  401    0  370  385  
 355  395    0    0  417  
 372    0    0  369  342  
   0  388  383    0  361  
 361    0  436    0  345  
 359    0    0  352  456  
 426  456    0    0  414  
 375  344    0  375    0  
 450  440    0  417    0  
   0  405  481  441    0  
   0  483    0  354  468  
 478  476    0    0  382  
 393    0  489  391    0  
 387  494    0    0  404  
   0  479  432  439    0  
 412  451  451    0    0  
   0    0  394  427  397  
 407  385  406    0    0  
 429    0    0  462  421  
 376    0  377  388    0  
 494  488    0    0  424  
   0  481  414    0  531  
 531    0  521  443    0  
 487    0  446  462    0  
 538  531  539    0    0  
 438    0    0  460  464  
   0    0  470  423  447  
 458  441  533    0    0  
 518  402    0    0  520  
 441  482    0    0  440  ] 
 ] 
