K : 75
I : 10
C : 12
INSTANCE : 5
PREFERENCES : [    5    0    0    4    2    1    0    0    3    0  
   0    0    5    1    0    2    3    0    4    0  
   0    0    1    0    5    0    2    3    4    0  
   5    3    4    0    0    0    2    0    1    0  
   0    2    0    0    5    1    4    0    0    3  
   3    1    0    5    0    0    0    0    4    2  
   0    5    2    3    0    0    4    0    0    1  
   4    0    0    0    1    5    0    3    0    2  
   5    0    0    2    0    1    0    3    0    4  
   4    3    5    1    2    0    0    0    0    0  
   1    0    2    4    0    0    0    5    0    3  
   2    3    0    0    1    0    0    0    5    4  
   0    0    0    1    0    2    5    3    4    0  
   4    0    2    0    5    0    1    0    3    0  
   0    0    0    5    0    2    0    1    4    3  
   0    5    2    3    0    4    0    1    0    0  
   0    0    5    0    3    0    4    1    2    0  
   5    1    0    3    0    0    4    0    0    2  
   0    0    3    0    0    1    5    4    0    2  
   2    1    0    4    0    0    5    3    0    0  
   0    0    1    0    5    4    2    0    0    3  
   0    2    4    5    0    0    3    1    0    0  
   1    0    3    0    4    0    2    0    5    0  
   0    4    0    0    0    3    2    1    5    0  
   4    0    5    0    0    3    1    0    0    2  
   2    1    0    5    0    0    3    0    4    0  
   2    0    1    0    0    4    5    0    0    3  
   0    5    0    0    0    0    4    1    2    3  
   1    4    0    2    0    0    0    5    3    0  
   4    0    1    2    0    0    5    3    0    0  
   0    0    2    3    0    0    5    1    4    0  
   0    5    4    0    0    0    2    0    1    3  
   1    0    0    3    5    2    0    0    4    0  
   0    0    0    3    0    2    0    4    1    5  
   0    0    4    3    2    1    5    0    0    0  
   0    2    0    4    0    5    0    1    3    0  
   4    0    0    1    3    2    0    0    0    5  
   1    0    0    0    4    2    0    0    3    5  
   0    0    0    4    1    0    3    2    5    0  
   4    5    2    0    0    3    0    0    1    0  
   2    0    0    0    1    5    4    0    3    0  
   3    0    0    4    0    1    5    0    0    2  
   0    5    4    0    1    3    0    0    2    0  
   4    2    0    1    5    0    0    0    3    0  
   0    1    0    0    2    0    0    4    5    3  
   0    5    0    3    0    1    2    4    0    0  
   3    1    0    0    2    4    0    0    5    0  
   0    0    4    5    0    2    0    0    3    1  
   0    0    4    0    1    2    0    5    0    3  
   0    5    0    4    0    1    0    2    3    0  
   0    5    0    0    3    1    0    2    0    4  
   0    0    5    0    4    3    1    0    2    0  
   0    1    0    0    2    0    5    4    0    3  
   5    0    2    0    0    0    0    3    4    1  
   0    0    0    5    2    4    1    0    3    0  
   0    4    0    0    0    0    5    2    1    3  
   0    2    1    3    0    0    4    0    0    5  
   2    1    0    3    0    0    0    4    5    0  
   0    4    3    5    0    0    1    2    0    0  
   0    4    2    3    0    5    0    0    1    0  
   4    0    2    0    5    3    0    1    0    0  
   0    0    2    3    0    5    1    0    4    0  
   0    5    2    3    0    0    0    1    0    4  
   0    3    4    1    0    0    2    0    0    5  
   4    3    0    1    0    0    0    0    5    2  
   0    1    5    0    0    3    4    0    2    0  
   2    3    0    0    0    1    4    5    0    0  
   1    0    0    0    0    4    3    5    0    2  
   1    0    0    0    3    4    0    5    2    0  
   0    3    0    1    0    2    0    0    4    5  
   0    0    4    0    0    3    2    1    5    0  
   0    0    4    3    2    5    0    0    0    1  
   0    4    0    1    5    2    0    3    0    0  
   2    4    1    3    0    5    0    0    0    0  
   4    0    5    0    3    1    0    0    2    0  ] 
RESERVATION PRICES : [    9    0    0   10    8   10    0    0    8    0  
   0    0   10    9    0    8    8    0    9    0  
   0    0   12    0   10    0    9    9    9    0  
  19   19   19    0    0    0   16    0   16    0  
   0   19    0    0   23   17   22    0    0   20  
  24   22    0   25    0    0    0    0   27   25  
   0   24   28   29    0    0   31    0    0   29  
  37    0    0    0   34   38    0   32    0   37  
  38    0    0   37    0   29    0   35    0   29  
  39   35   45   35   39    0    0    0    0    0  
  39    0   36   46    0    0    0   45    0   47  
  39   42    0    0   41    0    0    0   41   39  
   0    0    0   42    0   45   46   37   43    0  
  53    0   52    0   42    0   44    0   48    0  
   0    0    0   58    0   44    0   45   56   56  
   0   52   54   52    0   55    0   61    0    0  
   0    0   55    0   61    0   46   54   54    0  
  68   70    0   52    0    0   53    0    0   69  
   0    0   62    0    0   52   59   70    0   51  
  58   59    0   75    0    0   71   56    0    0  
   0    0   74    0   75   67   65    0    0   64  
   0   61   76   61    0    0   75   59    0    0  
  72    0   70    0   83    0   66    0   61    0  
   0   77    0    0    0   82   73   78   65    0  
  83    0   87    0    0   83   83    0    0   82  
  66   67    0   65    0    0   78    0   84    0  
  80    0   86    0    0   80   74    0    0   74  
   0   72    0    0    0    0   81   93   95   70  
 100   73    0   75    0    0    0   97   74    0  
 106    0   80  101    0    0  104  101    0    0  
   0    0  111   98    0    0   84  101  109    0  
   0   94   85    0    0    0   98    0   97   90  
 117    0    0  113   97   88    0    0   97    0  
   0    0    0   99    0   92    0   96   94  114  
   0    0  123  103  110  119   96    0    0    0  
   0  119    0  105    0  109    0  136  128    0  
 101    0    0  135  130  114    0    0    0  110  
 112    0    0    0  105  142    0    0  119  108  
   0    0    0  129  112    0  124  134  108    0  
 130  140  147    0    0  137    0    0  112    0  
 134    0    0    0  137  144  144    0  150    0  
 155    0    0  126    0  159  151    0    0  145  
   0  128  159    0  132  156    0    0  124    0  
 142  137    0  143  126    0    0    0  139    0  
   0  158    0    0  155    0    0  156  163  149  
   0  127    0  157    0  163  151  141    0    0  
 175  149    0    0  156  132    0    0  139    0  
   0    0  158  172    0  178    0    0  159  172  
   0    0  182    0  175  155    0  150    0  172  
   0  169    0  182    0  161    0  152  182    0  
   0  192    0    0  183  194    0  177    0  178  
   0    0  164    0  196  144  166    0  167    0  
   0  179    0    0  156    0  160  190    0  150  
 191    0  185    0    0    0    0  151  185  192  
   0    0    0  202  177  213  212    0  207    0  
   0  216    0    0    0    0  216  180  165  213  
   0  207  166  183    0    0  222    0    0  166  
 180  205    0  164    0    0    0  163  193    0  
   0  194  172  211    0    0  178  210    0    0  
   0  175  199  189    0  173    0    0  176    0  
 220    0  177    0  229  183    0  176    0    0  
   0    0  174  184    0  175  231    0  228    0  
   0  237  186  185    0    0    0  220    0  190  
   0  242  203  176    0    0  208    0    0  207  
 189  214    0  227    0    0    0    0  238  205  
   0  205  227    0    0  218  229    0  193    0  
 235  225    0    0    0  229  217  215    0    0  
 224    0    0    0    0  184  221  238    0  235  
 252    0    0    0  245  246    0  190  244    0  
   0  211    0  200    0  196    0    0  240  253  
   0    0  215    0    0  257  207  261  194    0  
   0    0  232  231  246  248    0    0    0  236  
   0  223    0  258  249  270    0  263    0    0  
 214  251  233  260    0  234    0    0    0    0  
 282    0  218    0  276  213    0    0  225    0  ] 
 ] 
