K : 150
I : 5
C : 30
INSTANCE : 5
PREFERENCES : [    0    1    2    3    0  
   1    0    3    2    0  
   3    0    1    0    2  
   0    2    1    0    3  
   0    3    1    2    0  
   0    0    2    3    1  
   1    0    3    2    0  
   2    3    1    0    0  
   0    3    0    2    1  
   0    3    1    2    0  
   0    3    2    1    0  
   2    1    0    3    0  
   3    0    0    1    2  
   3    2    1    0    0  
   3    0    1    2    0  
   3    0    1    0    2  
   0    0    3    1    2  
   0    1    3    0    2  
   3    0    0    2    1  
   1    2    3    0    0  
   0    1    0    3    2  
   0    3    0    2    1  
   3    0    2    1    0  
   0    3    0    2    1  
   2    0    0    3    1  
   2    0    0    1    3  
   3    1    2    0    0  
   0    1    3    0    2  
   3    0    1    2    0  
   3    2    0    1    0  
   2    3    0    1    0  
   3    0    2    1    0  
   2    0    3    1    0  
   1    0    0    2    3  
   0    3    2    0    1  
   2    3    0    0    1  
   0    0    1    2    3  
   3    1    0    0    2  
   0    2    0    3    1  
   2    3    0    1    0  
   2    1    0    3    0  
   0    2    1    0    3  
   3    0    2    0    1  
   1    0    2    0    3  
   0    1    3    0    2  
   1    3    2    0    0  
   2    0    1    3    0  
   0    3    1    2    0  
   0    2    0    1    3  
   0    3    2    0    1  
   0    2    0    3    1  
   1    0    3    0    2  
   1    3    2    0    0  
   0    1    2    3    0  
   3    0    1    2    0  
   0    1    0    2    3  
   2    3    1    0    0  
   0    3    1    2    0  
   1    0    0    2    3  
   3    0    0    1    2  
   1    0    2    0    3  
   0    3    2    0    1  
   0    2    3    0    1  
   1    0    0    2    3  
   2    3    1    0    0  
   0    3    1    0    2  
   1    0    0    3    2  
   0    0    2    3    1  
   2    0    0    1    3  
   3    1    0    2    0  
   0    2    1    0    3  
   3    0    2    1    0  
   0    2    0    3    1  
   1    0    3    0    2  
   0    1    3    0    2  
   1    2    0    0    3  
   0    1    0    3    2  
   0    2    0    3    1  
   0    0    2    3    1  
   3    2    0    1    0  
   2    0    1    3    0  
   1    2    3    0    0  
   1    3    2    0    0  
   2    1    3    0    0  
   0    0    2    1    3  
   1    2    0    3    0  
   1    2    0    3    0  
   2    0    3    0    1  
   1    0    3    2    0  
   0    2    0    3    1  
   0    2    1    0    3  
   1    0    3    2    0  
   1    0    2    3    0  
   2    0    3    0    1  
   0    0    1    2    3  
   0    0    2    3    1  
   0    0    1    2    3  
   0    2    1    0    3  
   2    0    0    1    3  
   0    0    1    2    3  
   0    3    0    1    2  
   0    2    3    0    1  
   1    3    0    2    0  
   0    3    0    2    1  
   2    0    3    0    1  
   0    3    1    0    2  
   2    0    1    0    3  
   1    0    0    3    2  
   1    0    2    3    0  
   2    0    1    3    0  
   0    2    0    3    1  
   1    3    2    0    0  
   0    1    3    2    0  
   3    1    2    0    0  
   0    3    2    1    0  
   2    1    3    0    0  
   0    1    2    3    0  
   3    0    2    0    1  
   0    3    2    0    1  
   2    3    0    1    0  
   2    1    3    0    0  
   0    2    1    3    0  
   2    3    0    0    1  
   0    1    3    0    2  
   2    0    3    0    1  
   1    3    0    2    0  
   0    0    2    1    3  
   3    1    0    0    2  
   2    3    1    0    0  
   0    3    2    1    0  
   2    1    0    0    3  
   3    1    0    2    0  
   2    1    3    0    0  
   0    2    0    3    1  
   3    0    1    0    2  
   0    2    3    1    0  
   2    0    1    3    0  
   1    2    3    0    0  
   1    0    0    3    2  
   3    0    0    2    1  
   1    2    0    3    0  
   2    0    1    3    0  
   0    1    2    0    3  
   3    1    0    2    0  
   1    0    2    0    3  
   2    1    0    0    3  
   3    0    0    2    1  
   3    1    2    0    0  
   2    3    1    0    0  
   0    3    0    1    2  ] 
RESERVATION PRICES : [    0    6    5    5    0  
  10    0   10   10    0  
  15    0   14    0   18  
   0   17   16    0   18  
   0   19   17   17    0  
   0    0   19   25   25  
  20    0   22   23    0  
  24   28   25    0    0  
   0   26    0   27   32  
   0   34   31   26    0  
   0   32   29   31    0  
  35   33    0   39    0  
  30    0    0   35   39  
  36   30   36    0    0  
  36    0   41   38    0  
  50    0   48    0   44  
   0    0   40   40   45  
   0   46   55    0   52  
  51    0    0   52   63  
  54   65   55    0    0  
   0   58    0   61   70  
   0   62    0   66   73  
  70    0   64   62    0  
   0   76    0   62   81  
  82    0    0   83   64  
  84    0    0   78   90  
  73   86   70    0    0  
   0   80   82    0   92  
  82    0   89   91    0  
  91   84    0  104    0  
  94   94    0   82    0  
  96    0   98  112    0  
  87    0  108  113    0  
 104    0    0  108   89  
   0  104   91    0  124  
  99  101    0    0  112  
   0    0   95   99  126  
 112  117    0    0  123  
   0  105    0  113  118  
 123  129    0  125    0  
 117  111    0  106    0  
   0  142  123    0  146  
 123    0  111    0  125  
 128    0  126    0  157  
   0  154  130    0  149  
 122  137  166    0    0  
 170    0  165  163    0  
   0  153  162  164    0  
   0  162    0  148  138  
   0  156  177    0  170  
   0  152    0  175  180  
 165    0  157    0  131  
 179  140  172    0    0  
   0  141  174  144    0  
 182    0  185  167    0  
   0  171    0  177  143  
 146  164  163    0    0  
   0  182  159  186    0  
 196    0    0  168  180  
 168    0    0  189  189  
 153    0  202    0  174  
   0  176  198    0  158  
   0  179  210    0  180  
 159    0    0  199  168  
 185  226  169    0    0  
   0  191  207    0  205  
 184    0    0  217  171  
   0    0  229  217  183  
 223    0    0  180  195  
 212  215    0  233    0  
   0  248  233    0  256  
 253    0  226  189    0  
   0  265    0  244  225  
 231    0  259    0  216  
   0  226  264    0  265  
 238  199    0    0  247  
   0  245    0  273  260  
   0  228    0  274  213  
   0    0  208  257  274  
 258  218    0  260    0  
 271    0  235  217    0  
 274  269  235    0    0  
 243  246  232    0    0  
 242  297  302    0    0  
   0    0  285  303  276  
 281  308    0  309    0  
 272  293    0  319    0  
 262    0  268    0  253  
 240    0  309  275    0  
   0  311    0  323  257  
   0  307  257    0  274  
 295    0  289  240    0  
 266    0  247  310    0  
 318    0  314    0  244  
   0    0  253  339  285  
   0    0  314  319  295  
   0    0  266  299  277  
   0  286  312    0  354  
 333    0    0  303  354  
   0    0  272  342  279  
   0  315    0  361  350  
   0  297  345    0  305  
 298  361    0  344    0  
   0  387    0  327  313  
 360    0  370    0  367  
   0  309  355    0  307  
 296    0  375    0  387  
 330    0    0  336  287  
 335    0  346  356    0  
 406    0  353  394    0  
   0  405    0  385  389  
 340  412  396    0    0  
   0  423  375  356    0  
 330  338  342    0    0  
   0  318  392  434    0  
 389  340  429    0    0  
   0  360  397  371    0  
 374    0  414    0  344  
   0  410  452    0  369  
 366  443    0  326    0  
 382  403  343    0    0  
   0  392  363  349    0  
 391  458    0    0  337  
   0  386  450    0  437  
 380    0  390    0  400  
 447  368    0  480    0  
   0    0  434  432  401  
 432  469    0    0  473  
 470  400  439    0    0  
   0  409  401  363    0  
 382  468    0    0  470  
 396  415    0  482    0  
 429  467  444    0    0  
   0  400    0  498  406  
 485    0  511    0  441  
   0  444  440  432    0  
 514    0  417  451    0  
 521  416  377    0    0  
 432    0    0  411  439  
 475    0    0  409  506  
 431  485    0  379    0  
 470    0  408  496    0  
   0  399  533    0  534  
 450  397    0  392    0  
 515    0  506    0  441  
 427  397    0    0  536  
 461    0    0  470  528  
 408  431  537    0    0  
 473  476  422    0    0  
   0  471    0  505  547  ] 
 ] 
