K : 100
I : 5
C : 10
INSTANCE : 3
PREFERENCES : [    0    3    0    1    2  
   3    2    0    0    1  
   0    2    3    0    1  
   2    1    3    0    0  
   2    1    0    0    3  
   2    3    1    0    0  
   3    1    2    0    0  
   0    1    2    3    0  
   0    0    1    2    3  
   0    2    0    1    3  
   3    1    0    0    2  
   1    0    2    0    3  
   0    2    0    1    3  
   0    1    3    0    2  
   3    0    1    2    0  
   0    2    3    0    1  
   3    0    0    1    2  
   3    2    1    0    0  
   1    0    0    3    2  
   0    0    3    1    2  
   0    1    3    0    2  
   1    0    0    2    3  
   2    0    1    0    3  
   1    0    2    3    0  
   2    0    0    1    3  
   1    0    0    3    2  
   0    1    3    2    0  
   0    3    1    0    2  
   1    0    3    0    2  
   1    3    0    0    2  
   3    1    0    0    2  
   0    2    0    1    3  
   2    3    0    0    1  
   1    0    0    2    3  
   3    1    0    0    2  
   3    2    1    0    0  
   0    3    0    2    1  
   0    1    2    3    0  
   3    0    2    0    1  
   0    0    1    2    3  
   3    0    1    2    0  
   3    0    2    1    0  
   1    0    0    3    2  
   0    3    0    1    2  
   2    0    0    3    1  
   0    2    0    1    3  
   3    0    2    0    1  
   0    3    1    2    0  
   0    3    1    2    0  
   1    0    0    2    3  
   1    0    2    3    0  
   1    0    2    3    0  
   0    0    1    2    3  
   1    2    0    3    0  
   1    0    2    3    0  
   0    2    0    1    3  
   1    0    3    0    2  
   0    0    3    2    1  
   2    0    0    1    3  
   0    1    0    3    2  
   3    0    2    1    0  
   2    1    0    0    3  
   0    1    0    3    2  
   1    0    2    3    0  
   2    3    1    0    0  
   0    0    1    3    2  
   1    0    0    2    3  
   0    1    2    3    0  
   0    3    2    1    0  
   2    1    3    0    0  
   1    3    0    2    0  
   3    0    0    2    1  
   2    1    0    3    0  
   0    3    2    0    1  
   2    0    0    3    1  
   0    0    3    2    1  
   0    0    2    1    3  
   3    1    0    2    0  
   0    2    0    1    3  
   3    1    0    0    2  
   0    1    0    2    3  
   2    0    0    3    1  
   0    3    2    0    1  
   1    0    0    2    3  
   0    2    0    3    1  
   2    0    1    0    3  
   3    1    0    2    0  
   0    0    1    3    2  
   0    0    3    2    1  
   2    3    0    0    1  
   0    2    1    3    0  
   0    3    2    0    1  
   2    3    1    0    0  
   0    2    0    1    3  
   3    1    2    0    0  
   0    2    0    1    3  
   3    1    2    0    0  
   0    0    3    2    1  
   3    1    2    0    0  
   0    3    2    0    1  ] 
RESERVATION PRICES : [    0    8    0   10    8  
  10   11    0    0   12  
   0   14   16    0   14  
  17   19   20    0    0  
  20   25    0    0   22  
  27   30   25    0    0  
  33   36   38    0    0  
   0   35   41   34    0  
   0    0   37   45   39  
   0   47    0   51   44  
  54   54    0    0   45  
  47    0   50    0   47  
   0   50    0   48   49  
   0   50   61    0   58  
  61    0   56   55    0  
   0   71   74    0   59  
  66    0    0   75   62  
  66   78   61    0    0  
  65    0    0   84   65  
   0    0   73   89   80  
   0   73   82    0   70  
  96    0    0   83   89  
  94    0   87    0   98  
  86    0   75   74    0  
  97    0    0  100   93  
  95    0    0   99   92  
   0   96   85  103    0  
   0  102  114    0  102  
 116    0   98    0  113  
 103   88    0    0  111  
 102   91    0    0   97  
   0   96    0   99  114  
 100  115    0    0  102  
 125    0    0   99  110  
 116   97    0    0   98  
 107  121  136    0    0  
   0  129    0  107  114  
   0  117  146  110    0  
 123    0  144    0  135  
   0    0  140  116  138  
 131    0  135  157    0  
 123    0  134  119    0  
 158    0    0  138  164  
   0  143    0  149  144  
 150    0    0  167  170  
   0  140    0  158  151  
 148    0  174    0  157  
   0  140  162  137    0  
   0  163  170  159    0  
 175    0    0  156  173  
 168    0  166  179    0  
 165    0  171  152    0  
   0    0  199  153  166  
 164  172    0  177    0  
 161    0  175  149    0  
   0  186    0  157  211  
 167    0  212    0  182  
   0    0  170  158  188  
 208    0    0  211  170  
   0  213    0  180  201  
 213    0  190  177    0  
 185  209    0    0  223  
   0  169    0  226  200  
 224    0  191  197    0  
 241  193  224    0    0  
   0    0  217  240  218  
 232    0    0  237  208  
   0  205  256  207    0  
   0  256  231  204    0  
 232  257  231    0    0  
 197  224    0  223    0  
 268    0    0  253  202  
 229  239    0  236    0  
   0  251  239    0  255  
 256    0    0  235  257  
   0    0  290  275  212  
   0    0  291  291  256  
 224  256    0  226    0  
   0  268    0  229  287  
 244  273    0    0  224  
   0  255    0  273  273  
 227    0    0  237  281  
   0  313  315    0  235  
 233    0    0  294  283  
   0  239    0  278  273  
 236    0  303    0  324  
 242  293    0  324    0  
   0    0  297  259  282  
   0    0  253  275  266  
 340  291    0    0  293  
   0  339  254  245    0  
   0  257  283    0  282  
 295  346  303    0    0  
   0  345    0  338  325  
 324  323  347    0    0  
   0  292    0  327  279  
 295  363  310    0    0  
   0    0  326  324  293  
 297  354  352    0    0  
   0  331  376    0  274  ] 
 ] 
