K : 100
I : 5
C : 10
INSTANCE : 5
PREFERENCES : [    1    0    2    0    3  
   3    2    0    1    0  
   2    1    3    0    0  
   3    2    1    0    0  
   3    0    2    1    0  
   2    3    1    0    0  
   0    2    3    1    0  
   0    0    2    3    1  
   2    0    1    3    0  
   3    0    2    0    1  
   2    0    1    0    3  
   0    0    3    1    2  
   1    0    3    0    2  
   2    0    3    0    1  
   3    2    0    0    1  
   3    1    0    2    0  
   1    0    3    0    2  
   2    0    0    1    3  
   0    3    0    2    1  
   2    0    3    1    0  
   2    0    0    3    1  
   0    1    3    0    2  
   0    2    0    3    1  
   1    3    2    0    0  
   0    3    0    2    1  
   2    0    1    3    0  
   1    2    3    0    0  
   0    0    3    1    2  
   1    2    0    3    0  
   0    0    2    1    3  
   1    3    0    0    2  
   3    1    2    0    0  
   0    3    2    1    0  
   3    1    0    2    0  
   0    2    1    0    3  
   0    3    1    2    0  
   3    0    0    1    2  
   0    2    3    0    1  
   0    3    2    0    1  
   1    3    0    2    0  
   0    3    2    1    0  
   0    3    0    1    2  
   3    1    2    0    0  
   1    3    2    0    0  
   0    3    2    0    1  
   1    0    3    2    0  
   3    2    0    0    1  
   0    1    2    3    0  
   0    1    3    2    0  
   1    0    2    3    0  
   3    0    0    1    2  
   1    3    2    0    0  
   2    1    0    3    0  
   0    3    0    1    2  
   0    1    2    0    3  
   0    0    2    1    3  
   0    1    2    0    3  
   2    1    0    3    0  
   0    0    3    2    1  
   2    1    0    3    0  
   2    1    3    0    0  
   3    2    0    1    0  
   2    0    1    3    0  
   0    3    0    2    1  
   1    2    0    0    3  
   2    3    0    1    0  
   2    1    3    0    0  
   2    1    3    0    0  
   0    0    1    2    3  
   3    2    0    0    1  
   0    0    2    3    1  
   0    0    2    3    1  
   0    1    3    2    0  
   0    3    2    1    0  
   2    0    3    0    1  
   2    0    1    3    0  
   3    0    1    0    2  
   0    2    1    3    0  
   3    0    1    2    0  
   0    1    3    2    0  
   0    2    1    0    3  
   2    0    3    1    0  
   3    0    1    2    0  
   0    3    1    2    0  
   0    0    3    1    2  
   2    1    0    0    3  
   1    2    3    0    0  
   1    0    0    2    3  
   0    2    3    1    0  
   1    3    2    0    0  
   3    1    2    0    0  
   2    1    3    0    0  
   1    0    2    0    3  
   1    0    0    3    2  
   3    0    0    1    2  
   1    3    0    0    2  
   1    0    2    3    0  
   3    2    0    0    1  
   0    0    1    2    3  
   0    1    2    3    0  ] 
RESERVATION PRICES : [    9    0   10    0    9  
   9   10    0    9    0  
  14   16   18    0    0  
  22   20   18    0    0  
  28    0   27   22    0  
  28   30   31    0    0  
   0   32   25   26    0  
   0    0   38   37   30  
  31    0   40   34    0  
  42    0   45    0   39  
  42    0   40    0   35  
   0    0   43   38   42  
  42    0   43    0   45  
  52    0   44    0   48  
  51   46    0    0   40  
  55   61    0   54    0  
  47    0   48    0   63  
  54    0    0   67   62  
   0   55    0   65   55  
  61    0   58   59    0  
  75    0    0   73   64  
   0   65   76    0   80  
   0   86    0   69   75  
  70   77   91    0    0  
   0   99    0   99   78  
  87    0   89   91    0  
 110  110   96    0    0  
   0    0   82  108  109  
 119  102    0   97    0  
   0    0   92  110   89  
 109   96    0    0  114  
 103  102  103    0    0  
   0  106  104  100    0  
 100  118    0  112    0  
   0  103  126    0  112  
   0  126  108  112    0  
 124    0    0  126  129  
   0  125  115    0  119  
   0  123  139    0  140  
 130  115    0  114    0  
   0  144  154  126    0  
   0  122    0  116  117  
 126  140  134    0    0  
 150  122  119    0    0  
   0  135  166    0  126  
 162    0  123  161    0  
 150  123    0    0  145  
   0  166  175  165    0  
   0  169  167  137    0  
 147    0  140  179    0  
 168    0    0  162  188  
 152  144  146    0    0  
 158  171    0  184    0  
   0  200    0  157  203  
   0  196  163    0  175  
   0    0  187  192  172  
   0  188  206    0  203  
 162  166    0  162    0  
   0    0  194  191  213  
 164  205    0  168    0  
 192  164  204    0    0  
 224  220    0  193    0  
 231    0  192  178    0  
   0  209    0  213  219  
 207  235    0    0  233  
 175  230    0  238    0  
 188  226  217    0    0  
 179  217  232    0    0  
   0    0  226  254  229  
 206  219    0    0  219  
   0    0  226  200  198  
   0    0  249  243  259  
   0  226  211  227    0  
   0  199  258  224    0  
 227    0  261    0  246  
 245    0  214  209    0  
 229    0  231    0  209  
   0  252  244  290    0  
 284    0  251  223    0  
   0  226  288  235    0  
   0  221  252    0  273  
 289    0  226  303    0  
 272    0  250  309    0  
   0  241  264  251    0  
   0    0  263  303  295  
 254  306    0    0  314  
 252  306  284    0    0  
 320    0    0  308  288  
   0  289  282  302    0  
 260  278  295    0    0  
 297  311  301    0    0  
 284  336  282    0    0  
 253    0  317    0  283  
 265    0    0  299  354  
 259    0    0  287  264  
 256  259    0    0  312  
 266    0  334  313    0  
 323  289    0    0  301  
   0    0  296  371  271  
   0  301  320  321    0  ] 
 ] 
