K : 75
I : 15
C : 3
INSTANCE : 3
PREFERENCES : [    0    4    0    0    2    0    3    0    0    0    0    1    0    5    0  
   2    0    0    0    3    5    0    0    0    0    0    1    0    0    4  
   3    0    0    0    0    0    4    2    0    0    1    0    0    0    5  
   0    1    0    2    0    0    0    4    0    0    0    5    0    0    3  
   0    0    1    3    0    0    0    0    5    0    0    0    2    4    0  
   0    0    0    3    1    0    0    2    0    0    0    4    0    5    0  
   0    0    0    0    5    0    4    0    3    0    1    0    2    0    0  
   3    0    0    0    0    0    1    0    2    0    0    0    5    4    0  
   0    0    0    0    5    0    2    1    0    0    0    0    3    0    4  
   0    2    0    0    3    0    0    0    0    0    0    0    5    4    1  
   0    0    0    0    5    0    4    2    0    0    1    0    0    3    0  
   0    0    2    0    0    0    0    0    3    5    0    4    0    1    0  
   5    0    1    0    0    0    4    0    0    0    0    0    2    0    3  
   0    0    0    0    0    3    0    0    1    2    5    0    4    0    0  
   5    0    0    0    0    4    3    2    0    0    0    1    0    0    0  
   0    0    0    0    2    0    0    0    0    5    0    0    4    3    1  
   0    0    3    0    0    0    0    0    5    4    2    0    0    0    1  
   0    2    0    4    0    5    0    1    0    0    0    0    0    3    0  
   2    0    1    0    0    4    0    3    0    0    0    0    5    0    0  
   0    0    1    0    0    4    0    0    0    0    5    0    2    0    3  
   0    0    0    0    0    0    1    0    2    0    4    0    3    0    5  
   4    0    0    0    0    0    5    0    0    0    2    1    3    0    0  
   0    0    2    4    0    0    0    0    5    0    0    1    3    0    0  
   0    0    0    0    0    0    5    0    0    3    0    2    1    0    4  
   0    2    1    0    4    5    0    3    0    0    0    0    0    0    0  
   0    0    0    0    0    1    2    0    0    5    4    3    0    0    0  
   1    0    0    0    3    0    5    0    0    2    4    0    0    0    0  
   0    0    4    0    2    0    0    5    0    3    1    0    0    0    0  
   0    0    0    5    4    0    0    0    0    0    2    1    0    3    0  
   0    4    0    3    1    0    0    0    5    0    2    0    0    0    0  
   0    0    3    0    4    0    0    0    2    0    0    0    0    5    1  
   4    0    3    0    0    0    0    2    1    0    0    0    5    0    0  
   0    0    5    1    0    0    0    3    0    0    0    2    4    0    0  
   0    4    0    0    1    0    0    5    3    2    0    0    0    0    0  
   4    0    0    0    0    1    3    0    0    2    0    5    0    0    0  
   0    3    0    1    0    4    0    0    2    0    5    0    0    0    0  
   0    0    0    2    0    0    3    0    0    0    0    1    4    5    0  
   3    1    0    0    2    4    5    0    0    0    0    0    0    0    0  
   3    1    0    0    4    0    0    0    0    0    0    5    0    0    2  
   1    5    0    0    3    0    0    0    0    0    4    2    0    0    0  
   0    0    0    0    5    0    0    1    3    0    0    0    2    4    0  
   0    1    5    0    0    2    0    0    0    0    0    4    0    3    0  
   0    1    4    0    2    5    0    0    0    3    0    0    0    0    0  
   1    2    0    0    0    0    0    0    4    3    0    0    5    0    0  
   4    0    1    0    3    0    5    0    0    0    2    0    0    0    0  
   1    0    0    0    0    5    0    0    4    0    0    0    2    0    3  
   0    1    2    0    0    0    0    0    0    0    4    0    5    3    0  
   5    3    0    0    0    4    1    0    0    2    0    0    0    0    0  
   2    0    0    3    0    4    0    0    0    0    0    0    5    1    0  
   4    0    0    0    0    0    0    2    1    0    0    0    3    0    5  
   1    0    0    0    2    0    0    0    0    3    0    0    4    0    5  
   0    1    0    0    0    0    0    0    0    4    0    3    2    5    0  
   4    3    0    0    5    0    0    0    2    0    0    0    0    0    1  
   0    1    0    0    0    0    2    4    0    5    3    0    0    0    0  
   2    4    0    0    0    3    0    0    1    0    0    5    0    0    0  
   0    0    0    5    3    2    0    4    0    0    0    0    1    0    0  
   0    0    5    0    2    0    4    0    0    0    0    3    0    0    1  
   1    0    4    0    0    0    0    0    0    0    0    2    0    5    3  
   0    1    5    0    3    4    0    0    0    0    0    0    0    2    0  
   0    0    0    0    2    0    0    5    0    0    0    1    4    0    3  
   0    0    3    5    0    0    1    0    0    0    4    0    0    0    2  
   0    0    0    4    0    0    0    0    0    1    0    3    5    0    2  
   0    4    5    0    0    0    0    0    0    0    3    0    1    2    0  
   5    0    0    4    0    3    0    0    0    0    2    0    0    0    1  
   2    0    0    0    0    0    0    5    0    4    0    1    0    3    0  
   0    0    0    0    0    5    1    0    0    4    0    3    2    0    0  
   0    1    2    0    5    0    0    4    0    0    0    3    0    0    0  
   0    0    5    0    0    1    0    0    0    0    0    4    2    0    3  
   0    4    1    0    5    0    0    0    0    3    0    0    0    0    2  
   2    0    0    0    0    4    1    5    0    0    3    0    0    0    0  
   1    4    0    0    2    5    3    0    0    0    0    0    0    0    0  
   4    0    0    0    1    0    2    0    0    0    3    0    0    5    0  
   0    1    0    0    0    0    0    0    0    3    2    5    0    4    0  
   4    2    0    3    0    0    1    5    0    0    0    0    0    0    0  
   5    1    0    0    0    0    0    0    4    2    0    0    0    3    0  ] 
RESERVATION PRICES : [    0    8    0    0    7    0    7    0    0    0    0    8    0    9    0  
  12    0    0    0   11   12    0    0    0    0    0   11    0    0   11  
  13    0    0    0    0    0   14   16    0    0   14    0    0    0   13  
   0   22    0   23    0    0    0   21    0    0    0   23    0    0   19  
   0    0   19   17    0    0    0    0   22    0    0    0   23   18    0  
   0    0    0   19   21    0    0   20    0    0    0   25    0   21    0  
   0    0    0    0   25    0   25    0   31    0   25    0   24    0    0  
  28    0    0    0    0    0   28    0   38    0    0    0   35   35    0  
   0    0    0    0   33    0   32   36    0    0    0    0   34    0   32  
   0   37    0    0   35    0    0    0    0    0    0    0   36   34   40  
   0    0    0    0   41    0   41   49    0    0   37    0    0   45    0  
   0    0   48    0    0    0    0    0   42   40    0   40    0   52    0  
  51    0   43    0    0    0   47    0    0    0    0    0   45    0   57  
   0    0    0    0    0   55    0    0   54   46   47    0   63    0    0  
  51    0    0    0    0   52   55   48    0    0    0   56    0    0    0  
   0    0    0    0   55    0    0    0    0   51    0    0   70   68   59  
   0    0   57    0    0    0    0    0   64   65   57    0    0    0   65  
   0   61    0   75    0   64    0   79    0    0    0    0    0   69    0  
  70    0   73    0    0   61    0   66    0    0    0    0   81    0    0  
   0    0   65    0    0   84    0    0    0    0   69    0   80    0   78  
   0    0    0    0    0    0   89    0   79    0   84    0   87    0   78  
  78    0    0    0    0    0   83    0    0    0   83   81   80    0    0  
   0    0   89   80    0    0    0    0   98    0    0   77   74    0    0  
   0    0    0    0    0    0   82    0    0   86    0   82   94    0   87  
   0   80   85    0  104   90    0   82    0    0    0    0    0    0    0  
   0    0    0    0    0   89  105    0    0   83   94   98    0    0    0  
  80    0    0    0   85    0   95    0    0  108   89    0    0    0    0  
   0    0   98    0   89    0    0   96    0   93   90    0    0    0    0  
   0    0    0  105  105    0    0    0    0    0  100  107    0  109    0  
   0  118    0  121  114    0    0    0  120    0   97    0    0    0    0  
   0    0   99    0   95    0    0    0   93    0    0    0    0   89  121  
 101    0  112    0    0    0    0  121   99    0    0    0  109    0    0  
   0    0  123   95    0    0    0  116    0    0    0  105  115    0    0  
   0  101    0    0  111    0    0  113   97  124    0    0    0    0    0  
  99    0    0    0    0  110  116    0    0  133    0  131    0    0    0  
   0  137    0  135    0  119    0    0  143    0  118    0    0    0    0  
   0    0    0  137    0    0  118    0    0    0    0  114  145  127    0  
 151  118    0    0  146  152  137    0    0    0    0    0    0    0    0  
 146  122    0    0  131    0    0    0    0    0    0  135    0    0  132  
 163  155    0    0  139    0    0    0    0    0  125  118    0    0    0  
   0    0    0    0  157    0    0  153  130    0    0    0  121  137    0  
   0  167  136    0    0  163    0    0    0    0    0  133    0  141    0  
   0  132  152    0  134  152    0    0    0  169    0    0    0    0    0  
 161  170    0    0    0    0    0    0  155  136    0    0  148    0    0  
 161    0  149    0  141    0  139    0    0    0  152    0    0    0    0  
 178    0    0    0    0  172    0    0  153    0    0    0  162    0  155  
   0  169  146    0    0    0    0    0    0    0  165    0  160  179    0  
 148  166    0    0    0  154  147    0    0  149    0    0    0    0    0  
 167    0    0  159    0  147    0    0    0    0    0    0  139  147    0  
 148    0    0    0    0    0    0  185  152    0    0    0  142    0  162  
 155    0    0    0  148    0    0    0    0  152    0    0  140    0  193  
   0  187    0    0    0    0    0    0    0  175    0  164  167  163    0  
 167  187    0    0  193    0    0    0  150    0    0    0    0    0  189  
   0  184    0    0    0    0  196  199    0  177  185    0    0    0    0  
 153  176    0    0    0  169    0    0  208    0    0  158    0    0    0  
   0    0    0  211  170  176    0  186    0    0    0    0  205    0    0  
   0    0  199    0  185    0  172    0    0    0    0  191    0    0  169  
 214    0  159    0    0    0    0    0    0    0    0  213    0  184  183  
   0  203  179    0  183  217    0    0    0    0    0    0    0  193    0  
   0    0    0    0  164    0    0  180    0    0    0  185  179    0  201  
   0    0  205  219    0    0  226    0    0    0  174    0    0    0  191  
   0    0    0  182    0    0    0    0    0  218    0  210  176    0  194  
   0  222  185    0    0    0    0    0    0    0  179    0  232  216    0  
 174    0    0  240    0  209    0    0    0    0  180    0    0    0  235  
 174    0    0    0    0    0    0  199    0  190    0  189    0  206    0  
   0    0    0    0    0  201  233    0    0  188    0  196  206    0    0  
   0  211  231    0  230    0    0  228    0    0    0  182    0    0    0  
   0    0  249    0    0  233    0    0    0    0    0  209  220    0  229  
   0  214  212    0  188    0    0    0    0  203    0    0    0    0  224  
 192    0    0    0    0  253  218  256    0    0  254    0    0    0    0  
 252  268    0    0  257  196  197    0    0    0    0    0    0    0    0  
 211    0    0    0  201    0  269    0    0    0  259    0    0  235    0  
   0  251    0    0    0    0    0    0    0  213  214  208    0  204    0  
 208  275    0  279    0    0  282  247    0    0    0    0    0    0    0  
 236  267    0    0    0    0    0    0  283  266    0    0    0  234    0  ] 
 ] 
