K : 125
I : 5
C : 5
INSTANCE : 2
PREFERENCES : [    2    0    3    1    0  
   1    0    3    2    0  
   0    2    3    1    0  
   2    0    0    3    1  
   0    0    3    2    1  
   1    3    0    0    2  
   3    0    1    0    2  
   1    3    0    2    0  
   3    2    0    0    1  
   1    0    0    2    3  
   3    2    1    0    0  
   2    1    0    0    3  
   1    3    2    0    0  
   1    3    2    0    0  
   0    0    2    3    1  
   3    1    0    2    0  
   2    0    1    3    0  
   1    0    3    2    0  
   0    2    3    0    1  
   0    0    1    2    3  
   3    0    0    1    2  
   1    0    0    3    2  
   3    2    1    0    0  
   1    3    0    2    0  
   3    0    1    2    0  
   0    3    1    2    0  
   3    0    2    1    0  
   3    2    0    0    1  
   3    2    0    1    0  
   2    0    3    1    0  
   1    0    2    3    0  
   0    0    1    3    2  
   3    0    2    1    0  
   0    2    3    1    0  
   2    0    0    3    1  
   1    2    0    0    3  
   0    2    1    3    0  
   3    2    0    0    1  
   0    1    0    3    2  
   3    0    2    1    0  
   0    2    3    1    0  
   1    0    2    0    3  
   0    2    3    0    1  
   2    0    3    1    0  
   0    0    3    1    2  
   0    3    1    2    0  
   1    0    3    0    2  
   3    2    1    0    0  
   3    1    0    0    2  
   2    3    0    0    1  
   2    0    0    1    3  
   2    3    1    0    0  
   3    0    0    2    1  
   2    0    0    1    3  
   2    0    3    1    0  
   2    3    0    0    1  
   2    3    0    1    0  
   0    3    1    0    2  
   3    2    0    1    0  
   0    2    1    0    3  
   3    2    0    1    0  
   3    2    0    1    0  
   0    1    2    0    3  
   3    2    0    1    0  
   0    2    1    3    0  
   3    0    1    0    2  
   2    3    0    0    1  
   0    1    3    0    2  
   0    0    2    1    3  
   3    0    0    2    1  
   2    0    3    1    0  
   0    1    2    3    0  
   2    0    1    0    3  
   3    0    2    0    1  
   0    2    0    3    1  
   2    0    0    1    3  
   3    2    0    0    1  
   0    1    0    3    2  
   3    2    0    0    1  
   0    2    1    3    0  
   2    1    0    0    3  
   3    1    0    2    0  
   0    2    0    1    3  
   0    1    2    3    0  
   0    2    0    3    1  
   2    0    1    0    3  
   0    1    3    0    2  
   3    2    0    0    1  
   2    0    3    1    0  
   0    3    2    0    1  
   3    0    2    1    0  
   2    3    0    0    1  
   1    0    0    3    2  
   3    0    0    1    2  
   2    0    3    0    1  
   0    3    1    0    2  
   0    1    0    3    2  
   0    1    0    2    3  
   1    0    0    3    2  
   1    0    2    3    0  
   1    0    0    2    3  
   1    0    0    3    2  
   3    1    0    2    0  
   0    1    2    0    3  
   3    2    0    0    1  
   0    1    0    2    3  
   3    0    2    1    0  
   0    1    2    3    0  
   0    1    0    2    3  
   1    0    0    3    2  
   1    2    0    3    0  
   0    1    3    2    0  
   2    0    1    0    3  
   2    1    3    0    0  
   0    1    2    0    3  
   0    2    1    0    3  
   3    2    0    0    1  
   0    2    3    1    0  
   0    1    3    0    2  
   1    2    0    3    0  
   2    0    0    3    1  
   0    2    3    1    0  
   3    0    2    0    1  
   0    3    2    1    0  
   0    3    0    1    2  ] 
RESERVATION PRICES : [    8    0    7    7    0  
   9    0    8    9    0  
   0   13   11   14    0  
  17    0    0   16   16  
   0    0   15   16   18  
  24   25    0    0   22  
  26    0   30    0   30  
  35   29    0   30    0  
  35   33    0    0   31  
  37    0    0   42   41  
  39   46   48    0    0  
  44   45    0    0   50  
  46   39   46    0    0  
  60   51   54    0    0  
   0    0   46   44   46  
  65   49    0   53    0  
  67    0   58   49    0  
  67    0   57   60    0  
   0   72   77    0   65  
   0    0   69   60   75  
  84    0    0   79   84  
  84    0    0   82   79  
  72   66   76    0    0  
  77   94    0   72    0  
  84    0   81   90    0  
   0   83   97   94    0  
  94    0  103   94    0  
  86  100    0    0   91  
  96   87    0  110    0  
  88    0  112   92    0  
 100    0   98  112    0  
   0    0  102   90   98  
 101    0  100  117    0  
   0  118  100   96    0  
 126    0    0  119  115  
 103  123    0    0  127  
   0  110  128  106    0  
 139  117    0    0  128  
   0  140    0  107  125  
 122    0  131  126    0  
   0  119  135  110    0  
 130    0  136    0  129  
   0  156  144    0  149  
 159    0  135  133    0  
   0    0  132  136  139  
   0  133  160  139    0  
 151    0  145    0  135  
 168  170  154    0    0  
 139  149    0    0  174  
 148  175    0    0  158  
 164    0    0  178  170  
 190  171  147    0    0  
 179    0    0  161  164  
 145    0    0  185  187  
 177    0  188  180    0  
 149  205    0    0  205  
 182  153    0  186    0  
   0  200  192    0  213  
 213  164    0  171    0  
   0  216  177    0  212  
 223  199    0  185    0  
 184  227    0  196    0  
   0  171  224    0  192  
 226  204    0  216    0  
   0  194  187  178    0  
 222    0  181    0  186  
 205  219    0    0  185  
   0  212  237    0  214  
   0    0  247  251  245  
 254    0    0  191  195  
 211    0  243  212    0  
   0  266  240  257    0  
 235    0  266    0  223  
 277    0  254    0  283  
   0  265    0  243  227  
 288    0    0  236  258  
 249  229    0    0  267  
   0  257    0  275  254  
 223  234    0    0  240  
   0  301  310  300    0  
 278  231    0    0  294  
 320  274    0  252    0  
   0  243    0  297  255  
   0  331  309  288    0  
   0  275    0  269  253  
 282    0  305    0  266  
   0  289  266    0  334  
 276  311    0    0  251  
 252    0  293  258    0  
   0  340  300    0  251  
 324    0  326  306    0  
 309  283    0    0  335  
 318    0    0  337  316  
 313    0    0  344  360  
 327    0  344    0  299  
   0  322  289    0  322  
   0  300    0  323  330  
   0  328    0  375  279  
 283    0    0  358  366  
 332    0  327  309    0  
 342    0    0  366  379  
 395    0    0  400  380  
 393  313    0  333    0  
   0  336  322    0  358  
 319  380    0    0  298  
   0  338    0  396  376  
 382    0  364  386    0  
   0  332  307  327    0  
   0  384    0  399  333  
 354    0    0  330  382  
 379  415    0  385    0  
   0  389  412  353    0  
 323    0  344    0  348  
 348  387  400    0    0  
   0  379  431    0  353  
   0  414  328    0  316  
 396  339    0    0  433  
   0  439  391  359    0  
   0  438  442    0  425  
 324  339    0  385    0  
 427    0    0  359  361  
   0  370  341  444    0  
 370    0  429    0  363  
   0  392  335  427    0  
   0  355    0  397  469  ] 
 ] 
