K : 50
I : 5
C : 8
INSTANCE : 4
PREFERENCES : [    3    0    0    1    2  
   2    0    3    1    0  
   0    2    1    0    3  
   0    2    0    1    3  
   0    2    1    3    0  
   3    1    0    2    0  
   3    0    2    0    1  
   2    3    1    0    0  
   2    0    3    1    0  
   2    0    3    0    1  
   0    0    1    3    2  
   1    0    2    3    0  
   0    2    1    0    3  
   0    1    2    0    3  
   0    3    0    2    1  
   2    0    3    0    1  
   1    0    0    2    3  
   3    1    2    0    0  
   0    1    3    0    2  
   0    3    1    0    2  
   0    3    1    0    2  
   1    0    0    3    2  
   2    3    0    1    0  
   0    3    0    2    1  
   0    1    0    2    3  
   3    1    0    2    0  
   2    1    0    0    3  
   2    0    0    3    1  
   0    0    2    1    3  
   0    3    1    2    0  
   0    0    2    3    1  
   0    2    3    1    0  
   1    3    0    0    2  
   3    0    2    0    1  
   0    0    1    3    2  
   3    0    2    1    0  
   1    3    0    2    0  
   2    1    0    0    3  
   0    1    0    3    2  
   2    3    1    0    0  
   1    0    0    3    2  
   0    3    1    0    2  
   0    3    0    1    2  
   2    0    3    0    1  
   3    0    1    0    2  
   1    2    3    0    0  
   1    2    0    0    3  
   2    0    0    1    3  
   1    0    0    3    2  
   3    2    0    0    1  ] 
RESERVATION PRICES : [    5    0    0    5    6  
  12    0   11   10    0  
   0   16   15    0   14  
   0   17    0   15   20  
   0   20   15   19    0  
  21   22    0   27    0  
  28    0   21    0   24  
  26   31   29    0    0  
  29    0   31   36    0  
  31    0   34    0   32  
   0    0   34   42   43  
  37    0   47   41    0  
   0   47   50    0   53  
   0   54   51    0   50  
   0   53    0   60   53  
  69    0   68    0   55  
  72    0    0   59   53  
  77   61   78    0    0  
   0   79   62    0   68  
   0   77   70    0   66  
   0   86   78    0   70  
  76    0    0   81   87  
  74   80    0   78    0  
   0   90    0   98   85  
   0   92    0   93   81  
 108   91    0   90    0  
 104  104    0    0  107  
  99    0    0  105  118  
   0    0   86  110   97  
   0  118  101  118    0  
   0    0   96   99  110  
   0  119  109  104    0  
 115  114    0    0  105  
 130    0  126    0  121  
   0    0  111  119  111  
 103    0  127  109    0  
 126  114    0  105    0  
 122  111    0    0  140  
   0  110    0  139  133  
 113  150  140    0    0  
 139    0    0  108  126  
   0  131  111    0  147  
   0  140    0  122  112  
 126    0  154    0  121  
 136    0  136    0  135  
 144  146  168    0    0  
 150  161    0    0  172  
 150    0    0  160  145  
 171    0    0  137  167  
 163  152    0    0  184  ] 
 ] 
