K : 150
I : 15
C : 30
INSTANCE : 3
PREFERENCES : [    1    3    0    0    0    0    0    0    0    2    0    0    0    5    4  
   3    2    0    5    0    0    0    0    0    4    0    0    0    1    0  
   0    1    0    0    4    3    0    5    0    0    0    0    0    0    2  
   3    0    2    0    0    5    0    1    0    0    0    0    0    4    0  
   0    0    2    5    0    0    0    0    0    0    3    1    0    0    4  
   0    0    0    5    2    0    4    0    1    0    0    0    0    0    3  
   5    0    0    3    0    0    0    0    0    4    2    1    0    0    0  
   4    1    2    0    0    5    0    0    0    0    0    0    0    3    0  
   0    1    0    0    0    5    2    0    4    3    0    0    0    0    0  
   2    0    0    0    0    0    3    0    1    0    5    0    4    0    0  
   0    0    4    0    0    0    0    2    5    1    0    3    0    0    0  
   5    0    0    3    0    0    0    0    2    4    0    0    0    1    0  
   0    0    4    2    0    0    3    5    0    0    0    0    1    0    0  
   0    0    0    0    2    0    0    5    0    1    0    4    0    3    0  
   0    0    0    0    4    3    2    0    0    0    0    0    0    1    5  
   3    0    0    4    0    0    0    0    2    0    0    1    0    0    5  
   5    0    0    4    0    0    0    0    2    3    1    0    0    0    0  
   0    0    5    0    0    0    0    0    4    2    3    0    1    0    0  
   0    0    0    3    0    1    2    0    0    0    0    4    0    0    5  
   0    0    3    5    0    0    0    0    0    4    1    0    0    2    0  
   0    0    0    1    0    4    0    0    0    0    2    0    5    3    0  
   0    3    0    0    0    1    2    0    4    5    0    0    0    0    0  
   0    4    2    1    0    0    0    0    5    0    0    3    0    0    0  
   3    1    2    0    5    0    0    0    0    4    0    0    0    0    0  
   0    0    0    1    0    5    0    2    0    0    0    3    0    4    0  
   5    0    0    0    0    0    0    1    0    0    3    0    2    0    4  
   4    0    0    0    5    0    0    0    1    0    0    0    0    2    3  
   4    5    0    0    0    1    0    2    0    0    0    0    3    0    0  
   0    0    0    0    0    0    1    0    3    0    2    5    0    4    0  
   2    0    4    3    0    0    0    1    0    0    0    0    0    0    5  
   0    0    0    0    1    0    0    0    0    0    4    0    3    2    5  
   2    0    0    0    0    0    5    0    1    0    0    0    4    0    3  
   0    0    3    5    0    0    0    0    0    2    0    4    0    0    1  
   3    0    0    4    0    0    0    0    1    2    0    5    0    0    0  
   0    4    0    0    2    0    0    5    0    3    0    0    1    0    0  
   0    0    0    3    0    4    0    0    2    5    0    0    1    0    0  
   4    0    0    0    0    1    2    0    5    0    3    0    0    0    0  
   0    1    5    0    0    0    0    4    0    0    2    0    3    0    0  
   4    0    0    0    0    5    3    2    0    0    1    0    0    0    0  
   0    2    0    0    5    0    0    3    0    4    0    0    1    0    0  
   0    0    5    4    0    0    0    0    3    1    2    0    0    0    0  
   4    0    1    0    3    0    2    0    0    0    5    0    0    0    0  
   3    0    0    0    0    1    5    4    0    0    2    0    0    0    0  
   0    2    0    0    0    3    0    0    4    0    0    0    1    0    5  
   4    1    0    2    5    0    0    0    0    3    0    0    0    0    0  
   0    0    2    0    0    0    5    0    1    0    0    0    0    4    3  
   5    0    2    0    0    0    1    0    0    0    0    4    3    0    0  
   0    0    2    3    0    0    0    0    0    0    4    1    0    5    0  
   0    0    3    0    0    0    0    5    1    0    2    0    0    4    0  
   0    5    1    2    0    0    4    0    0    0    0    0    0    0    3  
   0    0    0    0    0    5    0    0    0    4    3    0    1    2    0  
   0    1    3    0    2    0    0    4    0    0    0    0    0    0    5  
   4    0    0    0    0    5    2    1    0    3    0    0    0    0    0  
   0    3    5    0    0    0    0    1    4    0    0    0    2    0    0  
   0    0    0    5    0    0    4    0    0    0    0    1    2    0    3  
   3    0    0    0    0    0    0    2    5    4    0    0    0    1    0  
   0    0    0    0    3    0    4    5    0    1    0    2    0    0    0  
   0    2    0    5    3    0    0    0    4    0    0    0    0    1    0  
   0    0    0    0    4    2    3    0    0    0    1    0    0    0    5  
   4    5    3    0    0    2    1    0    0    0    0    0    0    0    0  
   2    0    0    3    0    0    0    0    1    4    0    0    5    0    0  
   0    0    3    0    4    0    0    0    2    0    0    0    0    5    1  
   4    2    0    0    1    0    5    0    0    0    3    0    0    0    0  
   0    0    0    0    2    0    1    0    0    0    4    5    0    3    0  
   0    2    5    4    0    0    0    0    1    0    3    0    0    0    0  
   0    0    0    0    0    5    0    4    0    1    3    0    0    0    2  
   0    2    0    0    0    0    0    5    0    4    3    0    0    1    0  
   0    4    5    0    1    3    0    0    0    0    0    0    2    0    0  
   0    0    4    1    0    0    0    0    0    0    0    0    2    5    3  
   0    0    4    2    5    0    0    0    3    0    0    1    0    0    0  
   0    0    5    4    0    0    0    0    0    3    0    0    0    1    2  
   0    0    0    0    0    0    3    0    0    0    5    2    4    0    1  
   0    0    0    3    2    0    0    0    0    0    4    0    0    5    1  
   5    1    2    4    0    0    0    0    0    0    0    0    0    0    3  
   2    0    0    0    0    0    0    5    3    0    4    0    1    0    0  
   0    0    0    1    0    0    0    3    0    0    5    2    4    0    0  
   0    0    4    0    5    3    0    2    0    0    0    0    0    0    1  
   0    0    0    0    0    1    3    0    2    0    0    0    0    5    4  
   1    2    0    0    0    0    0    4    3    0    5    0    0    0    0  
   3    4    0    0    1    5    0    0    0    0    0    0    0    0    2  
   0    0    5    0    0    0    0    2    1    3    0    0    0    0    4  
   0    0    0    0    1    0    3    5    2    0    4    0    0    0    0  
   0    1    5    2    0    0    0    0    4    0    0    0    3    0    0  
   0    0    0    0    0    0    3    5    0    1    2    0    0    0    4  
   0    5    0    0    0    0    0    0    1    0    4    0    2    0    3  
   0    4    0    0    0    0    0    0    0    3    0    2    0    5    1  
   0    0    0    1    0    0    4    0    2    0    5    0    3    0    0  
   5    0    0    0    0    1    3    0    2    0    0    0    0    4    0  
   0    0    1    0    0    0    0    0    0    3    0    4    0    5    2  
   0    0    5    0    2    0    0    0    0    1    3    0    4    0    0  
   3    1    0    0    0    0    0    0    5    2    0    0    0    4    0  
   0    0    3    0    0    5    0    0    0    4    0    0    2    1    0  
   0    3    0    0    0    2    0    0    1    0    0    4    0    0    5  
   0    0    0    1    2    3    0    0    0    5    0    0    0    0    4  
   1    2    0    4    0    0    3    0    0    5    0    0    0    0    0  
   0    0    4    2    0    0    0    5    3    1    0    0    0    0    0  
   0    0    1    0    0    0    0    2    5    0    0    3    0    4    0  
   0    0    4    0    0    0    0    0    0    0    5    0    2    1    3  
   0    0    0    0    3    0    0    0    5    2    1    0    4    0    0  
   0    0    0    0    0    0    0    5    2    3    1    0    4    0    0  
   1    0    0    0    0    3    5    0    2    0    0    0    0    4    0  
   0    0    3    4    0    2    1    0    0    0    0    5    0    0    0  
   0    0    1    0    0    5    0    0    4    0    2    0    0    3    0  
   4    0    0    0    0    0    0    3    0    0    0    2    5    0    1  
   0    4    1    0    0    5    0    2    0    0    3    0    0    0    0  
   0    0    0    0    0    0    1    5    3    2    0    0    0    4    0  
   0    0    1    0    0    0    0    5    0    0    3    2    4    0    0  
   4    0    0    0    0    0    0    2    0    3    0    5    1    0    0  
   0    0    1    0    3    0    0    0    2    4    0    0    0    0    5  
   4    0    0    0    1    0    0    5    0    0    0    2    3    0    0  
   0    3    2    0    4    0    0    0    0    0    0    0    5    0    1  
   2    0    0    5    3    0    0    0    4    0    0    0    1    0    0  
   0    0    0    0    4    0    3    0    2    0    1    0    0    0    5  
   5    3    2    0    0    4    0    0    0    0    0    0    0    1    0  
   0    4    0    1    0    0    5    0    0    3    2    0    0    0    0  
   0    5    0    0    0    0    1    0    0    4    0    3    2    0    0  
   2    0    0    0    0    0    0    0    0    4    1    0    3    0    5  
   0    0    0    1    0    0    0    0    0    5    3    0    0    2    4  
   0    5    0    1    0    0    0    3    0    0    0    2    0    0    4  
   0    5    3    0    0    0    2    0    0    0    1    0    0    4    0  
   3    5    0    0    0    2    0    0    4    0    0    1    0    0    0  
   0    0    0    0    0    0    0    3    5    0    4    0    0    2    1  
   0    2    0    0    3    0    0    1    0    5    0    0    0    0    4  
   0    0    0    0    1    0    2    0    3    4    0    0    5    0    0  
   0    0    0    4    0    3    0    0    0    0    1    5    0    2    0  
   0    0    4    0    0    0    3    5    1    0    2    0    0    0    0  
   0    1    0    0    0    0    5    0    3    0    2    0    4    0    0  
   2    0    0    0    0    5    0    0    0    0    3    1    0    4    0  
   4    0    5    0    0    0    0    0    3    0    2    0    0    1    0  
   4    0    0    0    3    1    0    0    0    2    0    0    0    5    0  
   0    2    3    0    0    5    0    0    0    4    0    0    0    0    1  
   0    0    0    0    1    0    3    2    5    0    0    0    0    0    4  
   3    0    0    0    4    0    0    0    0    5    0    2    0    0    1  
   0    0    0    5    4    0    0    0    3    0    0    0    1    2    0  
   3    1    0    0    0    0    2    0    0    4    0    5    0    0    0  
   0    1    0    2    5    0    0    0    0    0    0    3    0    4    0  
   0    0    0    5    4    0    0    0    0    0    0    1    2    0    3  
   2    0    0    0    0    5    0    3    0    4    0    0    0    1    0  
   3    1    0    4    0    0    0    0    2    5    0    0    0    0    0  
   3    0    1    4    0    5    0    0    0    2    0    0    0    0    0  
   0    0    2    3    0    0    0    4    0    0    0    0    0    5    1  
   3    0    0    0    4    0    0    0    0    2    0    1    5    0    0  
   0    0    2    0    4    0    0    0    0    3    0    0    1    0    5  
   2    5    0    3    0    0    0    0    4    0    0    0    0    1    0  
   0    0    2    0    3    4    0    0    1    0    0    0    0    0    5  
   0    0    0    4    0    3    5    0    0    0    0    0    1    0    2  
   0    0    5    4    0    3    0    0    2    0    0    1    0    0    0  
   0    0    0    4    0    3    2    0    0    0    0    0    0    1    5  
   0    2    0    0    1    0    0    0    0    0    3    4    0    5    0  
   0    0    0    0    1    0    4    3    2    0    0    0    0    0    5  ] 
RESERVATION PRICES : [   10    9    0    0    0    0    0    0    0    9    0    0    0    9    9  
  14   12    0   11    0    0    0    0    0   11    0    0    0   13    0  
   0   12    0    0   11   13    0   11    0    0    0    0    0    0   14  
  15    0   17    0    0   18    0   17    0    0    0    0    0   18    0  
   0    0   19   19    0    0    0    0    0    0   18   23    0    0   18  
   0    0    0   25   26    0   22    0   26    0    0    0    0    0   26  
  28    0    0   27    0    0    0    0    0   33   24   31    0    0    0  
  33   32   34    0    0   32    0    0    0    0    0    0    0   35    0  
   0   36    0    0    0   29   37    0   38   34    0    0    0    0    0  
  31    0    0    0    0    0   38    0   32    0   35    0   33    0    0  
   0    0   44    0    0    0    0   39   39   44    0   42    0    0    0  
  46    0    0   46    0    0    0    0   36   39    0    0    0   38    0  
   0    0   43   40    0    0   40   50    0    0    0    0   40    0    0  
   0    0    0    0   50    0    0   51    0   40    0   50    0   46    0  
   0    0    0    0   42   39   54    0    0    0    0    0    0   49   39  
  54    0    0   46    0    0    0    0   52    0    0   52    0    0   46  
  63    0    0   58    0    0    0    0   50   61   61    0    0    0    0  
   0    0   66    0    0    0    0    0   58   55   59    0   58    0    0  
   0    0    0   55    0   65   72    0    0    0    0   71    0    0   52  
   0    0   65   62    0    0    0    0    0   56   66    0    0   60    0  
   0    0    0   58    0   65    0    0    0    0   64    0   63   60    0  
   0   76    0    0    0   66   61    0   61   64    0    0    0    0    0  
   0   72   70   67    0    0    0    0   81    0    0   71    0    0    0  
  70   85   91    0   69    0    0    0    0   80    0    0    0    0    0  
   0    0    0   74    0   95    0   90    0    0    0   80    0   85    0  
  97    0    0    0    0    0    0   82    0    0   87    0   83    0   78  
  77    0    0    0   77    0    0    0   80    0    0    0    0   77   97  
  98  107    0    0    0  104    0  102    0    0    0    0   98    0    0  
   0    0    0    0    0    0  111    0   94    0  110  100    0  108    0  
  97    0  101   98    0    0    0  115    0    0    0    0    0    0   88  
   0    0    0    0   88    0    0    0    0    0   91    0  104   87   89  
 103    0    0    0    0    0   95    0  102    0    0    0   97    0   99  
   0    0   97  129    0    0    0    0    0  116    0  119    0    0  113  
 129    0    0  123    0    0    0    0  105   96    0  114    0    0    0  
   0  113    0    0  123    0    0  120    0  121    0    0  106    0    0  
   0    0    0  126    0  135    0    0  125  133    0    0  122    0    0  
 139    0    0    0    0  122  133    0  137    0  108    0    0    0    0  
   0  128  111    0    0    0    0  149    0    0  143    0  147    0    0  
 141    0    0    0    0  134  112  118    0    0  116    0    0    0    0  
   0  125    0    0  152    0    0  157    0  134    0    0  130    0    0  
   0    0  118  162    0    0    0    0  146  140  150    0    0    0    0  
 120    0  127    0  140    0  144    0    0    0  162    0    0    0    0  
 145    0    0    0    0  147  154  147    0    0  171    0    0    0    0  
   0  177    0    0    0  131    0    0  154    0    0    0  155    0  137  
 142  155    0  157  150    0    0    0    0  175    0    0    0    0    0  
   0    0  145    0    0    0  178    0  148    0    0    0    0  150  170  
 152    0  147    0    0    0  176    0    0    0    0  132  179    0    0  
   0    0  155  184    0    0    0    0    0    0  152  143    0  163    0  
   0    0  133    0    0    0    0  156  147    0  165    0    0  143    0  
   0  185  173  152    0    0  142    0    0    0    0    0    0    0  175  
   0    0    0    0    0  149    0    0    0  164  174    0  140  160    0  
   0  172  169    0  151    0    0  177    0    0    0    0    0    0  186  
 176    0    0    0    0  167  198  173    0  180    0    0    0    0    0  
   0  173  169    0    0    0    0  188  169    0    0    0  156    0    0  
   0    0    0  197    0    0  182    0    0    0    0  206  163    0  160  
 197    0    0    0    0    0    0  183  154  169    0    0    0  156    0  
   0    0    0    0  172    0  199  187    0  197    0  161    0    0    0  
   0  215    0  194  212    0    0    0  215    0    0    0    0  203    0  
   0    0    0    0  216  163  167    0    0    0  160    0    0    0  194  
 197  195  223    0    0  179  174    0    0    0    0    0    0    0    0  
 197    0    0  227    0    0    0    0  205  180    0    0  177    0    0  
   0    0  230    0  200    0    0    0  180    0    0    0    0  207  172  
 216  218    0    0  216    0  208    0    0    0  215    0    0    0    0  
   0    0    0    0  230    0  191    0    0    0  200  173    0  203    0  
   0  212  241  226    0    0    0    0  200    0  246    0    0    0    0  
   0    0    0    0    0  188    0  224    0  228  226    0    0    0  205  
   0  225    0    0    0    0    0  200    0  252  241    0    0  241    0  
   0  213  212    0  248  233    0    0    0    0    0    0  202    0    0  
   0    0  257  209    0    0    0    0    0    0    0    0  208  203  215  
   0    0  209  218  245    0    0    0  257    0    0  251    0    0    0  
   0    0  230  237    0    0    0    0    0  266    0    0    0  212  231  
   0    0    0    0    0    0  228    0    0    0  248  251  259    0  267  
   0    0    0  279  203    0    0    0    0    0  265    0    0  245  257  
 211  240  247  227    0    0    0    0    0    0    0    0    0    0  226  
 224    0    0    0    0    0    0  223  258    0  241    0  274    0    0  
   0    0    0  254    0    0    0  219    0    0  236  264  237    0    0  
   0    0  269    0  273  269    0  263    0    0    0    0    0    0  236  
   0    0    0    0    0  298  232    0  234    0    0    0    0  269  274  
 281  236    0    0    0    0    0  241  242    0  251    0    0    0    0  
 242  228    0    0  245  277    0    0    0    0    0    0    0    0  291  
   0    0  263    0    0    0    0  258  264  245    0    0    0    0  226  
   0    0    0    0  255    0  241  256  248    0  248    0    0    0    0  
   0  279  286  236    0    0    0    0  242    0    0    0  278    0    0  
   0    0    0    0    0    0  233  318    0  241  298    0    0    0  247  
   0  263    0    0    0    0    0    0  281    0  244    0  317    0  240  
   0  307    0    0    0    0    0    0    0  298    0  247    0  314  242  
   0    0    0  282    0    0  299    0  257    0  313    0  267    0    0  
 256    0    0    0    0  334  307    0  292    0    0    0    0  329    0  
   0    0  264    0    0    0    0    0    0  325    0  289    0  270  249  
   0    0  258    0  324    0    0    0    0  339  310    0  282    0    0  
 291  252    0    0    0    0    0    0  326  327    0    0    0  325    0  
   0    0  278    0    0  250    0    0    0  258    0    0  340  290    0  
   0  338    0    0    0  330    0    0  316    0    0  325    0    0  272  
   0    0    0  354  323  308    0    0    0  330    0    0    0    0  309  
 307  350    0  315    0    0  353    0    0  294    0    0    0    0    0  
   0    0  362  309    0    0    0  314  317  263    0    0    0    0    0  
   0    0  265    0    0    0    0  299  357    0    0  336    0  307    0  
   0    0  285    0    0    0    0    0    0    0  327    0  356  343  319  
   0    0    0    0  275    0    0    0  288  369  332    0  341    0    0  
   0    0    0    0    0    0    0  295  374  360  336    0  366    0    0  
 280    0    0    0    0  284  309    0  371    0    0    0    0  376    0  
   0    0  362  278    0  328  307    0    0    0    0  332    0    0    0  
   0    0  345    0    0  334    0    0  387    0  357    0    0  319    0  
 361    0    0    0    0    0    0  315    0    0    0  333  348    0  345  
   0  299  331    0    0  281    0  289    0    0  343    0    0    0    0  
   0    0    0    0    0    0  371  382  299  376    0    0    0  292    0  
   0    0  361    0    0    0    0  306    0    0  399  398  359    0    0  
 381    0    0    0    0    0    0  339    0  328    0  322  315    0    0  
   0    0  342    0  328    0    0    0  316  374    0    0    0    0  352  
 299    0    0    0  327    0    0  373    0    0    0  354  305    0    0  
   0  347  301    0  394    0    0    0    0    0    0    0  322    0  335  
 361    0    0  335  389    0    0    0  414    0    0    0  328    0    0  
   0    0    0    0  357    0  306    0  389    0  327    0    0    0  389  
 368  308  317    0    0  323    0    0    0    0    0    0    0  388    0  
   0  384    0  356    0    0  424    0    0  366  393    0    0    0    0  
   0  339    0    0    0    0  377    0    0  329    0  370  328    0    0  
 318    0    0    0    0    0    0    0    0  358  363    0  414    0  387  
   0    0    0  316    0    0    0    0    0  358  382    0    0  399  434  
   0  407    0  368    0    0    0  416    0    0    0  335    0    0  382  
   0  432  371    0    0    0  422    0    0    0  432    0    0  397    0  
 391  398    0    0    0  416    0    0  382    0    0  403    0    0    0  
   0    0    0    0    0    0    0  352  344    0  338    0    0  321  439  
   0  366    0    0  376    0    0  390    0  357    0    0    0    0  412  
   0    0    0    0  364    0  345    0  349  398    0    0  333    0    0  
   0    0    0  334    0  419    0    0    0    0  459  363    0  367    0  
   0    0  377    0    0    0  412  362  391    0  393    0    0    0    0  
   0  377    0    0    0    0  427    0  379    0  433    0  465    0    0  
 381    0    0    0    0  384    0    0    0    0  425  394    0  374    0  
 421    0  395    0    0    0    0    0  458    0  384    0    0  359    0  
 402    0    0    0  365  426    0    0    0  478    0    0    0  468    0  
   0  444  428    0    0  388    0    0    0  448    0    0    0    0  394  
   0    0    0    0  450    0  452  455  393    0    0    0    0    0  455  
 449    0    0    0  435    0    0    0    0  426    0  380    0    0  390  
   0    0    0  462  384    0    0    0  444    0    0    0  436  487    0  
 412  429    0    0    0    0  487    0    0  464    0  483    0    0    0  
   0  390    0  433  408    0    0    0    0    0    0  503    0  409    0  
   0    0    0  499  484    0    0    0    0    0    0  383  434    0  497  
 417    0    0    0    0  462    0  438    0  500    0    0    0  438    0  
 436  460    0  519    0    0    0    0  454  407    0    0    0    0    0  
 522    0  469  490    0  476    0    0    0  474    0    0    0    0    0  
   0    0  420  477    0    0    0  376    0    0    0    0    0  440  458  
 399    0    0    0  512    0    0    0    0  386    0  420  439    0    0  
   0    0  387    0  419    0    0    0    0  410    0    0  393    0  425  
 527  432    0  447    0    0    0    0  394    0    0    0    0  420    0  
   0    0  477    0  418  541    0    0  530    0    0    0    0    0  403  
   0    0    0  435    0  493  437    0    0    0    0    0  396    0  543  
   0    0  540  508    0  403    0    0  431    0    0  416    0    0    0  
   0    0    0  531    0  439  471    0    0    0    0    0    0  481  500  
   0  557    0    0  415    0    0    0    0    0  452  470    0  425    0  
   0    0    0    0  519    0  480  474  496    0    0    0    0    0  538  ] 
 ] 
