K : 125
I : 5
C : 13
INSTANCE : 4
PREFERENCES : [    0    2    1    0    3  
   0    2    0    1    3  
   1    0    2    3    0  
   2    1    0    0    3  
   2    3    0    0    1  
   3    2    1    0    0  
   0    0    3    1    2  
   0    0    3    2    1  
   2    0    0    3    1  
   0    1    2    3    0  
   0    2    1    0    3  
   2    3    1    0    0  
   0    0    2    3    1  
   0    0    1    2    3  
   3    0    1    0    2  
   2    0    0    1    3  
   1    3    0    2    0  
   1    0    0    2    3  
   2    1    0    3    0  
   2    1    0    0    3  
   1    0    2    0    3  
   0    1    0    3    2  
   0    1    3    2    0  
   0    3    1    2    0  
   0    3    1    2    0  
   0    2    0    3    1  
   3    0    2    0    1  
   0    2    1    3    0  
   0    0    3    1    2  
   0    2    0    1    3  
   3    0    2    1    0  
   2    3    1    0    0  
   3    2    0    0    1  
   2    0    1    3    0  
   1    3    0    0    2  
   2    1    0    0    3  
   2    0    3    1    0  
   2    1    3    0    0  
   0    1    0    2    3  
   1    0    2    0    3  
   0    3    0    2    1  
   3    0    1    0    2  
   0    1    3    0    2  
   2    0    0    1    3  
   2    1    3    0    0  
   0    0    2    1    3  
   1    3    0    2    0  
   0    2    0    1    3  
   1    0    3    0    2  
   0    0    2    1    3  
   3    1    0    0    2  
   3    2    0    0    1  
   3    0    2    0    1  
   1    0    2    0    3  
   2    0    1    0    3  
   0    2    3    0    1  
   1    0    3    2    0  
   0    0    1    2    3  
   0    0    2    1    3  
   0    1    3    2    0  
   3    2    1    0    0  
   0    1    2    0    3  
   1    0    3    2    0  
   3    0    1    2    0  
   2    1    0    0    3  
   2    3    0    0    1  
   1    0    0    2    3  
   1    0    2    0    3  
   3    1    2    0    0  
   0    0    1    3    2  
   0    2    0    1    3  
   2    0    3    1    0  
   1    0    3    0    2  
   3    1    0    0    2  
   0    3    1    2    0  
   0    1    0    2    3  
   0    2    1    0    3  
   2    0    3    1    0  
   0    3    2    1    0  
   2    0    0    1    3  
   0    2    1    3    0  
   0    2    1    3    0  
   2    1    3    0    0  
   1    2    0    3    0  
   2    3    0    1    0  
   1    2    3    0    0  
   0    1    3    0    2  
   0    3    0    2    1  
   2    0    3    0    1  
   3    1    0    0    2  
   0    3    0    1    2  
   0    0    2    3    1  
   2    1    0    0    3  
   0    1    3    0    2  
   0    2    1    0    3  
   3    0    2    1    0  
   1    3    2    0    0  
   0    0    1    2    3  
   3    0    1    2    0  
   0    2    3    0    1  
   0    1    2    3    0  
   1    0    0    2    3  
   0    1    3    0    2  
   1    3    2    0    0  
   1    0    3    0    2  
   2    0    3    0    1  
   0    1    0    2    3  
   2    1    0    0    3  
   3    0    2    0    1  
   0    1    0    3    2  
   0    0    1    3    2  
   1    2    0    3    0  
   1    2    0    0    3  
   0    3    2    1    0  
   2    1    0    3    0  
   2    0    3    1    0  
   2    0    3    0    1  
   1    0    0    2    3  
   3    2    0    1    0  
   3    1    0    0    2  
   2    1    0    0    3  
   0    3    0    2    1  
   0    2    3    0    1  
   0    0    3    2    1  
   3    1    2    0    0  ] 
RESERVATION PRICES : [    0    9    8    0    8  
   0   10    0    9   10  
   9    0    9   11    0  
  17   16    0    0   14  
  17   16    0    0   19  
  19   18   17    0    0  
   0    0   22   26   26  
   0    0   31   33   29  
  27    0    0   33   32  
   0   33   31   33    0  
   0   31   34    0   33  
  37   37   32    0    0  
   0    0   44   40   38  
   0    0   35   43   35  
  44    0   42    0   39  
  43    0    0   49   40  
  59   48    0   55    0  
  54    0    0   48   61  
  68   56    0   67    0  
  54   55    0    0   61  
  72    0   76    0   65  
   0   59    0   81   71  
   0   69   73   63    0  
   0   75   67   73    0  
   0   86   77   75    0  
   0   81    0   88   93  
  92    0   76    0   92  
   0   78   78   87    0  
   0    0  100   87   89  
   0   93    0   87   89  
  85    0   80  108    0  
 113  113  101    0    0  
  95  116    0    0   92  
 122    0  111  120    0  
  99   93    0    0  120  
 121  103    0    0  119  
 129    0  102  124    0  
 110  111  124    0    0  
   0  131    0  104  112  
 128    0  132    0  102  
   0  119    0  144  116  
 146    0  110    0  113  
   0  125  145    0  149  
 151    0    0  145  122  
 131  137  116    0    0  
   0    0  142  127  158  
 126  140    0  133    0  
   0  168    0  153  147  
 137    0  159    0  135  
   0    0  175  156  135  
 141  161    0    0  176  
 162  179    0    0  177  
 177    0  148    0  153  
 191    0  167    0  154  
 197    0  163    0  194  
   0  171  174    0  192  
 213    0  169  173    0  
   0    0  212  182  201  
   0    0  159  158  179  
   0  161  196  159    0  
 175  193  204    0    0  
   0  195  195    0  211  
 167    0  179  168    0  
 214    0  178  177    0  
 181  200    0    0  215  
 196  235    0    0  218  
 219    0    0  193  221  
 207    0  214    0  201  
 208  227  242    0    0  
   0    0  233  260  209  
   0  192    0  202  263  
 220    0  225  223    0  
 211    0  214    0  260  
 275  215    0    0  264  
   0  207  266  244    0  
   0  233    0  238  237  
   0  223  265    0  229  
 220    0  241  247    0  
   0  223  220  280    0  
 247    0    0  241  272  
   0  255  231  298    0  
   0  227  304  227    0  
 230  288  296    0    0  
 278  279    0  279    0  
 263  245    0  282    0  
 254  261  286    0    0  
   0  307  291    0  277  
   0  235    0  269  278  
 280    0  266    0  288  
 243  309    0    0  260  
   0  322    0  293  253  
   0    0  327  297  260  
 249  255    0    0  298  
   0  339  329    0  261  
   0  283  318    0  350  
 325    0  346  347    0  
 316  342  337    0    0  
   0    0  284  303  279  
 278    0  322  322    0  
   0  298  272    0  312  
   0  370  283  303    0  
 347    0    0  334  342  
   0  313  277    0  346  
 364  334  377    0    0  
 376    0  376    0  357  
 336    0  335    0  278  
   0  322    0  345  340  
 360  374    0    0  358  
 307    0  354    0  336  
   0  358    0  320  387  
   0    0  345  382  359  
 330  388    0  308    0  
 367  295    0    0  371  
   0  384  305  319    0  
 404  324    0  342    0  
 390    0  385  421    0  
 332    0  315    0  335  
 354    0    0  361  427  
 320  389    0  355    0  
 350  372    0    0  408  
 337  355    0    0  368  
   0  444    0  369  424  
   0  420  404    0  408  
   0    0  356  373  380  
 353  341  445    0    0  ] 
 ] 
