K : 150
I : 10
C : 30
INSTANCE : 3
PREFERENCES : [    0    0    3    2    0    1    0    0    4    5  
   5    0    4    3    0    1    0    2    0    0  
   5    2    0    3    4    0    1    0    0    0  
   2    1    0    4    3    0    0    5    0    0  
   5    4    0    2    3    0    1    0    0    0  
   0    5    0    4    2    0    0    3    0    1  
   0    0    1    3    0    5    2    0    4    0  
   0    3    1    2    0    0    0    5    0    4  
   2    0    0    3    0    1    0    0    5    4  
   0    5    3    0    4    2    1    0    0    0  
   0    0    5    1    0    3    0    0    4    2  
   0    5    2    0    0    0    0    1    4    3  
   1    0    0    4    2    0    3    0    0    5  
   0    2    1    3    0    5    0    0    4    0  
   4    0    0    0    0    0    3    2    1    5  
   2    4    0    0    0    1    3    5    0    0  
   1    3    2    4    0    5    0    0    0    0  
   0    5    0    2    0    0    3    1    4    0  
   1    5    0    4    0    3    0    2    0    0  
   3    0    5    1    0    0    0    4    2    0  
   1    0    4    5    0    3    0    0    0    2  
   0    2    3    1    0    4    5    0    0    0  
   5    4    0    1    0    0    0    0    3    2  
   5    2    0    4    3    0    0    0    0    1  
   0    5    4    0    3    0    0    1    0    2  
   4    3    0    0    1    0    0    2    5    0  
   0    0    1    5    0    0    2    3    4    0  
   0    0    0    1    3    0    5    0    2    4  
   0    0    3    0    2    4    5    0    1    0  
   0    2    0    0    0    3    0    5    1    4  
   4    2    0    0    1    0    0    5    3    0  
   2    5    0    0    3    4    0    0    1    0  
   0    4    2    3    0    1    0    0    0    5  
   5    3    1    0    0    4    0    2    0    0  
   3    0    0    2    5    4    0    0    0    1  
   3    0    0    0    4    5    2    0    0    1  
   5    0    1    0    0    2    0    3    4    0  
   0    0    2    0    1    4    0    5    3    0  
   5    0    0    0    4    3    0    2    0    1  
   0    2    3    0    4    1    0    5    0    0  
   4    2    0    0    0    0    1    3    5    0  
   0    1    2    0    0    0    3    5    4    0  
   0    5    0    1    4    0    2    3    0    0  
   0    1    3    0    2    5    0    0    4    0  
   0    2    1    0    0    5    0    4    3    0  
   1    5    2    0    0    4    0    0    3    0  
   0    0    4    1    0    0    0    3    2    5  
   0    0    0    1    0    0    3    5    4    2  
   0    1    0    5    4    0    3    0    0    2  
   0    4    0    0    1    0    0    5    3    2  
   0    5    0    2    1    4    0    0    3    0  
   5    0    2    0    1    3    0    0    4    0  
   0    2    0    0    4    3    0    1    5    0  
   1    0    4    0    5    0    2    3    0    0  
   3    0    0    0    0    1    4    2    5    0  
   1    0    0    4    5    2    0    0    3    0  
   0    2    0    3    5    4    1    0    0    0  
   2    4    5    0    0    0    0    1    0    3  
   2    0    3    5    1    0    0    0    4    0  
   0    5    0    3    0    0    4    2    0    1  
   5    3    1    2    0    0    4    0    0    0  
   1    0    3    5    2    4    0    0    0    0  
   5    0    2    0    1    0    4    0    3    0  
   0    0    3    1    4    0    5    0    0    2  
   3    2    0    0    0    4    0    1    5    0  
   0    3    0    0    5    0    2    1    0    4  
   2    0    3    5    0    1    4    0    0    0  
   4    0    5    0    3    0    1    0    2    0  
   4    0    0    0    2    1    0    5    0    3  
   3    0    0    5    0    1    2    0    4    0  
   0    5    3    0    0    1    0    4    0    2  
   5    0    2    0    0    3    4    0    0    1  
   0    5    1    3    0    0    4    2    0    0  
   2    5    1    0    0    0    0    0    4    3  
   3    0    0    5    1    0    0    2    0    4  
   0    2    5    0    1    0    0    4    3    0  
   4    0    5    1    2    0    0    3    0    0  
   1    0    0    4    2    5    3    0    0    0  
   3    5    0    1    0    0    4    0    2    0  
   5    2    3    4    0    0    0    1    0    0  
   0    2    0    5    1    3    0    0    0    4  
   0    0    4    1    2    0    3    5    0    0  
   0    1    5    0    2    4    0    3    0    0  
   3    0    4    0    0    0    0    1    2    5  
   3    0    5    2    0    4    0    0    0    1  
   5    0    2    1    0    0    3    0    0    4  
   3    0    0    4    0    1    2    0    0    5  
   3    1    4    0    2    0    0    0    0    5  
   0    1    0    0    0    5    0    2    3    4  
   1    4    0    0    3    5    0    0    0    2  
   0    4    0    1    5    0    0    2    0    3  
   4    0    1    0    5    0    0    0    3    2  
   0    0    4    3    2    5    0    0    1    0  
   0    3    4    0    2    1    5    0    0    0  
   2    0    4    5    0    0    0    3    0    1  
   2    0    0    1    0    0    0    4    5    3  
   1    4    3    5    0    0    0    0    2    0  
   1    0    0    2    0    0    3    0    4    5  
   5    0    0    1    0    0    3    2    4    0  
   0    3    5    0    0    4    0    0    1    2  
   4    3    1    5    0    0    2    0    0    0  
   1    2    5    3    4    0    0    0    0    0  
   0    5    0    0    3    2    0    1    4    0  
   5    4    2    0    3    0    1    0    0    0  
   0    0    1    0    5    2    0    3    0    4  
   2    0    0    1    0    5    0    4    3    0  
   3    4    0    0    0    0    5    1    0    2  
   0    0    2    0    1    5    0    0    3    4  
   3    0    0    0    5    0    2    0    4    1  
   4    0    5    1    2    0    0    3    0    0  
   3    2    0    5    0    0    0    1    4    0  
   4    3    0    2    1    0    0    0    0    5  
   0    1    3    0    0    2    0    4    0    5  
   0    5    4    0    2    0    0    3    1    0  
   0    5    0    2    0    0    3    4    1    0  
   2    0    1    3    5    0    0    0    4    0  
   2    3    0    5    4    1    0    0    0    0  
   0    4    0    2    0    5    1    0    3    0  
   0    1    0    5    0    4    2    0    3    0  
   0    1    3    0    0    0    5    2    4    0  
   4    2    1    0    0    0    5    3    0    0  
   2    4    0    0    1    0    0    5    0    3  
   1    0    3    5    0    4    0    0    0    2  
   0    0    0    2    4    3    1    0    0    5  
   0    0    2    1    0    4    0    5    0    3  
   0    5    3    2    1    0    0    4    0    0  
   0    0    1    5    4    2    0    0    3    0  
   0    2    0    0    5    1    3    0    0    4  
   0    0    5    0    2    3    1    0    4    0  
   0    2    5    4    0    0    0    1    3    0  
   1    2    4    3    0    0    0    0    0    5  
   0    4    0    5    0    1    3    0    2    0  
   2    5    0    0    0    0    0    1    3    4  
   0    0    5    3    0    2    0    1    0    4  
   1    4    0    0    0    5    2    0    3    0  
   4    1    0    0    0    2    5    0    3    0  
   4    0    0    0    5    2    0    0    3    1  
   4    0    2    0    0    5    1    0    0    3  
   0    5    0    4    2    0    0    3    0    1  
   0    0    1    2    0    0    5    4    3    0  
   0    0    0    2    1    0    0    4    3    5  
   0    3    0    0    0    0    2    4    5    1  
   3    0    5    4    0    2    0    1    0    0  
   3    5    0    0    4    0    0    0    1    2  
   2    0    4    0    0    1    5    3    0    0  
   2    0    0    0    0    5    1    3    4    0  
   0    5    0    0    0    2    3    0    4    1  
   1    0    0    4    0    0    5    3    2    0  
   4    2    0    5    0    3    0    0    0    1  
   0    3    0    1    0    4    5    0    0    2  ] 
RESERVATION PRICES : [    0    0   10    8    0   10    0    0   10    8  
  10    0   10    8    0    9    0    9    0    0  
  13   10    0   13   11    0   12    0    0    0  
  12   13    0   14   14    0    0   16    0    0  
  22   22    0   17   20    0   19    0    0    0  
   0   20    0   22   23    0    0   23    0   21  
   0    0   20   21    0   24   24    0   19    0  
   0   29   30   30    0    0    0   29    0   22  
  28    0    0   26    0   33    0    0   30   34  
   0   36   36    0   35   41   37    0    0    0  
   0    0   39   41    0   37    0    0   39   44  
   0   43   46    0    0    0    0   41   41   36  
  45    0    0   44   38    0   48    0    0   41  
   0   48   44   40    0   49    0    0   40    0  
  48    0    0    0    0    0   52   45   45   49  
  54   56    0    0    0   53   54   51    0    0  
  50   48   48   53    0   46    0    0    0    0  
   0   52    0   59    0    0   67   59   65    0  
  56   66    0   59    0   55    0   71    0    0  
  69    0   67   60    0    0    0   61   63    0  
  75    0   67   62    0   80    0    0    0   79  
   0   83   86   86    0   68   76    0    0    0  
  82   80    0   81    0    0    0    0   76   81  
  78   78    0   91   72    0    0    0    0   70  
   0   83   74    0   96    0    0   81    0   97  
  94  106    0    0   78    0    0   91   79    0  
   0    0   90  100    0    0  102  100   98    0  
   0    0    0  107  105    0  110    0   85  107  
   0    0   89    0  101  106   96    0  114    0  
   0   90    0    0    0  104    0   99  106   90  
 117   92    0    0  119    0    0  119   99    0  
 102  115    0    0  110  109    0    0   94    0  
   0  123  111  115    0  118    0    0    0  110  
 115  100  125    0    0  137    0   99    0    0  
 120    0    0  106  115  137    0    0    0  110  
 137    0    0    0  121  105  136    0    0  105  
 122    0  121    0    0  132    0  146  150    0  
   0    0  118    0  149  141    0  114  111    0  
 152    0    0    0  128  113    0  148    0  144  
   0  144  146    0  131  149    0  126    0    0  
 126  131    0    0    0    0  127  118  147    0  
   0  143  147    0    0    0  142  157  133    0  
   0  165    0  159  132    0  131  142    0    0  
   0  123  143    0  151  121    0    0  137    0  
   0  160  124    0    0  170    0  166  158    0  
 166  134  153    0    0  135    0    0  126    0  
   0    0  153  175    0    0    0  155  171  144  
   0    0    0  161    0    0  165  148  148  167  
   0  152    0  139  185    0  140    0    0  168  
   0  135    0    0  168    0    0  183  173  185  
   0  143    0  152  192  178    0    0  166    0  
 157    0  162    0  178  184    0    0  195    0  
   0  185    0    0  182  192    0  161  165    0  
 192    0  168    0  152    0  186  172    0    0  
 175    0    0    0    0  199  201  203  189    0  
 162    0    0  156  162  207    0    0  171    0  
   0  208    0  184  162  174  197    0    0    0  
 209  219  200    0    0    0    0  209    0  196  
 184    0  210  188  202    0    0    0  180    0  
   0  226    0  195    0    0  172  207    0  169  
 210  228  223  190    0    0  202    0    0    0  
 215    0  229  191  193  217    0    0    0    0  
 192    0  233    0  214    0  228    0  191    0  
   0    0  183  221  194    0  215    0    0  179  
 229  195    0    0    0  185    0  227  233    0  
   0  203    0    0  237    0  232  228    0  243  
 186    0  221  226    0  201  234    0    0    0  
 227    0  209    0  217    0  204    0  190    0  
 218    0    0    0  213  235    0  206    0  192  
 224    0    0  197    0  264  201    0  211    0  
   0  202  232    0    0  213    0  222    0  252  
 201    0  204    0    0  250  222    0    0  232  
   0  215  201  218    0    0  215  220    0    0  
 208  213  252    0    0    0    0    0  245  254  
 228    0    0  215  256    0    0  207    0  242  
   0  280  215    0  266    0    0  238  257    0  
 292    0  214  286  232    0    0  280    0    0  
 254    0    0  293  253  253  252    0    0    0  
 252  250    0  263    0    0  283    0  294    0  
 249  273  299  260    0    0    0  237    0    0  
   0  278    0  223  248  245    0    0    0  256  
   0    0  238  308  277    0  241  242    0    0  
   0  287  290    0  272  230    0  267    0    0  
 237    0  237    0    0    0    0  267  229  300  
 265    0  269  242    0  310    0    0    0  304  
 316    0  253  243    0    0  238    0    0  308  
 279    0    0  311    0  239  313    0    0  290  
 263  247  260    0  252    0    0    0    0  274  
   0  331    0    0    0  247    0  250  321  267  
 271  275    0    0  279  299    0    0    0  329  
   0  245    0  325  287    0    0  294    0  273  
 269    0  306    0  323    0    0    0  252  336  
   0    0  303  300  343  255    0    0  273    0  
   0  288  324    0  305  348  255    0    0    0  
 274    0  308  285    0    0    0  355    0  317  
 284    0    0  294    0    0    0  321  333  280  
 273  309  338  312    0    0    0    0  293    0  
 273    0    0  266    0    0  329    0  280  304  
 334    0    0  279    0    0  312  273  361    0  
   0  351  286    0    0  347    0    0  321  270  
 301  282  351  368    0    0  278    0    0    0  
 324  378  348  317  290    0    0    0    0    0  
   0  287    0    0  366  380    0  281  377    0  
 373  291  372    0  378    0  328    0    0    0  
   0    0  330    0  325  313    0  327    0  303  
 316    0    0  384    0  353    0  345  299    0  
 326  377    0    0    0    0  393  356    0  367  
   0    0  395    0  321  293    0    0  376  375  
 387    0    0    0  381    0  331    0  298  353  
 328    0  375  327  354    0    0  401    0    0  
 343  392    0  355    0    0    0  412  316    0  
 354  345    0  398  320    0    0    0    0  408  
   0  306  390    0    0  340    0  345    0  363  
   0  428  405    0  322    0    0  409  361    0  
   0  401    0  391    0    0  321  415  427    0  
 422    0  421  315  330    0    0    0  353    0  
 362  417    0  384  354  313    0    0    0    0  
   0  347    0  413    0  413  336    0  422    0  
   0  318    0  380    0  346  438    0  351    0  
   0  375  379    0    0    0  400  422  408    0  
 401  420  410    0    0    0  352  379    0    0  
 355  398    0    0  379    0    0  450    0  377  
 369    0  460  458    0  431    0    0    0  448  
   0    0    0  357  414  348  385    0    0  461  
   0    0  455  432    0  463    0  428    0  455  
   0  369  349  445  399    0    0  474    0    0  
   0    0  395  365  468  389    0    0  470    0  
   0  408    0    0  479  444  450    0    0  408  
   0    0  385    0  415  370  426    0  370    0  
   0  416  416  407    0    0    0  385  372    0  
 369  464  477  425    0    0    0    0    0  463  
   0  450    0  422    0  431  371    0  441    0  
 486  375    0    0    0    0    0  468  440  477  
   0    0  358  493    0  433    0  418    0  471  
 395  477    0    0    0  385  377    0  369    0  
 431  410    0    0    0  467  447    0  408    0  
 496    0    0    0  395  378    0    0  375  492  
 516    0  439    0    0  487  509    0    0  495  
   0  493    0  419  502    0    0  492    0  401  
   0    0  390  455    0    0  421  401  515    0  
   0    0    0  441  494    0    0  424  398  463  
   0  417    0    0    0    0  393  486  391  449  
 474    0  398  451    0  520    0  452    0    0  
 484  540    0    0  501    0    0    0  443  544  
 513    0  529    0    0  440  542  418    0    0  
 424    0    0    0    0  436  395  511  459    0  
   0  454    0    0    0  434  427    0  511  518  
 468    0    0  546    0    0  449  412  492    0  
 524  449    0  536    0  544    0    0    0  424  
   0  417    0  505    0  504  557    0    0  413  ] 
 ] 
