K : 75
I : 15
C : 8
INSTANCE : 4
PREFERENCES : [    0    0    0    0    0    0    0    3    0    4    0    2    0    1    5  
   4    0    0    0    1    2    3    0    0    0    5    0    0    0    0  
   0    4    0    0    1    0    0    5    0    0    0    2    3    0    0  
   1    0    0    0    0    0    0    4    3    5    0    0    0    0    2  
   1    0    0    0    0    2    0    0    0    0    0    0    3    4    5  
   0    3    5    0    1    0    0    0    0    2    0    0    0    4    0  
   0    4    0    0    0    2    0    5    0    3    0    1    0    0    0  
   3    0    5    0    0    0    0    0    0    4    0    2    0    1    0  
   0    1    0    0    0    4    2    0    3    0    0    0    0    0    5  
   3    0    5    0    0    1    0    0    0    0    0    0    0    2    4  
   3    0    4    0    0    0    0    2    0    1    5    0    0    0    0  
   0    0    0    1    0    4    0    0    5    2    0    0    0    3    0  
   0    0    0    0    0    0    2    1    3    0    0    5    4    0    0  
   0    0    0    3    1    0    0    2    0    0    0    4    0    5    0  
   0    1    0    0    0    2    0    0    0    5    0    4    0    3    0  
   0    5    3    0    2    0    0    0    0    4    0    0    1    0    0  
   0    0    0    0    3    0    4    5    2    0    0    0    1    0    0  
   0    1    3    2    0    0    0    0    4    0    0    5    0    0    0  
   0    0    3    0    0    1    5    0    0    0    0    4    0    2    0  
   3    1    0    0    0    0    0    2    5    0    0    4    0    0    0  
   0    0    0    0    1    2    4    0    3    0    0    0    0    0    5  
   1    4    0    0    0    0    0    3    0    0    0    0    5    2    0  
   0    5    0    4    0    0    0    2    3    0    1    0    0    0    0  
   0    0    0    5    1    0    0    0    0    4    2    0    0    3    0  
   0    0    0    3    0    4    0    0    2    0    1    0    0    5    0  
   4    0    3    0    5    0    0    0    0    0    0    1    2    0    0  
   4    2    0    0    5    0    0    0    3    0    0    0    1    0    0  
   0    0    0    2    0    0    4    0    0    0    0    1    0    5    3  
   0    0    0    0    3    0    2    5    4    0    0    1    0    0    0  
   0    0    0    4    0    5    0    0    0    3    2    0    1    0    0  
   0    0    0    5    0    0    1    0    2    0    0    4    0    3    0  
   1    2    0    0    3    5    0    0    0    0    0    0    4    0    0  
   2    0    0    0    1    3    0    0    0    0    0    4    0    5    0  
   3    0    5    1    0    0    0    2    0    0    0    0    4    0    0  
   0    0    2    0    0    4    3    0    0    0    0    0    0    1    5  
   0    0    0    0    2    0    5    3    4    1    0    0    0    0    0  
   0    0    0    2    0    1    0    5    3    0    0    0    4    0    0  
   0    0    2    0    0    0    3    5    1    0    0    0    0    0    4  
   0    0    5    0    3    0    0    0    0    0    1    4    2    0    0  
   0    1    5    3    0    0    2    0    0    0    4    0    0    0    0  
   0    0    0    0    3    0    2    0    4    0    0    5    1    0    0  
   0    0    0    0    0    0    0    3    0    0    1    4    2    5    0  
   0    0    0    0    0    0    0    0    5    3    4    2    0    0    1  
   0    0    2    0    0    0    0    0    0    4    5    3    0    1    0  
   0    0    0    0    0    0    0    1    3    4    0    0    0    5    2  
   0    0    5    0    0    0    0    2    0    0    0    3    1    0    4  
   0    0    0    0    0    5    2    4    0    0    0    1    0    0    3  
   2    0    0    0    3    0    0    0    0    1    0    0    0    4    5  
   0    0    0    0    0    5    0    0    4    1    3    2    0    0    0  
   4    0    2    0    0    0    1    3    5    0    0    0    0    0    0  
   4    5    0    0    1    0    0    0    0    2    3    0    0    0    0  
   0    5    1    0    0    0    0    3    0    0    4    0    2    0    0  
   0    2    0    0    0    0    0    3    0    0    5    4    0    1    0  
   0    0    4    0    0    5    0    0    2    0    3    1    0    0    0  
   0    0    0    0    2    1    4    0    0    5    0    0    3    0    0  
   0    3    4    2    0    0    0    0    0    0    1    5    0    0    0  
   0    0    1    0    2    0    0    0    0    3    0    0    0    5    4  
   0    0    0    0    0    0    0    0    2    4    3    1    0    5    0  
   0    1    2    3    0    0    0    5    4    0    0    0    0    0    0  
   3    1    0    0    0    0    2    4    5    0    0    0    0    0    0  
   0    1    0    3    0    5    0    0    0    0    4    0    2    0    0  
   0    0    0    0    5    0    0    0    0    2    0    4    1    3    0  
   5    2    0    3    1    4    0    0    0    0    0    0    0    0    0  
   3    0    0    2    0    0    1    5    0    0    0    0    4    0    0  
   0    4    0    0    0    0    0    0    0    0    0    1    3    2    5  
   0    0    0    3    0    2    0    0    5    1    0    4    0    0    0  
   0    0    2    0    0    0    0    4    1    0    5    0    0    3    0  
   1    0    0    5    0    0    0    3    0    0    0    0    0    2    4  
   0    4    0    0    0    3    0    5    0    0    0    0    1    0    2  
   2    0    3    0    0    0    1    0    0    0    5    0    0    4    0  
   0    0    0    5    2    0    0    0    0    4    0    0    3    1    0  
   4    1    0    0    0    0    0    5    2    0    3    0    0    0    0  
   0    3    4    0    0    0    0    5    2    1    0    0    0    0    0  
   0    0    2    0    4    0    1    0    0    0    5    3    0    0    0  
   2    1    5    0    0    0    0    0    3    4    0    0    0    0    0  ] 
RESERVATION PRICES : [    0    0    0    0    0    0    0    7    0    7    0    7    0    7    6  
   9    0    0    0   10    9   10    0    0    0    9    0    0    0    0  
   0    9    0    0   10    0    0   10    0    0    0    9    9    0    0  
  14    0    0    0    0    0    0   12   13   14    0    0    0    0   16  
  19    0    0    0    0   17    0    0    0    0    0    0   15   20   17  
   0   22   27    0   27    0    0    0    0   23    0    0    0   24    0  
   0   24    0    0    0   26    0   25    0   22    0   22    0    0    0  
  34    0   29    0    0    0    0    0    0   28    0   32    0   31    0  
   0   35    0    0    0   34   35    0   41    0    0    0    0    0   36  
  42    0   32    0    0   41    0    0    0    0    0    0    0   35   43  
  47    0   42    0    0    0    0   38    0   40   45    0    0    0    0  
   0    0    0   50    0   51    0    0   56   55    0    0    0   44    0  
   0    0    0    0    0    0   55   54   59    0    0   48   47    0    0  
   0    0    0   52   63    0    0   53    0    0    0   61    0   46    0  
   0   56    0    0    0   64    0    0    0   62    0   60    0   50    0  
   0   65   62    0   68    0    0    0    0   60    0    0   54    0    0  
   0    0    0    0   67    0   65   65   72    0    0    0   67    0    0  
   0   75   72   74    0    0    0    0   79    0    0   79    0    0    0  
   0    0   67    0    0   63   67    0    0    0    0   65    0   62    0  
  72   67    0    0    0    0    0   79   88    0    0   76    0    0    0  
   0    0    0    0   92   69   68    0   74    0    0    0    0    0   78  
  88   69    0    0    0    0    0   93    0    0    0    0   69   84    0  
   0   75    0   99    0    0    0   82   92    0   77    0    0    0    0  
   0    0    0   76   91    0    0    0    0   78  105    0    0   81    0  
   0    0    0  100    0  105    0    0   84    0   86    0    0   89    0  
 113    0   89    0  115    0    0    0    0    0    0  106  103    0    0  
  95  121    0    0  116    0    0    0  122    0    0    0   93    0    0  
   0    0    0  123    0    0   96    0    0    0    0   96    0   95  122  
   0    0    0    0  109    0   92  111   97    0    0   95    0    0    0  
   0    0    0   97    0   98    0    0    0   92   94    0   98    0    0  
   0    0    0  135    0    0  128    0  131    0    0  121    0  120    0  
 126  128    0    0  118  128    0    0    0    0    0    0  109    0    0  
  99    0    0    0  130   99    0    0    0    0    0  106    0  111    0  
 116    0  109  129    0    0    0  128    0    0    0    0  119    0    0  
   0    0  129    0    0  142  115    0    0    0    0    0    0  118  103  
   0    0    0    0  120    0  131  124  108  113    0    0    0    0    0  
   0    0    0  136    0  150    0  128  123    0    0    0  124    0    0  
   0    0  125    0    0    0  150  119  124    0    0    0    0    0  129  
   0    0  153    0  127    0    0    0    0    0  128  132  122    0    0  
   0  154  141  136    0    0  138    0    0    0  141    0    0    0    0  
   0    0    0    0  140    0  115    0  126    0    0  147  120    0    0  
   0    0    0    0    0    0    0  117    0    0  121  145  127  129    0  
   0    0    0    0    0    0    0    0  153  140  146  144    0    0  143  
   0    0  143    0    0    0    0    0    0  140  161  158    0  140    0  
   0    0    0    0    0    0    0  131  131  122    0    0    0  150  154  
   0    0  128    0    0    0    0  157    0    0    0  129  147    0  135  
   0    0    0    0    0  162  174  176    0    0    0  133    0    0  140  
 153    0    0    0  139    0    0    0    0  176    0    0    0  183  147  
   0    0    0    0    0  164    0    0  138  158  169  152    0    0    0  
 159    0  141    0    0    0  145  178  160    0    0    0    0    0    0  
 177  172    0    0  192    0    0    0    0  191  155    0    0    0    0  
   0  179  184    0    0    0    0  194    0    0  168    0  151    0    0  
   0  181    0    0    0    0    0  198    0    0  142  195    0  145    0  
   0    0  194    0    0  181    0    0  169    0  151  169    0    0    0  
   0    0    0    0  162  157  170    0    0  173    0    0  196    0    0  
   0  167  208  166    0    0    0    0    0    0  167  198    0    0    0  
   0    0  207    0  176    0    0    0    0  208    0    0    0  166  186  
   0    0    0    0    0    0    0    0  186  199  190  204    0  191    0  
   0  217  186  162    0    0    0  161  221    0    0    0    0    0    0  
 166  226    0    0    0    0  228  180  174    0    0    0    0    0    0  
   0  232    0  173    0  184    0    0    0    0  179    0  206    0    0  
   0    0    0    0  199    0    0    0    0  197    0  192  222  178    0  
 181  231    0  192  239  231    0    0    0    0    0    0    0    0    0  
 184    0    0  222    0    0  246  188    0    0    0    0  231    0    0  
   0  199    0    0    0    0    0    0    0    0    0  200  245  190  199  
   0    0    0  236    0  186    0    0  227  226    0  248    0    0    0  
   0    0  241    0    0    0    0  210  251    0  230    0    0  202    0  
 229    0    0  228    0    0    0  208    0    0    0    0    0  191  226  
   0  249    0    0    0  203    0  206    0    0    0    0  223    0  221  
 196    0  263    0    0    0  247    0    0    0  226    0    0  242    0  
   0    0    0  234  256    0    0    0    0  248    0    0  264  257    0  
 238  216    0    0    0    0    0  226  210    0  196    0    0    0    0  
   0  212  258    0    0    0    0  218  215  271    0    0    0    0    0  
   0    0  221    0  275    0  248    0    0    0  226  257    0    0    0  
 256  209  231    0    0    0    0    0  237  215    0    0    0    0    0  ] 
 ] 
