K : 75
I : 5
C : 3
INSTANCE : 5
PREFERENCES : [    2    0    1    0    3  
   0    2    3    0    1  
   0    1    0    3    2  
   3    1    0    0    2  
   1    0    0    3    2  
   3    0    1    0    2  
   1    0    2    3    0  
   0    1    2    3    0  
   0    3    1    0    2  
   1    3    2    0    0  
   3    0    0    1    2  
   0    1    3    0    2  
   1    3    2    0    0  
   2    0    0    1    3  
   0    3    2    0    1  
   2    3    1    0    0  
   0    2    1    0    3  
   1    2    3    0    0  
   2    1    0    0    3  
   0    1    0    2    3  
   2    1    0    0    3  
   2    0    3    0    1  
   0    3    0    1    2  
   2    0    1    3    0  
   2    3    0    1    0  
   3    0    0    1    2  
   0    3    2    1    0  
   1    0    0    3    2  
   1    2    0    0    3  
   1    0    2    3    0  
   0    2    1    3    0  
   3    1    2    0    0  
   2    3    1    0    0  
   2    0    0    1    3  
   0    3    1    0    2  
   0    0    1    3    2  
   2    0    1    0    3  
   3    0    0    2    1  
   1    3    0    2    0  
   2    0    0    3    1  
   0    1    2    3    0  
   0    1    3    2    0  
   3    0    2    0    1  
   2    0    1    3    0  
   2    1    0    0    3  
   1    0    3    0    2  
   1    0    3    0    2  
   3    2    1    0    0  
   0    2    0    3    1  
   0    3    1    2    0  
   1    3    0    0    2  
   3    0    0    1    2  
   2    0    3    0    1  
   1    0    0    2    3  
   0    1    0    3    2  
   1    3    0    0    2  
   0    1    2    0    3  
   0    1    0    3    2  
   0    2    0    1    3  
   1    2    0    0    3  
   2    0    0    1    3  
   0    1    0    3    2  
   1    0    0    2    3  
   0    0    3    1    2  
   3    0    1    0    2  
   2    0    1    0    3  
   3    0    0    2    1  
   0    1    2    3    0  
   3    2    1    0    0  
   2    1    0    0    3  
   1    0    2    3    0  
   1    2    0    3    0  
   0    0    1    3    2  
   0    2    1    0    3  
   3    1    2    0    0  ] 
RESERVATION PRICES : [    7    0    6    0    6  
   0   12   13    0   11  
   0   13    0   13   15  
  18   21    0    0   23  
  23    0    0   21   17  
  25    0   24    0   23  
  20    0   26   25    0  
   0   24   25   27    0  
   0   33   37    0   35  
  38   29   33    0    0  
  39    0    0   43   40  
   0   48   40    0   44  
  42   49   36    0    0  
  42    0    0   40   44  
   0   48   55    0   56  
  57   47   48    0    0  
   0   47   53    0   63  
  64   56   55    0    0  
  74   67    0    0   60  
   0   54    0   67   70  
  62   73    0    0   59  
  71    0   80    0   69  
   0   77    0   80   77  
  80    0   81   66    0  
  79   82    0   80    0  
  94    0    0   95   96  
   0   83   76   90    0  
  82    0    0  107   78  
  97   84    0    0   86  
 100    0   93  104    0  
   0   85  112   92    0  
  89  111  106    0    0  
 121  105  120    0    0  
  92    0    0  106   92  
   0   98  103    0  123  
   0    0  122  122  107  
 126    0  127    0  100  
  98    0    0  135  135  
 114  103    0  122    0  
 112    0    0  135  121  
   0  119  143  113    0  
   0  110  146  114    0  
 131    0  141    0  126  
 135    0  115  119    0  
 141  161    0    0  129  
 160    0  149    0  148  
 147    0  162    0  160  
 151  126  161    0    0  
   0  165    0  166  144  
   0  151  160  143    0  
 162  136    0    0  140  
 160    0    0  190  146  
 195    0  159    0  183  
 180    0    0  170  147  
   0  204    0  189  170  
 196  197    0    0  188  
   0  205  207    0  212  
   0  182    0  165  165  
   0  208    0  187  210  
 171  219    0    0  159  
 174    0    0  224  220  
   0  175    0  210  204  
 208    0    0  194  232  
   0    0  223  181  221  
 208    0  199    0  208  
 231    0  189    0  225  
 240    0    0  214  200  
   0  194  209  216    0  
 185  245  216    0    0  
 246  256    0    0  249  
 200    0  204  245    0  
 213  250    0  268    0  
   0    0  200  262  270  
   0  266  243    0  216  
 232  277  261    0    0  ] 
 ] 
