K : 50
I : 15
C : 10
INSTANCE : 3
PREFERENCES : [    0    0    0    0    0    3    2    0    5    1    0    0    4    0    0  
   0    0    0    0    5    4    1    0    2    0    0    0    0    0    3  
   2    0    0    0    0    0    0    0    5    1    0    0    3    0    4  
   5    0    3    0    0    0    2    0    1    0    4    0    0    0    0  
   5    0    0    0    3    0    0    2    0    0    0    1    0    0    4  
   0    0    0    0    0    0    4    5    0    0    2    0    1    0    3  
   0    0    0    0    0    0    1    0    0    4    3    0    2    5    0  
   0    4    0    0    2    0    0    1    3    0    0    0    5    0    0  
   0    1    0    3    0    0    4    0    0    0    0    2    0    5    0  
   0    3    0    0    4    0    0    0    0    1    0    5    2    0    0  
   2    0    0    0    4    0    1    3    0    0    0    5    0    0    0  
   3    0    0    2    0    0    4    0    1    0    0    0    0    0    5  
   4    0    0    0    0    0    1    3    0    5    2    0    0    0    0  
   0    0    3    1    5    0    0    0    4    2    0    0    0    0    0  
   0    5    2    4    0    0    0    0    1    3    0    0    0    0    0  
   3    4    0    0    0    0    5    0    1    0    0    0    0    2    0  
   0    3    0    0    4    5    0    0    2    0    0    0    0    0    1  
   1    0    5    0    3    0    2    0    0    0    0    0    0    0    4  
   0    0    0    0    0    0    4    1    2    5    3    0    0    0    0  
   0    2    0    1    0    0    0    0    5    0    4    0    0    3    0  
   4    0    0    2    0    1    0    0    0    0    0    0    5    0    3  
   3    0    0    2    0    4    0    1    0    0    0    5    0    0    0  
   0    3    0    2    0    0    1    0    0    0    0    4    5    0    0  
   1    0    5    2    0    0    4    0    0    0    0    0    0    0    3  
   0    3    4    1    0    0    0    2    0    0    0    0    0    5    0  
   0    0    0    0    0    3    1    0    0    2    0    5    4    0    0  
   4    0    0    0    0    1    0    5    3    0    0    0    2    0    0  
   0    0    3    0    1    0    0    0    0    2    0    0    5    0    4  
   1    0    0    4    0    5    2    0    0    0    0    0    3    0    0  
   0    2    0    0    0    0    0    1    0    3    0    4    0    5    0  
   1    0    0    2    0    0    0    0    0    0    5    3    0    4    0  
   5    0    0    0    3    0    0    0    0    0    1    0    2    0    4  
   0    0    4    0    0    0    0    0    0    3    1    0    5    2    0  
   0    0    0    3    0    4    0    1    5    0    0    0    0    0    2  
   1    0    0    0    0    0    0    5    2    0    3    0    0    0    4  
   3    0    0    0    0    2    0    0    5    4    0    0    0    0    1  
   0    0    5    0    1    3    4    0    0    2    0    0    0    0    0  
   0    4    0    3    1    0    0    5    0    0    0    0    0    0    2  
   3    5    0    0    0    1    0    2    0    0    0    0    0    0    4  
   0    0    0    0    0    0    0    4    3    0    5    0    2    0    1  
   0    4    0    0    0    5    3    1    0    0    0    2    0    0    0  
   0    0    0    0    4    3    0    0    0    2    1    5    0    0    0  
   0    0    0    4    0    1    2    3    0    0    0    5    0    0    0  
   0    4    0    5    3    0    0    0    0    0    0    0    2    1    0  
   0    1    0    0    0    0    0    0    5    3    2    0    4    0    0  
   0    1    0    0    0    2    0    4    0    0    0    0    3    0    5  
   1    0    4    0    0    0    0    0    0    5    2    3    0    0    0  
   0    0    0    3    0    1    0    0    4    2    0    0    5    0    0  
   0    5    0    2    0    1    0    4    0    0    3    0    0    0    0  
   2    3    1    0    0    0    0    0    0    0    0    4    0    0    5  ] 
RESERVATION PRICES : [    0    0    0    0    0    9    7    0    8    9    0    0    8    0    0  
   0    0    0    0   11   14   12    0   14    0    0    0    0    0   13  
  17    0    0    0    0    0    0    0   18   15    0    0   17    0   15  
  17    0   19    0    0    0   18    0   17    0   19    0    0    0    0  
  18    0    0    0   22    0    0   17    0    0    0   23    0    0   22  
   0    0    0    0    0    0   25   23    0    0   24    0   21    0   21  
   0    0    0    0    0    0   26    0    0   29   30    0   29   31    0  
   0   26    0    0   29    0    0   26   31    0    0    0   28    0    0  
   0   30    0   40    0    0   33    0    0    0    0   30    0   29    0  
   0   37    0    0   46    0    0    0    0   34    0   37   36    0    0  
  41    0    0    0   39    0   45   39    0    0    0   42    0    0    0  
  51    0    0   40    0    0   43    0   43    0    0    0    0    0   54  
  47    0    0    0    0    0   47   48    0   47   42    0    0    0    0  
   0    0   52   56   44    0    0    0   57   56    0    0    0    0    0  
   0   58   60   48    0    0    0    0   49   51    0    0    0    0    0  
  55   56    0    0    0    0   68    0   65    0    0    0    0   64    0  
   0   60    0    0   62   58    0    0   72    0    0    0    0    0   71  
  56    0   62    0   54    0   61    0    0    0    0    0    0    0   69  
   0    0    0    0    0    0   55   64   72   75   61    0    0    0    0  
   0   73    0   59    0    0    0    0   62    0   59    0    0   73    0  
  63    0    0   65    0   68    0    0    0    0    0    0   67    0   67  
  84    0    0   72    0   64    0   80    0    0    0   78    0    0    0  
   0   69    0   83    0    0   80    0    0    0    0   72   77    0    0  
  76    0   82   78    0    0   93    0    0    0    0    0    0    0   76  
   0   82   94   82    0    0    0   97    0    0    0    0    0   92    0  
   0    0    0    0    0   74   91    0    0   90    0   78   88    0    0  
 101    0    0    0    0  104    0   82   95    0    0    0   83    0    0  
   0    0  104    0   81    0    0    0    0  105    0    0   98    0  107  
 105    0    0  108    0   98  101    0    0    0    0    0  104    0    0  
   0   91    0    0    0    0    0   86    0   95    0  105    0  109    0  
 115    0    0   91    0    0    0    0    0    0  104  100    0  117    0  
  89    0    0    0   98    0    0    0    0    0  112    0  117    0   94  
   0    0  100    0    0    0    0    0    0   95   93    0  117  118    0  
   0    0    0   95    0   95    0  117  110    0    0    0    0    0  103  
 106    0    0    0    0    0    0  109  135    0  112    0    0    0  124  
 108    0    0    0    0  121    0    0  132  104    0    0    0    0  107  
   0    0  115    0  105  105  128    0    0  115    0    0    0    0    0  
   0  136    0  127  122    0    0  143    0    0    0    0    0    0  114  
 138  137    0    0    0  139    0  142    0    0    0    0    0    0  136  
   0    0    0    0    0    0    0  145  135    0  145    0  146    0  145  
   0  148    0    0    0  152  122  124    0    0    0  152    0    0    0  
   0    0    0    0  129  157    0    0    0  164  123  155    0    0    0  
   0    0    0  128    0  126  156  158    0    0    0  126    0    0    0  
   0  145    0  148  154    0    0    0    0    0    0    0  124  138    0  
   0  155    0    0    0    0    0    0  124  139  148    0  155    0    0  
   0  140    0    0    0  144    0  169    0    0    0    0  129    0  128  
 158    0  165    0    0    0    0    0    0  154  147  160    0    0    0  
   0    0    0  151    0  182    0    0  144  173    0    0  137    0    0  
   0  134    0  180    0  167    0  136    0    0  135    0    0    0    0  
 145  176  156    0    0    0    0    0    0    0    0  181    0    0  163  ] 
 ] 
