K : 50
I : 15
C : 2
INSTANCE : 5
PREFERENCES : [    0    0    5    0    4    0    0    0    0    3    0    2    0    1    0  
   0    0    5    2    3    0    0    4    0    0    0    0    0    1    0  
   0    0    0    0    0    4    0    0    1    0    5    0    3    2    0  
   0    1    0    5    0    0    0    0    0    3    0    4    0    2    0  
   0    3    0    4    2    0    0    0    0    0    0    0    0    5    1  
   0    3    0    0    2    0    4    0    0    1    5    0    0    0    0  
   0    0    1    0    0    0    0    4    0    3    2    5    0    0    0  
   0    2    0    0    0    0    0    5    0    0    0    4    3    0    1  
   0    1    0    0    0    0    0    5    3    0    0    4    0    0    2  
   0    1    2    0    0    0    0    3    0    0    0    4    0    5    0  
   0    1    4    2    0    3    0    0    0    0    0    5    0    0    0  
   0    0    5    2    0    0    0    3    0    0    4    1    0    0    0  
   0    1    0    0    0    0    5    4    0    0    2    3    0    0    0  
   4    0    0    0    2    0    0    0    0    5    1    0    0    3    0  
   0    0    0    3    4    5    0    2    0    0    0    1    0    0    0  
   1    4    3    0    0    5    0    0    0    0    0    2    0    0    0  
   0    1    0    3    0    0    2    0    0    0    0    5    0    4    0  
   0    0    0    0    0    0    0    3    1    4    5    2    0    0    0  
   3    0    0    0    0    0    0    1    4    2    5    0    0    0    0  
   0    0    0    4    3    0    0    0    1    0    5    0    0    2    0  
   2    0    0    0    1    0    0    0    0    0    5    3    0    0    4  
   5    0    0    0    3    0    0    0    0    0    1    0    4    0    2  
   3    5    0    4    0    0    0    0    2    1    0    0    0    0    0  
   3    0    2    0    4    1    0    0    0    0    0    0    5    0    0  
   0    2    0    0    0    0    0    0    0    3    4    0    5    1    0  
   3    0    0    5    4    0    0    0    0    0    0    2    0    1    0  
   0    4    2    5    0    0    0    0    0    1    0    0    0    0    3  
   0    0    0    0    0    0    5    0    0    1    0    2    0    3    4  
   2    0    0    0    3    0    5    0    1    4    0    0    0    0    0  
   3    0    0    4    0    5    0    0    0    0    2    0    0    1    0  
   0    0    0    1    2    0    5    4    0    0    0    0    0    3    0  
   3    5    0    0    1    2    0    0    4    0    0    0    0    0    0  
   0    0    0    3    5    0    0    0    2    0    4    0    0    1    0  
   0    0    5    0    2    0    0    0    0    0    4    3    1    0    0  
   0    0    0    0    2    1    0    0    3    5    0    0    0    4    0  
   4    2    0    0    0    3    0    1    0    0    0    5    0    0    0  
   0    0    0    0    0    0    0    0    0    3    5    0    1    2    4  
   0    0    0    2    1    0    3    5    0    4    0    0    0    0    0  
   0    0    0    0    5    0    0    0    0    4    0    2    0    1    3  
   0    0    5    0    1    0    0    2    0    0    0    0    0    3    4  
   0    0    4    0    3    0    1    2    0    0    0    5    0    0    0  
   0    0    3    0    0    0    4    5    0    0    2    0    0    1    0  
   0    0    0    0    1    2    3    0    0    5    0    0    0    4    0  
   5    2    0    1    3    0    0    0    0    0    0    4    0    0    0  
   0    0    1    3    0    0    0    0    5    2    0    0    0    4    0  
   0    0    5    0    3    0    0    0    0    4    1    2    0    0    0  
   0    0    2    0    0    0    0    3    5    0    0    4    0    0    1  
   0    0    0    0    0    0    0    2    5    0    0    3    1    4    0  
   0    0    4    1    0    0    0    5    2    3    0    0    0    0    0  
   5    4    0    0    2    0    0    0    0    1    3    0    0    0    0  ] 
RESERVATION PRICES : [    0    0    7    0    6    0    0    0    0    6    0    7    0    6    0  
   0    0    6    7    6    0    0    7    0    0    0    0    0    6    0  
   0    0    0    0    0   10    0    0   11    0   11    0   12    9    0  
   0   15    0   18    0    0    0    0    0   19    0   17    0   18    0  
   0   18    0   22   21    0    0    0    0    0    0    0    0   18   18  
   0   23    0    0   26    0   19    0    0   21   24    0    0    0    0  
   0    0   23    0    0    0    0   29    0   23   24   29    0    0    0  
   0   30    0    0    0    0    0   37    0    0    0   35   30    0   35  
   0   38    0    0    0    0    0   40   31    0    0   29    0    0   40  
   0   45   34    0    0    0    0   37    0    0    0   41    0   34    0  
   0   42   46   42    0   46    0    0    0    0    0   46    0    0    0  
   0    0   38   49    0    0    0   48    0    0   51   49    0    0    0  
   0   53    0    0    0    0   43   51    0    0   42   42    0    0    0  
  61    0    0    0   46    0    0    0    0   58   57    0    0   59    0  
   0    0    0   66   61   53    0   52    0    0    0   66    0    0    0  
  60   69   56    0    0   61    0    0    0    0    0   63    0    0    0  
   0   70    0   56    0    0   71    0    0    0    0   62    0   63    0  
   0    0    0    0    0    0    0   59   71   74   80   74    0    0    0  
  58    0    0    0    0    0    0   72   75   80   78    0    0    0    0  
   0    0    0   67   62    0    0    0   77    0   70    0    0   79    0  
  63    0    0    0   64    0    0    0    0    0   70   71    0    0   63  
  86    0    0    0   73    0    0    0    0    0   64    0   85    0   67  
  85   69    0   82    0    0    0    0   72   72    0    0    0    0    0  
  75    0   85    0   96   97    0    0    0    0    0    0   88    0    0  
   0   94    0    0    0    0    0    0    0   79   84    0   96   78    0  
  91    0    0   78   82    0    0    0    0    0    0   75    0   85    0  
   0   89   81   97    0    0    0    0    0   79    0    0    0    0   73  
   0    0    0    0    0    0   93    0    0  102    0  103    0  105   82  
 104    0    0    0   89    0  105    0  101   85    0    0    0    0    0  
  88    0    0   88    0   88    0    0    0    0   96    0    0   94    0  
   0    0    0   95  117    0   95   95    0    0    0    0    0  101    0  
 108  123    0    0  111  100    0    0   94    0    0    0    0    0    0  
   0    0    0  112  114    0    0    0  127    0  119    0    0  122    0  
   0    0  102    0  112    0    0    0    0    0  100  129   95    0    0  
   0    0    0    0  110  114    0    0  119  109    0    0    0  121    0  
 136  130    0    0    0  136    0  132    0    0    0  129    0    0    0  
   0    0    0    0    0    0    0    0    0  135  125    0  113  112  140  
   0    0    0  108  113    0  133  109    0  131    0    0    0    0    0  
   0    0    0    0  115    0    0    0    0  135    0  134    0  106  116  
   0    0  113    0  136    0    0  112    0    0    0    0    0  129  139  
   0    0  134    0  145    0  148  134    0    0    0  139    0    0    0  
   0    0  142    0    0    0  119  158    0    0  163    0    0  163    0  
   0    0    0    0  151  121  140    0    0  120    0    0    0  144    0  
 166  158    0  155  136    0    0    0    0    0    0  126    0    0    0  
   0    0  137  126    0    0    0    0  140  159    0    0    0  133    0  
   0    0  139    0  164    0    0    0    0  142  150  145    0    0    0  
   0    0  142    0    0    0    0  157  134    0    0  138    0    0  135  
   0    0    0    0    0    0    0  166  181    0    0  147  171  166    0  
   0    0  184  152    0    0    0  169  173  157    0    0    0    0    0  
 162  169    0    0  164    0    0    0    0  181  144    0    0    0    0  ] 
 ] 
