K : 100
I : 10
C : 4
INSTANCE : 3
PREFERENCES : [    3    1    0    0    0    2    0    0    4    5  
   4    0    2    3    1    0    5    0    0    0  
   1    0    4    0    2    5    0    0    0    3  
   0    0    2    1    0    3    0    4    5    0  
   0    0    3    5    1    2    0    0    0    4  
   0    0    0    3    5    2    1    0    4    0  
   0    0    3    5    0    2    0    4    1    0  
   0    4    0    0    5    3    0    0    1    2  
   5    1    0    0    0    3    0    4    0    2  
   0    0    0    1    4    0    2    0    3    5  
   2    0    4    0    0    0    1    5    0    3  
   3    1    5    0    0    0    4    0    2    0  
   3    0    2    5    4    0    0    0    1    0  
   4    0    5    0    0    1    2    0    3    0  
   2    1    5    0    0    0    3    0    0    4  
   4    0    2    3    5    0    0    0    0    1  
   4    0    0    0    0    2    3    1    0    5  
   3    0    0    0    0    0    1    2    5    4  
   0    1    5    3    0    0    4    0    2    0  
   0    2    0    0    3    1    5    0    0    4  
   4    2    0    5    3    0    1    0    0    0  
   0    0    1    4    3    0    0    5    0    2  
   1    2    0    0    0    0    3    4    0    5  
   1    2    4    0    0    5    0    0    0    3  
   0    2    0    3    1    0    0    5    0    4  
   2    0    4    0    3    0    1    0    5    0  
   1    0    3    0    2    0    5    0    4    0  
   1    0    4    0    0    0    3    0    2    5  
   1    0    5    0    0    0    0    4    2    3  
   0    2    0    1    0    0    5    4    0    3  
   3    2    5    0    0    0    0    1    4    0  
   3    5    0    4    0    0    2    0    1    0  
   0    4    5    0    0    2    3    0    1    0  
   0    0    1    5    4    0    0    2    3    0  
   5    0    3    1    4    0    2    0    0    0  
   0    4    3    5    0    2    1    0    0    0  
   0    1    0    4    2    3    0    0    5    0  
   0    0    0    0    4    0    2    3    5    1  
   0    4    0    0    5    0    1    0    3    2  
   0    5    0    1    0    2    3    0    0    4  
   0    0    4    0    5    0    3    1    0    2  
   1    0    4    0    3    0    2    0    0    5  
   2    0    4    5    3    0    0    0    1    0  
   2    0    5    1    0    0    0    3    0    4  
   3    0    4    0    0    0    1    2    0    5  
   0    2    0    0    0    5    1    0    4    3  
   3    0    5    0    4    1    0    0    0    2  
   5    0    0    0    3    2    1    0    0    4  
   5    2    0    0    4    3    0    0    1    0  
   0    0    5    0    0    0    3    2    1    4  
   4    0    0    0    1    2    0    3    5    0  
   0    0    5    1    0    2    3    0    4    0  
   2    4    0    3    5    0    1    0    0    0  
   4    0    2    0    1    0    3    0    5    0  
   0    5    0    0    4    1    2    0    0    3  
   4    1    2    0    0    0    0    0    5    3  
   4    0    0    0    5    0    3    2    1    0  
   4    0    2    0    0    0    3    0    1    5  
   0    3    0    2    0    1    0    4    0    5  
   0    1    0    3    4    0    2    0    0    5  
   2    0    0    0    0    0    3    4    1    5  
   0    2    0    5    4    1    0    0    0    3  
   0    0    1    0    0    5    3    4    0    2  
   5    0    0    1    0    2    4    3    0    0  
   0    4    3    1    0    0    0    0    5    2  
   2    0    0    0    4    1    0    3    0    5  
   0    0    1    0    0    2    0    5    3    4  
   0    0    0    2    0    4    5    3    1    0  
   5    0    0    0    3    2    0    1    4    0  
   3    0    0    0    1    0    0    5    2    4  
   2    0    4    0    1    5    0    0    3    0  
   5    0    0    4    2    3    0    0    0    1  
   1    0    3    0    4    5    0    2    0    0  
   0    0    0    5    0    3    4    2    1    0  
   2    5    0    1    0    3    4    0    0    0  
   1    0    0    0    0    3    2    4    0    5  
   4    0    0    0    1    0    3    5    2    0  
   0    4    0    3    0    1    5    0    2    0  
   0    2    3    5    4    0    1    0    0    0  
   4    0    2    5    1    0    0    0    0    3  
   3    4    0    0    5    0    0    0    2    1  
   3    0    4    0    1    0    2    0    0    5  
   0    1    0    0    3    2    0    5    4    0  
   3    0    5    0    0    0    4    2    0    1  
   4    0    1    0    0    3    5    0    2    0  
   0    5    0    0    3    4    0    1    0    2  
   2    0    3    5    1    0    4    0    0    0  
   0    0    1    0    0    4    0    5    2    3  
   2    0    0    5    0    3    0    1    0    4  
   0    2    0    3    0    5    0    4    1    0  
   3    0    0    0    0    4    1    0    5    2  
   0    4    1    5    0    0    3    0    2    0  
   0    0    0    2    0    4    5    3    1    0  
   5    0    0    0    0    3    0    1    4    2  
   0    0    0    1    2    0    3    4    0    5  
   2    3    0    0    1    4    0    5    0    0  
   2    0    0    4    0    0    0    3    5    1  
   5    4    1    0    0    3    0    0    0    2  
   0    5    0    0    0    2    3    0    4    1  
   0    2    0    5    0    1    0    3    0    4  ] 
RESERVATION PRICES : [    6    7    0    0    0    6    0    0    6    7  
   6    0    6    7    7    0    6    0    0    0  
  11    0    9    0   10    9    0    0    0    9  
   0    0   14   18    0   18    0   19   19    0  
   0    0   18   18   23   22    0    0    0   21  
   0    0    0   20   25   19   20    0   22    0  
   0    0   22   22    0   24    0   23   22    0  
   0   22    0    0   25   20    0    0   19   23  
  28   29    0    0    0   22    0   22    0   28  
   0    0    0   25   33    0   30    0   25   29  
  29    0   30    0    0    0   31   32    0   33  
  37   30   37    0    0    0   34    0   34    0  
  36    0   46   45   41    0    0    0   36    0  
  39    0   48    0    0   40   48    0   36    0  
  43   41   39    0    0    0   44    0    0   45  
  42    0   51   44   48    0    0    0    0   42  
  49    0    0    0    0   55   59   44    0   53  
  60    0    0    0    0    0   47   47   53   47  
   0   69   60   60    0    0   58    0   53    0  
   0   67    0    0   69   66   60    0    0   65  
  74   63    0   78   64    0   64    0    0    0  
   0    0   76   72   75    0    0   67    0   66  
  68   75    0    0    0    0   67   68    0   59  
  87   79   84    0    0   80    0    0    0   84  
   0   85    0   81   66    0    0   85    0   68  
  87    0   73    0   79    0   92    0   74    0  
  93    0  100    0   80    0   83    0   91    0  
  79    0   97    0    0    0   85    0   93   94  
  82    0   95    0    0    0    0  101   95   85  
   0   92    0  102    0    0  112  107    0   96  
  94  101  113    0    0    0    0  102  113    0  
 115  102    0   99    0    0  106    0  114    0  
   0  106  122    0    0  118   99    0  127    0  
   0    0  112  109  101    0    0  132   97    0  
 118    0   98   98   97    0  129    0    0    0  
   0  118  123  130    0  127  116    0    0    0  
   0  126    0  114  120  113    0    0  109    0  
   0    0    0    0  130    0  120  112  124  134  
   0  145    0    0  153    0  128    0  123  134  
   0  126    0  128    0  145  114    0    0  145  
   0    0  153    0  124    0  129  123    0  156  
 134    0  122    0  122    0  128    0    0  132  
 132    0  160  144  133    0    0    0  127    0  
 147    0  135  156    0    0    0  133    0  142  
 137    0  145    0    0    0  128  144    0  122  
   0  137    0    0    0  157  166    0  132  159  
 146    0  139    0  155  155    0    0    0  133  
 180    0    0    0  176  140  169    0    0  139  
 188  157    0    0  149  185    0    0  184    0  
   0    0  174    0    0    0  190  154  149  157  
 180    0    0    0  153  152    0  191  165    0  
   0    0  192  161    0  169  148    0  163    0  
 182  152    0  162  151    0  163    0    0    0  
 185    0  162    0  160    0  198    0  194    0  
   0  163    0    0  174  174  201    0    0  167  
 177  176  160    0    0    0    0    0  170  213  
 172    0    0    0  198    0  184  212  171    0  
 187    0  211    0    0    0  198    0  211  212  
   0  225    0  192    0  213    0  223    0  187  
   0  195    0  206  188    0  191    0    0  192  
 229    0    0    0    0    0  223  199  212  187  
   0  224    0  238  203  181    0    0    0  201  
   0    0  208    0    0  237  191  231    0  236  
 219    0    0  217    0  203  227  240    0    0  
   0  222  236  220    0    0    0    0  175  198  
 246    0    0    0  194  184    0  204    0  182  
   0    0  234    0    0  212    0  213  245  185  
   0    0    0  251    0  212  182  210  196    0  
 208    0    0    0  245  197    0  220  261    0  
 247    0    0    0  201    0    0  221  210  251  
 219    0  234    0  200  264    0    0  210    0  
 213    0    0  239  244  265    0    0    0  225  
 215    0  255    0  263  207    0  201    0    0  
   0    0    0  227    0  270  246  272  255    0  
 258  235    0  277    0  249  213    0    0    0  
 260    0    0    0    0  245  253  243    0  285  
 240    0    0    0  236    0  255  278  267    0  
   0  216    0  259    0  250  212    0  223    0  
   0  216  221  224  256    0  279    0    0    0  
 272    0  259  223  232    0    0    0    0  234  
 295  231    0    0  280    0    0    0  298  257  
 294    0  234    0  250    0  224    0    0  244  
   0  284    0    0  280  283    0  308  274    0  
 229    0  318    0    0    0  284  251    0  282  
 294    0  275    0    0  299  237    0  233    0  
   0  306    0    0  262  237    0  313    0  270  
 245    0  256  300  292    0  272    0    0    0  
   0    0  292    0    0  309    0  235  280  242  
 291    0    0  322    0  262    0  321    0  245  
   0  275    0  246    0  244    0  320  329    0  
 306    0    0    0    0  259  264    0  249  298  
   0  260  307  260    0    0  307    0  256    0  
   0    0    0  279    0  269  292  279  296    0  
 270    0    0    0    0  252    0  323  257  321  
   0    0    0  269  284    0  349  318    0  310  
 351  272    0    0  323  259    0  266    0    0  
 326    0    0  286    0    0    0  288  306  308  
 355  333  282    0    0  273    0    0    0  315  
   0  358    0    0    0  272  294    0  307  355  
   0  306    0  292    0  310    0  329    0  357  ] 
 ] 
