K : 150
I : 10
C : 15
INSTANCE : 1
PREFERENCES : [    5    0    0    3    0    4    0    0    2    1  
   0    2    0    3    0    4    0    5    1    0  
   0    0    3    0    5    0    2    4    1    0  
   0    2    3    5    0    0    4    1    0    0  
   0    2    0    5    1    0    0    4    3    0  
   4    0    0    0    0    5    0    2    3    1  
   0    0    0    2    4    3    5    0    0    1  
   5    2    4    0    0    3    1    0    0    0  
   0    2    3    0    0    1    5    4    0    0  
   5    4    0    0    0    2    0    1    0    3  
   0    0    4    0    1    3    0    0    2    5  
   0    0    0    3    0    4    2    5    1    0  
   1    4    2    0    3    0    0    0    5    0  
   0    4    0    0    0    5    0    1    2    3  
   3    5    2    4    1    0    0    0    0    0  
   1    5    0    3    0    0    4    0    0    2  
   0    0    0    5    3    0    2    1    4    0  
   0    1    3    5    0    0    0    0    2    4  
   2    0    0    0    5    3    0    4    0    1  
   0    3    2    4    5    0    0    1    0    0  
   4    2    0    0    5    0    0    0    3    1  
   1    0    0    5    4    0    3    0    0    2  
   4    3    0    1    0    0    0    2    0    5  
   0    0    0    4    3    0    2    0    5    1  
   0    1    0    5    0    0    4    3    2    0  
   5    4    1    0    0    3    0    2    0    0  
   0    5    3    0    4    2    0    0    0    1  
   2    0    0    4    0    0    1    3    0    5  
   1    3    0    0    0    0    5    4    0    2  
   3    0    4    0    0    0    2    0    5    1  
   0    0    1    0    0    0    3    4    2    5  
   1    0    2    5    0    0    3    4    0    0  
   4    0    1    3    0    0    0    5    0    2  
   4    1    0    0    0    2    5    0    0    3  
   0    5    4    3    1    0    0    0    2    0  
   0    1    0    0    0    4    3    5    2    0  
   0    2    0    0    0    3    0    4    5    1  
   2    3    0    0    5    4    1    0    0    0  
   4    5    0    0    0    0    0    1    3    2  
   1    4    0    0    0    2    0    3    0    5  
   4    0    5    0    0    0    2    0    3    1  
   0    0    0    5    1    0    2    4    0    3  
   0    5    0    2    1    3    0    0    4    0  
   2    1    0    5    4    0    0    0    3    0  
   0    1    0    3    2    4    0    5    0    0  
   0    0    1    2    4    0    3    0    0    5  
   3    1    4    0    5    0    2    0    0    0  
   4    5    3    0    0    0    2    1    0    0  
   0    2    0    0    4    0    1    3    0    5  
   0    1    0    0    0    0    3    5    2    4  
   1    0    4    2    0    0    0    3    0    5  
   1    0    5    2    0    0    0    0    4    3  
   1    0    4    2    0    0    3    5    0    0  
   0    5    1    0    2    0    4    0    3    0  
   5    2    0    1    4    0    0    0    3    0  
   0    0    5    0    3    2    0    1    0    4  
   0    0    0    4    0    5    2    1    0    3  
   3    0    0    1    5    0    4    2    0    0  
   2    0    1    0    5    3    0    4    0    0  
   0    3    5    0    0    1    4    2    0    0  
   0    4    0    0    0    5    0    3    2    1  
   0    0    1    0    5    2    0    3    0    4  
   4    2    0    5    0    1    0    0    3    0  
   0    3    0    0    2    1    5    0    4    0  
   4    2    1    0    0    0    0    3    0    5  
   2    0    0    0    1    3    0    0    4    5  
   0    0    0    2    0    5    0    1    3    4  
   0    3    0    4    0    5    1    0    0    2  
   4    0    3    0    0    0    1    0    2    5  
   0    5    0    1    3    0    4    2    0    0  
   2    0    4    0    0    0    1    3    0    5  
   0    0    3    0    1    5    0    2    4    0  
   1    4    0    0    3    2    5    0    0    0  
   0    0    0    5    0    3    1    4    2    0  
   2    0    5    1    4    0    0    0    3    0  
   4    0    0    3    1    0    0    2    5    0  
   3    2    0    0    5    4    1    0    0    0  
   5    0    1    3    0    0    0    0    4    2  
   0    2    5    1    0    4    0    0    3    0  
   1    0    2    0    3    0    4    0    0    5  
   0    0    0    1    2    0    5    3    4    0  
   5    1    0    0    3    2    0    0    4    0  
   0    0    0    5    0    2    3    4    0    1  
   2    0    4    3    0    0    0    5    0    1  
   0    0    1    0    5    0    2    3    0    4  
   5    1    0    0    2    0    0    0    4    3  
   0    4    1    0    3    0    0    2    0    5  
   0    0    0    5    2    1    0    4    0    3  
   4    1    3    5    0    0    2    0    0    0  
   1    0    0    5    3    0    0    0    4    2  
   0    4    3    2    0    5    0    0    0    1  
   4    0    0    2    0    5    0    0    3    1  
   2    0    0    3    0    5    0    4    0    1  
   5    0    1    4    0    3    0    2    0    0  
   0    0    4    0    3    1    2    0    0    5  
   3    0    2    1    0    0    0    0    5    4  
   0    0    1    0    0    5    0    4    3    2  
   4    2    0    1    5    3    0    0    0    0  
   0    4    0    0    0    0    2    1    5    3  
   1    3    0    0    2    0    0    4    0    5  
   0    0    0    3    0    0    5    2    1    4  
   1    3    0    5    0    0    0    0    2    4  
   4    1    5    0    0    0    2    3    0    0  
   0    4    0    0    5    3    0    1    0    2  
   0    5    2    0    0    3    1    0    4    0  
   0    0    0    2    3    5    0    0    1    4  
   0    2    1    4    0    5    0    0    0    3  
   3    2    0    0    4    0    5    0    0    1  
   1    0    3    0    0    2    4    0    5    0  
   1    0    5    0    2    0    0    3    4    0  
   4    0    0    1    5    0    2    3    0    0  
   0    0    5    1    0    4    0    3    0    2  
   3    4    0    0    1    5    0    2    0    0  
   1    2    0    3    0    0    4    0    0    5  
   0    1    4    0    5    0    0    2    0    3  
   1    2    0    3    5    0    0    0    4    0  
   0    0    1    0    0    2    5    0    3    4  
   5    0    0    4    0    3    1    2    0    0  
   0    0    0    0    1    2    4    5    0    3  
   1    2    0    0    5    0    3    4    0    0  
   0    4    3    0    2    0    0    5    0    1  
   3    1    0    0    0    4    0    5    0    2  
   2    5    0    0    0    3    0    4    0    1  
   2    4    0    0    0    0    3    5    1    0  
   0    0    2    3    0    4    0    0    1    5  
   0    1    3    4    5    2    0    0    0    0  
   5    1    0    4    2    0    0    3    0    0  
   0    0    0    3    5    2    4    1    0    0  
   2    0    0    5    0    1    3    0    0    4  
   1    2    3    0    0    4    5    0    0    0  
   0    1    2    0    0    3    0    0    4    5  
   0    5    1    0    0    2    0    4    0    3  
   4    0    1    0    5    0    0    3    0    2  
   0    0    2    0    3    0    1    5    0    4  
   1    0    0    2    0    0    0    3    4    5  
   3    5    4    0    0    1    2    0    0    0  
   0    3    4    2    0    1    0    0    0    5  
   3    0    5    0    0    1    4    0    0    2  
   3    4    0    0    5    2    0    0    1    0  
   5    0    0    4    2    0    1    3    0    0  
   0    1    2    0    0    0    5    3    4    0  
   5    0    1    0    3    0    4    0    0    2  
   3    0    0    4    5    0    0    1    0    2  
   0    3    4    0    5    1    0    0    0    2  
   0    0    0    5    1    3    4    2    0    0  
   2    0    0    4    0    3    5    0    0    1  
   0    0    0    5    4    0    3    2    1    0  
   0    0    3    0    4    0    5    0    2    1  
   3    1    0    0    0    0    4    2    5    0  
   0    0    0    3    0    1    4    2    5    0  ] 
RESERVATION PRICES : [    6    0    0    7    0    7    0    0    7    7  
   0    7    0    7    0    6    0    7    6    0  
   0    0   13    0   11    0   14   11   13    0  
   0   14   17   17    0    0   14   13    0    0  
   0   18    0   22   22    0    0   22   20    0  
  19    0    0    0    0   19    0   23   24   23  
   0    0    0   23   29   30   30    0    0   30  
  38   35   32    0    0   29   34    0    0    0  
   0   30   32    0    0   34   33   36    0    0  
  43   38    0    0    0   42    0   36    0   45  
   0    0   39    0   45   38    0    0   38   45  
   0    0    0   47    0   48   42   41   36    0  
  42   39   40    0   42    0    0    0   44    0  
   0   44    0    0    0   45    0   41   41   47  
  56   50   57   49   53    0    0    0    0    0  
  63   53    0   52    0    0   56    0    0   58  
   0    0    0   65   53    0   64   55   65    0  
   0   67   64   61    0    0    0    0   56   58  
  54    0    0    0   51   65    0   67    0   57  
   0   68   65   70   71    0    0   66    0    0  
  63   68    0    0   73    0    0    0   66   70  
  60    0    0   59   67    0   65    0    0   62  
  69   70    0   76    0    0    0   68    0   75  
   0    0    0   64   66    0   69    0   70   77  
   0   84    0   88    0    0   83   73   76    0  
  92   80   88    0    0   80    0   87    0    0  
   0   80   93    0   69   80    0    0    0   74  
  99    0    0   83    0    0   83   78    0   81  
  93  100    0    0    0    0   81   80    0   91  
  82    0   95    0    0    0  102    0   89   84  
   0    0   96    0    0    0  114  114   94   98  
 106    0  117  108    0    0  118   91    0    0  
 116    0  101  116    0    0    0  107    0  106  
  92  124    0    0    0  111  119    0    0  123  
   0  117  114  105   98    0    0    0  125    0  
   0  122    0    0    0  115  107  113  104    0  
   0  139    0    0    0  127    0  104  108  138  
 125  125    0    0  131  114  120    0    0    0  
 117  120    0    0    0    0    0  124  132  122  
 145  131    0    0    0  118    0  148    0  123  
 115    0  127    0    0    0  137    0  130  117  
   0    0    0  148  131    0  137  132    0  117  
   0  145    0  128  124  128    0    0  135    0  
 127  159    0  127  151    0    0    0  159    0  
   0  121    0  141  142  145    0  145    0    0  
   0    0  139  127  144    0  162    0    0  140  
 149  132  160    0  170    0  165    0    0    0  
 152  144  146    0    0    0  160  150    0    0  
   0  181    0    0  176    0  164  180    0  135  
   0  172    0    0    0    0  146  156  166  174  
 149    0  170  140    0    0    0  144    0  151  
 144    0  167  176    0    0    0    0  138  171  
 149    0  154  177    0    0  186  168    0    0  
   0  181  188    0  143    0  192    0  173    0  
 160  195    0  154  153    0    0    0  170    0  
   0    0  200    0  189  168    0  171    0  149  
   0    0    0  157    0  155  198  160    0  179  
 178    0    0  195  175    0  183  188    0    0  
 209    0  171    0  209  185    0  183    0    0  
   0  180  195    0    0  163  179  217    0    0  
   0  210    0    0    0  173    0  210  204  208  
   0    0  180    0  187  166    0  192    0  195  
 230  175    0  166    0  208    0    0  207    0  
   0  221    0    0  168  180  177    0  175    0  
 215  185  205    0    0    0    0  186    0  181  
 222    0    0    0  207  186    0    0  227  242  
   0    0    0  212    0  240    0  192  180  212  
   0  206    0  217    0  213  215    0    0  239  
 217    0  250    0    0    0  200    0  238  215  
   0  195    0  196  220    0  198  220    0    0  
 193    0  227    0    0    0  243  188    0  254  
   0    0  219    0  248  219    0  195  231    0  
 255  247    0    0  227  267  242    0    0    0  
   0    0    0  206    0  236  268  228  223    0  
 266    0  240  247  216    0    0    0  233    0  
 247    0    0  283  256    0    0  228  214    0  
 248  235    0    0  235  219  234    0    0    0  
 224    0  231  286    0    0    0    0  262  222  
   0  293  210  214    0  288    0    0  256    0  
 256    0  278    0  289    0  292    0    0  285  
   0    0    0  217  276    0  243  266  280    0  
 222  280    0    0  228  237    0    0  247    0  
   0    0    0  289    0  272  240  254    0  266  
 255    0  270  220    0    0    0  242    0  301  
   0    0  284    0  273    0  228  290    0  270  
 294  310    0    0  267    0    0    0  232  270  
   0  267  244    0  315    0    0  235    0  313  
   0    0    0  318  238  288    0  251    0  298  
 237  264  276  317    0    0  300    0    0    0  
 321    0    0  274  233    0    0    0  308  267  
   0  246  240  255    0  302    0    0    0  246  
 311    0    0  318    0  283    0    0  301  325  
 291    0    0  256    0  262    0  320    0  329  
 255    0  248  247    0  323    0  332    0    0  
   0    0  308    0  321  248  340    0    0  267  
 250    0  265  294    0    0    0    0  286  321  
   0    0  255    0    0  337    0  268  348  308  
 345  306    0  332  265  271    0    0    0    0  
   0  361    0    0    0    0  306  289  327  329  
 353  298    0    0  288    0    0  324    0  361  
   0    0    0  272    0    0  335  340  324  268  
 331  293    0  269    0    0    0    0  320  283  
 347  329  328    0    0    0  335  308    0    0  
   0  354    0    0  362  369    0  304    0  379  
   0  361  349    0    0  345  336    0  301    0  
   0    0    0  347  319  317    0    0  317  305  
   0  365  377  341    0  386    0    0    0  346  
 314  373    0    0  357    0  363    0    0  307  
 309    0  336    0    0  305  305    0  395    0  
 409    0  315    0  401    0    0  309  364    0  
 397    0    0  396  364    0  393  409    0    0  
   0    0  374  411    0  364    0  381    0  380  
 412  362    0    0  367  357    0  418    0    0  
 421  371    0  352    0    0  392    0    0  348  
   0  375  425    0  323    0    0  345    0  340  
 318  391    0  326  368    0    0    0  430    0  
   0    0  416    0    0  346  384    0  438  393  
 373    0    0  386    0  332  332  379    0    0  
   0    0    0    0  373  361  439  410    0  396  
 441  435    0    0  376    0  439  389    0    0  
   0  372  428    0  365    0    0  346    0  392  
 346  379    0    0    0  341    0  358    0  438  
 399  414    0    0    0  396    0  355    0  379  
 425  404    0    0    0    0  344  382  384    0  
   0    0  371  450    0  447    0    0  408  409  
   0  365  389  390  398  408    0    0    0    0  
 462  439    0  385  462    0    0  391    0    0  
   0    0    0  361  403  409  372  458    0    0  
 450    0    0  442    0  452  478    0    0  446  
 490  363  382    0    0  459  456    0    0    0  
   0  479  400    0    0  364    0    0  437  498  
   0  501  485    0    0  360    0  476    0  468  
 434    0  424    0  388    0    0  477    0  404  
   0    0  458    0  468    0  408  496    0  421  
 437    0    0  434    0    0    0  385  491  473  
 379  382  522    0    0  465  490    0    0    0  
   0  499  416  503    0  485    0    0    0  506  
 452    0  440    0    0  459  456    0    0  444  
 389  492    0    0  522  462    0    0  387    0  
 386    0    0  521  521    0  407  429    0    0  
   0  452  531    0    0    0  486  423  393    0  
 420    0  512    0  468    0  429    0    0  519  
 419    0    0  462  540    0    0  506    0  398  
   0  455  426    0  516  403    0    0    0  417  
   0    0    0  422  420  490  462  532    0    0  
 444    0    0  549    0  511  488    0    0  552  
   0    0    0  409  460    0  521  524  404    0  
   0    0  491    0  456    0  442    0  469  545  
 426  553    0    0    0    0  493  552  451    0  
   0    0    0  457    0  469  433  425  442    0  ] 
 ] 
