K : 125
I : 5
C : 13
INSTANCE : 5
PREFERENCES : [    3    0    2    0    1  
   0    2    1    0    3  
   0    3    2    0    1  
   0    3    2    0    1  
   0    2    1    0    3  
   0    2    1    0    3  
   3    1    0    0    2  
   0    1    2    0    3  
   1    3    0    2    0  
   3    2    1    0    0  
   2    0    3    0    1  
   1    0    2    3    0  
   3    1    0    2    0  
   0    0    2    3    1  
   0    1    2    0    3  
   3    2    0    1    0  
   2    0    3    1    0  
   2    0    0    1    3  
   3    1    0    0    2  
   2    3    0    1    0  
   2    3    1    0    0  
   0    2    0    3    1  
   1    2    3    0    0  
   0    0    3    1    2  
   0    1    3    2    0  
   2    0    0    1    3  
   1    0    2    3    0  
   1    2    0    3    0  
   3    1    0    2    0  
   0    2    0    3    1  
   2    1    3    0    0  
   3    2    0    1    0  
   0    1    0    3    2  
   0    1    0    3    2  
   0    1    0    2    3  
   0    3    2    1    0  
   1    0    3    2    0  
   2    0    1    0    3  
   3    0    2    1    0  
   1    3    0    2    0  
   1    2    0    0    3  
   0    1    3    0    2  
   1    0    3    0    2  
   1    0    0    3    2  
   2    1    0    3    0  
   1    3    0    0    2  
   2    3    0    1    0  
   2    1    0    0    3  
   1    3    0    2    0  
   0    1    0    2    3  
   3    0    1    0    2  
   3    2    0    1    0  
   0    2    1    0    3  
   0    0    2    3    1  
   1    2    0    0    3  
   0    3    1    2    0  
   2    0    3    1    0  
   3    1    2    0    0  
   3    0    1    2    0  
   2    0    0    1    3  
   1    0    3    2    0  
   3    0    1    2    0  
   1    2    0    0    3  
   1    0    2    3    0  
   1    2    3    0    0  
   0    2    3    1    0  
   0    1    0    2    3  
   3    1    0    0    2  
   3    2    1    0    0  
   1    0    3    0    2  
   0    1    0    2    3  
   0    2    3    0    1  
   0    2    0    3    1  
   2    3    1    0    0  
   1    3    0    2    0  
   1    3    2    0    0  
   2    0    3    1    0  
   1    0    2    3    0  
   0    3    2    0    1  
   1    0    3    0    2  
   0    1    0    3    2  
   0    1    2    3    0  
   1    0    2    0    3  
   3    0    1    0    2  
   1    0    3    2    0  
   0    3    2    1    0  
   2    0    1    0    3  
   2    1    3    0    0  
   3    1    0    2    0  
   1    2    0    0    3  
   2    0    3    0    1  
   3    0    1    0    2  
   2    3    1    0    0  
   0    2    3    1    0  
   2    0    3    0    1  
   2    1    0    0    3  
   0    3    2    1    0  
   0    0    2    1    3  
   2    3    0    0    1  
   3    1    0    0    2  
   0    1    2    3    0  
   0    2    0    3    1  
   0    2    1    0    3  
   0    2    1    0    3  
   0    0    1    2    3  
   2    0    0    3    1  
   0    0    2    3    1  
   2    0    0    3    1  
   2    1    3    0    0  
   0    1    3    0    2  
   0    1    3    2    0  
   1    2    0    0    3  
   0    3    0    1    2  
   1    0    2    3    0  
   2    0    3    0    1  
   0    3    2    0    1  
   0    1    0    2    3  
   3    0    1    0    2  
   1    2    3    0    0  
   1    0    3    2    0  
   2    1    3    0    0  
   2    0    0    3    1  
   1    2    3    0    0  
   1    3    2    0    0  
   1    0    2    3    0  ] 
RESERVATION PRICES : [    6    0    7    0    6  
   0    7    6    0    7  
   0    7    7    0    7  
   0    9   11    0   12  
   0   13   17    0   15  
   0   20   23    0   23  
  24   18    0    0   21  
   0   25   25    0   27  
  31   31    0   29    0  
  31   32   33    0    0  
  30    0   37    0   29  
  33    0   29   37    0  
  39   38    0   34    0  
   0    0   32   35   44  
   0   37   45    0   46  
  49   45    0   49    0  
  51    0   45   43    0  
  62    0    0   51   57  
  46   46    0    0   60  
  55   56    0   65    0  
  61   61   55    0    0  
   0   73    0   73   72  
  70   55   74    0    0  
   0    0   62   74   70  
   0   62   85   70    0  
  71    0    0   68   84  
  75    0   85   69    0  
  96   90    0   80    0  
 101   94    0   84    0  
   0  103    0   81   93  
  92  114   97    0    0  
  89  112    0   97    0  
   0  106    0  107  101  
   0   87    0  110  104  
   0   94    0   89  112  
   0  110  115   94    0  
 101    0  125  114    0  
 122    0  104    0  134  
 139    0  131  108    0  
 120  110    0  120    0  
 129  123    0    0  146  
   0  143  126    0  146  
 140    0  158    0  153  
 139    0    0  159  139  
 160  126    0  127    0  
 151  142    0    0  153  
 143  161    0  147    0  
 137  133    0    0  133  
 144  161    0  133    0  
   0  143    0  182  186  
 182    0  184    0  177  
 146  169    0  183    0  
   0  176  152    0  151  
   0    0  142  191  149  
 195  204    0    0  176  
   0  160  206  187    0  
 174    0  168  199    0  
 196  188  191    0    0  
 172    0  181  162    0  
 199    0    0  217  206  
 218    0  201  207    0  
 219    0  168  225    0  
 231  175    0    0  191  
 219    0  232  215    0  
 194  184  227    0    0  
   0  179  188  239    0  
   0  179    0  198  223  
 200  223    0    0  231  
 216  213  213    0    0  
 230    0  249    0  200  
   0  257    0  214  260  
   0  211  208    0  223  
   0  205    0  244  199  
 209  229  238    0    0  
 247  274    0  257    0  
 252  207  217    0    0  
 252    0  236  261    0  
 287    0  219  276    0  
   0  231  224    0  261  
 289    0  292    0  260  
   0  295    0  272  294  
   0  273  257  276    0  
 271    0  234    0  250  
 248    0  271    0  232  
 274    0  321  236    0  
   0  308  320  232    0  
 276    0  273    0  266  
 252  263  259    0    0  
 300  243    0  318    0  
 290  329    0    0  288  
 315    0  315    0  253  
 301    0  248    0  252  
 253  286  298    0    0  
   0  333  346  337    0  
 339    0  323    0  292  
 254  329    0    0  261  
   0  313  284  327    0  
   0    0  265  270  343  
 294  331    0    0  324  
 298  317    0    0  360  
   0  369  342  294    0  
   0  332    0  323  329  
   0  348  314    0  280  
   0  282  314    0  332  
   0    0  329  372  378  
 377    0    0  327  321  
   0    0  356  315  370  
 326    0    0  344  380  
 363  317  361    0    0  
   0  321  373    0  397  
   0  319  352  349    0  
 315  401    0    0  338  
   0  316    0  400  384  
 411    0  381  373    0  
 363    0  400    0  344  
   0  369  388    0  390  
   0  414    0  341  323  
 385    0  385    0  401  
 360  427  386    0    0  
 376    0  331  396    0  
 430  359  388    0    0  
 350    0    0  353  388  
 459  344  332    0    0  
 463  417  375    0    0  
 423    0  342  404    0  ] 
 ] 
