K : 125
I : 10
C : 5
INSTANCE : 5
PREFERENCES : [    5    0    3    4    0    1    0    0    0    2  
   0    0    0    2    3    0    4    1    5    0  
   3    0    0    0    0    1    4    0    5    2  
   0    0    4    1    0    2    5    0    0    3  
   0    3    0    4    2    5    0    0    0    1  
   1    0    4    3    0    0    5    2    0    0  
   0    0    3    4    0    2    0    1    5    0  
   4    0    1    0    5    3    0    0    2    0  
   0    4    0    0    0    5    3    1    2    0  
   0    4    1    5    2    3    0    0    0    0  
   5    0    0    0    4    0    0    1    3    2  
   3    0    5    4    0    2    1    0    0    0  
   4    1    2    5    0    0    3    0    0    0  
   4    5    0    0    2    0    0    1    3    0  
   1    0    2    3    0    0    5    4    0    0  
   0    0    3    5    0    2    4    0    0    1  
   0    4    1    0    5    0    3    0    0    2  
   0    4    1    5    0    0    3    0    2    0  
   0    0    3    4    0    1    0    0    5    2  
   0    0    3    1    4    0    0    2    0    5  
   2    0    5    3    0    4    0    1    0    0  
   4    3    0    2    0    0    5    0    1    0  
   1    0    4    2    0    3    5    0    0    0  
   5    0    2    1    4    0    0    0    0    3  
   3    1    4    0    0    5    0    0    0    2  
   5    1    3    0    0    0    0    2    0    4  
   0    0    1    0    2    0    4    0    3    5  
   2    0    0    1    4    5    0    3    0    0  
   5    4    0    0    1    0    0    3    0    2  
   5    4    0    1    3    0    0    0    0    2  
   1    0    5    0    2    3    0    4    0    0  
   0    4    0    0    1    3    0    2    5    0  
   3    0    1    0    0    2    0    5    4    0  
   5    0    0    0    2    4    1    0    0    3  
   0    4    2    0    0    3    1    5    0    0  
   5    0    0    0    3    4    1    2    0    0  
   5    0    2    0    0    0    1    3    4    0  
   0    1    0    0    0    2    5    4    0    3  
   0    0    5    0    3    0    4    0    1    2  
   1    4    2    5    0    0    3    0    0    0  
   0    0    2    3    0    5    1    0    0    4  
   0    3    0    1    4    0    0    5    2    0  
   4    0    0    5    2    0    0    1    0    3  
   0    0    4    0    0    2    1    0    5    3  
   3    1    0    0    0    0    5    4    0    2  
   3    5    0    0    0    1    2    0    4    0  
   0    0    0    1    0    4    3    0    5    2  
   0    0    4    0    0    5    2    1    3    0  
   3    0    1    2    4    5    0    0    0    0  
   0    0    0    0    3    0    2    5    1    4  
   3    5    1    0    0    0    0    4    2    0  
   4    2    0    0    5    1    3    0    0    0  
   0    0    0    0    0    1    4    3    5    2  
   5    0    2    4    1    0    3    0    0    0  
   0    3    4    0    0    0    5    0    2    1  
   0    1    4    2    3    0    0    5    0    0  
   0    5    2    0    1    0    4    3    0    0  
   2    0    0    3    5    0    1    0    0    4  
   0    0    2    1    4    3    0    0    0    5  
   5    0    2    3    0    0    0    1    0    4  
   0    0    1    0    5    2    4    3    0    0  
   0    1    0    4    0    5    0    2    3    0  
   3    5    0    0    2    0    0    0    4    1  
   4    0    0    0    1    3    5    0    2    0  
   5    0    2    0    0    0    4    1    0    3  
   4    0    0    0    5    1    0    3    2    0  
   5    1    2    0    4    3    0    0    0    0  
   0    4    0    0    3    0    5    0    1    2  
   0    5    0    2    0    4    0    3    0    1  
   1    0    0    3    0    4    5    0    0    2  
   1    0    0    5    3    0    0    4    2    0  
   0    3    0    0    0    1    5    2    4    0  
   3    2    5    0    0    0    4    0    1    0  
   0    0    3    4    2    5    0    0    1    0  
   1    0    0    0    0    3    4    5    2    0  
   0    0    4    2    0    3    0    0    1    5  
   4    0    0    0    0    2    3    0    1    5  
   5    0    1    4    0    0    0    2    3    0  
   4    3    0    2    0    1    0    0    0    5  
   1    4    0    0    2    0    5    0    0    3  
   1    0    0    4    3    0    0    2    5    0  
   5    0    4    2    0    0    0    3    0    1  
   0    5    2    0    0    1    4    0    3    0  
   0    0    0    3    4    5    0    0    1    2  
   0    1    0    0    3    0    2    4    5    0  
   1    0    0    4    3    2    0    0    0    5  
   0    0    3    2    0    0    4    0    1    5  
   0    0    5    3    0    4    2    0    1    0  
   0    0    1    0    5    4    3    2    0    0  
   0    1    0    3    0    0    5    4    0    2  
   5    0    4    2    0    0    0    1    3    0  
   0    5    4    1    2    0    0    3    0    0  
   4    3    0    0    0    5    0    2    0    1  
   0    0    0    1    3    0    0    4    2    5  
   1    2    0    5    3    0    4    0    0    0  
   0    4    0    1    0    0    2    0    3    5  
   3    0    0    5    0    0    0    4    1    2  
   0    5    3    2    0    1    0    0    4    0  
   4    0    2    0    0    3    0    0    1    5  
   2    0    1    0    0    4    0    3    0    5  
   0    5    2    0    1    0    0    3    0    4  
   5    0    0    3    0    0    2    0    1    4  
   0    3    2    0    0    1    0    4    5    0  
   0    5    4    3    2    0    1    0    0    0  
   2    0    3    0    4    1    0    0    5    0  
   4    0    0    1    3    0    0    5    2    0  
   1    0    5    3    0    0    0    2    0    4  
   0    5    1    0    2    0    4    0    3    0  
   3    1    0    0    4    0    0    2    5    0  
   3    0    0    4    0    5    0    1    0    2  
   0    0    5    4    3    0    0    2    1    0  
   1    5    0    0    0    3    0    4    2    0  
   0    3    1    0    4    0    2    5    0    0  
   3    0    0    0    0    2    1    5    4    0  
   0    0    0    1    0    5    0    2    4    3  
   0    1    0    5    0    0    4    0    2    3  
   0    0    3    0    2    0    0    1    5    4  
   0    0    0    3    1    5    0    4    2    0  
   5    2    0    1    0    4    0    0    3    0  
   2    0    4    0    0    3    1    0    5    0  
   1    0    5    0    2    0    0    3    4    0  
   0    2    0    1    0    0    4    5    0    3  
   4    0    1    3    2    5    0    0    0    0  
   1    0    2    5    0    3    0    0    0    4  
   0    5    0    1    4    0    3    0    2    0  ] 
RESERVATION PRICES : [   10    0    8   10    0   10    0    0    0    8  
   0    0    0    9   10    0   10    9   11    0  
  14    0    0    0    0   13   13    0   14   14  
   0    0   16   13    0   15   16    0    0   16  
   0   19    0   19   21   23    0    0    0   23  
  23    0   21   19    0    0   24   21    0    0  
   0    0   19   20    0   19    0   21   22    0  
  29    0   28    0   26   30    0    0   28    0  
   0   30    0    0    0   28   32   31   25    0  
   0   41   34   35   42   42    0    0    0    0  
  42    0    0    0   34    0    0   35   41   43  
  52    0   41   47    0   49   50    0    0    0  
  38   42   42   39    0    0   50    0    0    0  
  51   46    0    0   47    0    0   43   48    0  
  52    0   43   46    0    0   43   49    0    0  
   0    0   49   52    0   52   42    0    0   52  
   0   42   52    0   52    0   44    0    0   56  
   0   54   51   53    0    0   53    0   66    0  
   0    0   51   56    0   63    0    0   64   51  
   0    0   67   68   68    0    0   66    0   68  
  65    0   62   65    0   60    0   72    0    0  
  61   73    0   77    0    0   62    0   74    0  
  79    0   70   63    0   78   72    0    0    0  
  83    0   71   64   63    0    0    0    0   63  
  67   75   76    0    0   91    0    0    0   84  
  85   70   87    0    0    0    0   85    0   71  
   0    0   95    0   91    0   71    0   86   94  
  76    0    0  102   88  100    0   86    0    0  
  95   98    0    0   98    0    0   91    0   98  
 110  112    0  108   85    0    0    0    0   83  
 101    0  109    0  113  108    0  105    0    0  
   0  110    0    0  109   87    0  101  104    0  
 112    0  109    0    0   90    0   89  103    0  
 101    0    0    0  121  110   94    0    0   97  
   0  103  101    0    0  130  119  108    0    0  
 106    0    0    0  107  103  103  120    0    0  
 129    0  101    0    0    0  116  125  114    0  
   0  126    0    0    0  134  131  112    0  127  
   0    0  127    0  135    0  123    0  118  132  
 152  140  145  118    0    0  131    0    0    0  
   0    0  132  118    0  115  147    0    0  130  
   0  126    0  126  151    0    0  116  140    0  
 121    0    0  130  164    0    0  140    0  156  
   0    0  134    0    0  169  157    0  144  139  
 155  151    0    0    0    0  129  165    0  144  
 142  173    0    0    0  151  165    0  151    0  
   0    0    0  147    0  174  185    0  158  163  
   0    0  155    0    0  182  154  149  163    0  
 160    0  188  184  192  155    0    0    0    0  
   0    0    0    0  153    0  144  175  149  182  
 149  159  158    0    0    0    0  158  195    0  
 154  204    0    0  147  180  149    0    0    0  
   0    0    0    0    0  172  176  161  163  203  
 172    0  201  213  178    0  206    0    0    0  
   0  157  196    0    0    0  174    0  219  195  
   0  213  209  172  164    0    0  160    0    0  
   0  209  187    0  218    0  212  225    0    0  
 185    0    0  182  218    0  190    0    0  196  
   0    0  171  203  176  213    0    0    0  224  
 205    0  171  189    0    0    0  234    0  226  
   0    0  194    0  220  206  196  189    0    0  
   0  189    0  231    0  198    0  190  244    0  
 240  214    0    0  216    0    0    0  232  208  
 218    0    0    0  188  232  206    0  206    0  
 212    0  246    0    0    0  206  193    0  217  
 226    0    0    0  237  213    0  250  219    0  
 232  196  255    0  201  232    0    0    0    0  
   0  234    0    0  239    0  264    0  241  234  
   0  206    0  231    0  241    0  212    0  247  
 250    0    0  266    0  203  241    0    0  212  
 279    0    0  229  273    0    0  232  213    0  
   0  285    0    0    0  208  275  282  240    0  
 226  260  230    0    0    0  280    0  224    0  
   0    0  280  290  238  246    0    0  231    0  
 292    0    0    0    0  235  255  284  237    0  
   0    0  228  240    0  256    0    0  280  275  
 250    0    0    0    0  293  231    0  229  226  
 250    0  235  263    0    0    0  287  245    0  
 240  237    0  251    0  261    0    0    0  299  
 253  266    0    0  259    0  286    0    0  301  
 254    0    0  254  287    0    0  271  260    0  
 220    0  258  230    0    0    0  223    0  251  
   0  267  310    0    0  296  267    0  299    0  
   0    0    0  259  284  312    0    0  236  241  
   0  259    0    0  275    0  308  315  235    0  
 311    0    0  269  260  237    0    0    0  312  
   0    0  315  239    0    0  318    0  237  291  
   0    0  246  292    0  284  255    0  283    0  
   0    0  309    0  267  246  276  290    0    0  
   0  287    0  243    0    0  311  269    0  305  
 245    0  244  256    0    0    0  251  290    0  
   0  300  281  337  252    0    0  301    0    0  
 264  309    0    0    0  336    0  341    0  313  
   0    0    0  259  251    0    0  346  285  267  
 266  331    0  351  278    0  257    0    0    0  
   0  347    0  329    0    0  357    0  272  300  
 344    0    0  311    0    0    0  330  324  333  
   0  285  315  362    0  355    0    0  263    0  
 348    0  295    0    0  317    0    0  306  301  
 274    0  322    0    0  338    0  373    0  312  
   0  330  317    0  313    0    0  296    0  348  
 287    0    0  316    0    0  278    0  365  361  
   0  316  309    0    0  293    0  348  313    0  
   0  353  286  301  320    0  389    0    0    0  
 373    0  339    0  291  317    0    0  293    0  
 387    0    0  375  323    0    0  314  369    0  
 301    0  334  376    0    0    0  387    0  290  
   0  392  335    0  376    0  310    0  357    0  
 408  372    0    0  398    0    0  387  363    0  
 329    0    0  315    0  355    0  371    0  410  
   0    0  378  305  341    0    0  329  337    0  
 402  413    0    0    0  367    0  359  355    0  
   0  313  358    0  372    0  391  352    0    0  
 402    0    0    0    0  345  322  364  381    0  
   0    0    0  357    0  423    0  315  335  359  
   0  334    0  356    0    0  419    0  414  330  
   0    0  373    0  317    0    0  368  365  428  
   0    0    0  318  378  428    0  406  386    0  
 334  383    0  399    0  396    0    0  441    0  
 359    0  410    0    0  365  348    0  409    0  
 408    0  414    0  390    0    0  362  447    0  
   0  350    0  395    0    0  413  368    0  392  
 354    0  448  438  429  386    0    0    0    0  
 405    0  346  425    0  367    0    0    0  401  
   0  432    0  360  361    0  351    0  439    0  ] 
 ] 
