K : 50
I : 10
C : 2
INSTANCE : 4
PREFERENCES : [    0    0    0    2    0    1    3    0    4    5  
   4    1    0    0    3    0    2    0    0    5  
   1    0    0    5    0    3    0    4    0    2  
   2    0    5    0    0    1    0    3    0    4  
   0    0    4    0    2    3    0    5    0    1  
   0    0    1    0    5    3    0    0    2    4  
   0    0    3    0    1    5    4    0    2    0  
   0    2    0    0    0    4    5    0    3    1  
   0    4    0    1    0    0    3    0    2    5  
   3    5    4    0    0    0    2    1    0    0  
   5    4    3    0    2    0    1    0    0    0  
   2    0    0    1    5    0    0    0    3    4  
   1    4    5    0    3    0    2    0    0    0  
   0    1    0    0    0    0    2    3    4    5  
   0    0    3    0    0    0    2    5    4    1  
   2    1    5    0    3    0    0    0    0    4  
   0    2    3    0    0    4    1    0    0    5  
   5    0    2    0    0    0    1    4    0    3  
   4    2    5    0    0    0    1    3    0    0  
   3    0    0    0    5    1    0    2    0    4  
   3    1    0    2    4    0    0    5    0    0  
   3    0    0    0    1    5    0    0    4    2  
   0    5    2    4    0    1    0    0    0    3  
   0    3    0    0    0    1    4    5    0    2  
   5    4    3    1    0    0    0    2    0    0  
   0    0    0    5    4    2    0    3    0    1  
   0    0    0    2    0    3    4    5    0    1  
   0    5    1    0    2    4    3    0    0    0  
   1    3    0    5    4    0    2    0    0    0  
   2    3    0    0    0    0    0    1    5    4  
   1    0    0    0    4    3    0    2    5    0  
   5    0    0    3    0    1    4    0    0    2  
   0    4    3    2    0    0    0    1    0    5  
   0    1    0    4    2    0    0    3    0    5  
   1    0    0    0    0    0    4    3    2    5  
   0    3    5    1    0    2    4    0    0    0  
   1    2    3    0    4    0    5    0    0    0  
   1    0    2    0    5    0    0    0    4    3  
   4    1    0    2    0    0    3    0    5    0  
   3    0    0    5    0    2    0    1    4    0  
   0    0    3    0    0    1    5    4    0    2  
   5    3    2    0    0    1    0    0    4    0  
   5    0    2    0    0    4    0    0    3    1  
   3    0    0    0    0    2    0    1    4    5  
   5    0    0    4    0    3    0    1    2    0  
   3    0    2    0    0    4    0    5    0    1  
   5    0    0    1    3    0    4    0    0    2  
   0    3    2    5    0    4    1    0    0    0  
   1    4    0    3    0    5    2    0    0    0  
   3    0    5    4    0    1    0    2    0    0  ] 
RESERVATION PRICES : [    0    0    0    5    0    6    6    0    6    5  
   6    5    0    0    5    0    5    0    0    5  
  14    0    0   13    0   12    0   14    0   12  
  18    0   15    0    0   19    0   19    0   19  
   0    0   17    0   18   20    0   21    0   16  
   0    0   16    0   20   17    0    0   21   21  
   0    0   26    0   21   24   23    0   21    0  
   0   25    0    0    0   32   30    0   30   28  
   0   30    0   27    0    0   30    0   25   29  
  35   38   31    0    0    0   38   37    0    0  
  37   38   39    0   35    0   34    0    0    0  
  43    0    0   42   39    0    0    0   37   35  
  42   43   32    0   40    0   42    0    0    0  
   0   39    0    0    0    0   41   41   39   35  
   0    0   51    0    0    0   45   38   41   42  
  51   52   53    0   42    0    0    0    0   45  
   0   58   49    0    0   45   45    0    0   48  
  63    0   59    0    0    0   53   52    0   47  
  63   47   48    0    0    0   58   48    0    0  
  46    0    0    0   62   51    0   60    0   52  
  63   67    0   65   62    0    0   54    0    0  
  68    0    0    0   65   69    0    0   75   66  
   0   60   54   60    0   57    0    0    0   67  
   0   59    0    0    0   58   59   76    0   61  
  75   74   66   76    0    0    0   66    0    0  
   0    0    0   80   82   81    0   84    0   76  
   0    0    0   87    0   79   74   75    0   69  
   0   91   93    0   94   81   85    0    0    0  
  92   95    0  100   79    0   87    0    0    0  
  84  101    0    0    0    0    0   83   77   86  
 104    0    0    0  105   84    0   81  106    0  
  83    0    0  102    0   96   99    0    0  111  
   0   93   91  111    0    0    0  109    0  113  
   0  106    0  107   91    0    0  111    0  102  
 129    0    0    0    0    0  129  100  102  112  
   0  122  132  104    0  109  101    0    0    0  
 121  107  135    0  124    0  103    0    0    0  
 109    0  118    0  100    0    0    0  138  132  
 110  132    0  137    0    0  110    0  117    0  
 124    0    0  128    0  135    0  128  122    0  
   0    0  112    0    0  107  123  146    0  126  
 138  145  117    0    0  151    0    0  152    0  
 140    0  130    0    0  149    0    0  119  138  
 117    0    0    0    0  135    0  115  142  160  
 148    0    0  138    0  125    0  160  129    0  
 124    0  144    0    0  153    0  169    0  125  
 155    0    0  143  174    0  132    0    0  154  
   0  181  152  137    0  130  178    0    0    0  
 182  164    0  172    0  133  172    0    0    0  
 170    0  185  153    0  158    0  147    0    0  ] 
 ] 
