K : 50
I : 10
C : 10
INSTANCE : 2
PREFERENCES : [    0    2    1    0    5    4    0    0    0    3  
   1    0    0    5    0    3    0    2    4    0  
   2    1    3    0    4    0    5    0    0    0  
   0    3    1    0    4    2    5    0    0    0  
   0    4    3    5    0    0    0    1    0    2  
   5    0    0    4    1    3    0    0    0    2  
   0    0    2    5    1    0    3    0    0    4  
   0    0    0    0    1    0    3    2    5    4  
   3    1    0    4    0    0    2    0    0    5  
   0    0    0    5    4    0    1    2    0    3  
   2    3    0    1    0    4    5    0    0    0  
   1    0    0    5    0    2    4    3    0    0  
   0    0    3    4    5    2    0    1    0    0  
   4    1    0    2    0    3    0    5    0    0  
   1    0    0    0    0    0    3    4    2    5  
   1    0    4    0    0    2    3    5    0    0  
   0    4    1    2    0    0    3    0    5    0  
   0    0    0    0    3    0    1    4    2    5  
   0    2    4    0    3    5    0    0    1    0  
   2    1    0    4    3    0    0    0    5    0  
   1    0    2    0    3    0    0    0    5    4  
   0    4    0    3    1    5    0    0    0    2  
   2    5    0    0    0    0    0    3    1    4  
   0    2    3    5    0    4    0    0    0    1  
   2    1    0    0    0    5    0    0    4    3  
   5    2    0    0    3    0    0    1    4    0  
   0    0    1    0    2    0    5    3    4    0  
   2    0    4    0    0    1    3    0    0    5  
   0    0    0    0    3    1    5    4    2    0  
   3    1    2    0    0    0    0    5    4    0  
   3    0    0    5    2    0    4    1    0    0  
   0    0    3    0    0    5    2    4    1    0  
   1    4    2    0    0    0    5    0    0    3  
   0    5    3    0    2    4    0    1    0    0  
   3    0    2    5    0    1    0    4    0    0  
   0    2    1    0    0    3    4    0    0    5  
   5    2    4    0    1    0    0    0    3    0  
   1    0    0    0    3    0    2    0    4    5  
   0    3    0    0    2    4    0    5    1    0  
   0    0    0    0    1    0    5    4    2    3  
   2    5    0    0    0    0    0    4    1    3  
   0    2    0    0    1    0    0    5    3    4  
   0    4    0    0    0    3    1    2    0    5  
   5    0    0    1    0    4    0    3    2    0  
   3    1    2    0    0    0    5    0    0    4  
   5    0    4    2    1    0    0    0    3    0  
   0    5    0    4    0    0    2    0    1    3  
   5    0    3    4    0    0    0    2    1    0  
   1    2    5    0    0    4    0    3    0    0  
   3    1    0    5    0    0    2    4    0    0  ] 
RESERVATION PRICES : [    0    6    6    0    6    6    0    0    0    6  
  14    0    0   11    0   12    0   14   13    0  
  11   11   12    0   12    0   13    0    0    0  
   0   14   17    0   15   18   15    0    0    0  
   0   20   24   22    0    0    0   21    0   20  
  21    0    0   26   22   24    0    0    0   21  
   0    0   27   28   26    0   33    0    0   28  
   0    0    0    0   27    0   31   35   27   31  
  32   33    0   29    0    0   36    0    0   35  
   0    0    0   37   42    0   44   46    0   35  
  40   37    0   39    0   48   44    0    0    0  
  46    0    0   55    0   47   50   51    0    0  
   0    0   59   60   55   52    0   47    0    0  
  55   51    0   57    0   51    0   55    0    0  
  52    0    0    0    0    0   52   61   62   54  
  61    0   47    0    0   53   48   56    0    0  
   0   67   62   61    0    0   52    0   63    0  
   0    0    0    0   66    0   64   62   70   67  
   0   70   75    0   72   63    0    0   55    0  
  61   73    0   65   57    0    0    0   58    0  
  64    0   72    0   81    0    0    0   76   81  
   0   74    0   86   84   74    0    0    0   81  
  87   75    0    0    0    0    0   71   76   82  
   0   76   89   87    0   76    0    0    0   82  
  79   70    0    0    0   89    0    0   83   87  
 100   79    0    0   76    0    0   94   73    0  
   0    0   96    0   87    0   90   91   96    0  
  86    0   81    0    0   90   76    0    0   90  
   0    0    0    0   94   84  100  108  108    0  
  82   86   93    0    0    0    0   88   89    0  
 114    0    0  115  113    0   89  104    0    0  
   0    0   98    0    0  124  123  117  103    0  
 119  116  111    0    0    0  101    0    0   99  
   0  119  125    0  121  112    0  129    0    0  
 117    0  125  120    0  131    0  102    0    0  
   0  137  133    0    0  130  102    0    0  137  
 119  124  121    0  136    0    0    0  134    0  
 111    0    0    0  135    0  134    0  112  136  
   0  119    0    0  127  118    0  104  103    0  
   0    0    0    0  136    0  116  125  118  137  
 117  145    0    0    0    0    0  111  137  117  
   0  118    0    0  109    0    0  120  114  149  
   0  131    0    0    0  117  135  115    0  153  
 117    0    0  154    0  150    0  115  133    0  
 162  143  127    0    0    0  157    0    0  155  
 161    0  150  142  142    0    0    0  135    0  
   0  153    0  176    0    0  154    0  169  152  
 148    0  132  165    0    0    0  170  175    0  
 177  160  167    0    0  163    0  138    0    0  
 182  136    0  170    0    0  163  182    0    0  ] 
 ] 
