K : 50
I : 5
C : 10
INSTANCE : 5
PREFERENCES : [    2    1    0    0    3  
   0    3    1    2    0  
   0    2    1    0    3  
   2    0    0    3    1  
   0    2    1    0    3  
   3    1    0    2    0  
   0    1    0    2    3  
   3    0    1    2    0  
   3    2    1    0    0  
   3    0    1    2    0  
   0    3    0    2    1  
   0    0    1    2    3  
   1    2    3    0    0  
   0    3    0    2    1  
   0    3    2    1    0  
   0    1    3    0    2  
   0    2    0    1    3  
   1    3    0    2    0  
   3    0    0    1    2  
   0    3    0    1    2  
   0    2    3    0    1  
   1    3    0    0    2  
   3    2    0    0    1  
   2    3    1    0    0  
   0    1    0    2    3  
   0    1    0    3    2  
   0    1    3    2    0  
   3    0    2    1    0  
   3    0    1    2    0  
   2    0    1    3    0  
   2    1    0    0    3  
   2    0    0    3    1  
   3    0    1    0    2  
   1    2    0    3    0  
   2    0    0    3    1  
   0    2    0    3    1  
   1    3    0    2    0  
   0    3    1    2    0  
   0    1    3    2    0  
   0    2    0    1    3  
   0    3    0    2    1  
   0    2    0    1    3  
   1    0    2    3    0  
   0    2    1    0    3  
   1    2    0    3    0  
   0    0    3    1    2  
   1    0    3    2    0  
   0    3    0    2    1  
   3    0    0    1    2  
   0    1    3    0    2  ] 
RESERVATION PRICES : [    7    6    0    0    7  
   0   12   13   10    0  
   0   16   16    0   18  
  21    0    0   22   19  
   0   24   23    0   21  
  21   25    0   22    0  
   0   31    0   25   28  
  32    0   32   24    0  
  34   30   28    0    0  
  29    0   29   39    0  
   0   30    0   30   32  
   0    0   42   39   43  
  50   42   52    0    0  
   0   46    0   45   47  
   0   43   49   48    0  
   0   39   48    0   39  
   0   50    0   58   45  
  53   61    0   61    0  
  64    0    0   58   64  
   0   61    0   57   73  
   0   66   61    0   74  
  80   64    0    0   78  
  66   81    0    0   80  
  64   71   70    0    0  
   0   91    0   78   79  
   0   85    0   90   93  
   0   74   96   81    0  
  79    0   81   72    0  
  90    0   93   98    0  
  78    0   96   87    0  
 111   92    0    0   85  
 103    0    0   91   90  
  88    0  111    0   90  
 113   94    0  108    0  
 110    0    0  131  105  
   0  132    0  123  131  
 106  128    0  116    0  
   0  114  145  134    0  
   0  144  122  111    0  
   0  119    0  111  142  
   0  127    0  139  142  
   0  118    0  160  116  
 136    0  155  140    0  
   0  141  164    0  150  
 152  135    0  170    0  
   0    0  173  150  167  
 161    0  149  164    0  
   0  175    0  174  133  
 171    0    0  182  153  
   0  137  172    0  170  ] 
 ] 
