K : 150
I : 10
C : 24
INSTANCE : 3
PREFERENCES : [    2    0    3    4    0    0    1    0    5    0  
   0    3    0    0    1    0    4    5    2    0  
   5    0    0    1    0    3    0    0    2    4  
   0    5    0    0    0    1    3    4    0    2  
   3    0    0    0    1    4    2    5    0    0  
   0    2    5    0    0    4    3    0    1    0  
   0    0    2    5    0    1    0    4    0    3  
   0    0    3    2    0    4    1    0    0    5  
   0    3    0    0    1    4    0    2    0    5  
   0    0    0    5    4    1    2    0    0    3  
   0    5    3    1    0    0    4    0    2    0  
   0    0    3    0    5    1    4    2    0    0  
   4    5    3    0    1    0    2    0    0    0  
   0    1    0    4    0    0    3    0    2    5  
   0    2    4    5    0    1    0    3    0    0  
   0    0    0    0    2    4    1    5    0    3  
   0    0    4    3    0    0    2    5    1    0  
   0    5    0    2    1    0    0    3    0    4  
   0    5    2    0    0    3    1    0    4    0  
   0    0    2    0    1    3    0    4    0    5  
   3    0    0    2    4    1    0    0    5    0  
   4    3    0    5    0    2    0    0    1    0  
   0    4    0    0    3    2    0    0    5    1  
   5    2    0    0    3    0    4    0    1    0  
   3    5    0    4    0    0    1    0    0    2  
   2    5    0    0    3    4    0    1    0    0  
   0    0    3    0    0    5    1    2    4    0  
   5    2    0    0    3    0    1    4    0    0  
   0    3    0    0    2    5    4    1    0    0  
   0    1    0    5    4    2    0    3    0    0  
   4    0    0    0    1    0    3    5    2    0  
   3    1    2    5    0    0    0    0    4    0  
   2    0    0    1    5    3    0    0    4    0  
   0    0    0    0    3    2    0    1    5    4  
   4    2    0    3    5    0    0    0    0    1  
   5    4    0    0    1    3    2    0    0    0  
   0    3    0    0    0    4    5    2    0    1  
   4    0    1    0    0    3    2    0    0    5  
   0    5    2    1    0    4    0    0    0    3  
   0    0    0    0    3    1    2    4    5    0  
   0    5    2    1    0    0    0    3    0    4  
   0    0    2    4    0    0    5    3    1    0  
   0    0    0    0    3    5    2    1    4    0  
   4    3    0    0    2    5    0    0    1    0  
   4    5    0    0    1    2    0    3    0    0  
   3    0    5    0    0    4    0    0    1    2  
   2    0    5    1    3    0    0    4    0    0  
   0    0    3    0    5    2    1    4    0    0  
   0    4    0    2    0    0    0    5    3    1  
   5    0    2    4    1    0    0    0    0    3  
   0    0    1    2    0    4    0    5    3    0  
   2    0    1    0    5    0    0    0    3    4  
   2    1    0    0    3    0    5    4    0    0  
   1    0    0    3    5    0    4    0    0    2  
   3    1    0    0    5    2    4    0    0    0  
   0    1    0    4    0    5    0    0    2    3  
   0    0    0    3    1    4    0    2    5    0  
   0    0    3    5    0    1    2    0    4    0  
   0    4    2    0    3    1    0    5    0    0  
   2    3    4    0    0    1    0    0    0    5  
   3    0    5    0    0    0    0    2    4    1  
   0    0    0    0    2    4    3    1    0    5  
   0    2    0    5    1    0    0    4    0    3  
   1    0    0    0    2    0    0    5    4    3  
   2    0    3    5    4    0    0    0    1    0  
   0    1    0    3    4    0    0    2    0    5  
   0    0    4    2    0    0    0    5    3    1  
   5    2    3    1    0    0    0    0    4    0  
   0    2    3    1    0    4    0    5    0    0  
   0    3    0    0    1    0    5    0    4    2  
   4    0    0    1    0    3    2    5    0    0  
   0    0    4    1    0    0    2    3    5    0  
   0    0    1    0    0    4    2    3    5    0  
   0    0    1    4    2    0    0    3    0    5  
   2    0    0    0    0    1    5    4    0    3  
   3    0    1    0    4    2    0    5    0    0  
   0    0    4    1    5    0    0    3    0    2  
   0    3    5    1    4    2    0    0    0    0  
   1    0    5    0    0    0    0    3    4    2  
   2    1    0    4    0    0    3    0    0    5  
   4    3    0    5    1    0    0    0    0    2  
   4    2    5    0    0    3    0    0    1    0  
   3    0    4    2    0    0    1    0    5    0  
   1    0    5    0    2    0    4    0    3    0  
   0    0    0    0    5    1    0    2    4    3  
   0    4    0    0    0    0    5    2    3    1  
   0    2    0    0    0    5    0    3    1    4  
   0    0    1    0    0    2    0    3    5    4  
   3    5    0    1    2    0    0    4    0    0  
   5    0    0    3    0    1    4    2    0    0  
   0    0    1    0    3    2    0    0    5    4  
   1    0    4    0    0    2    5    3    0    0  
   0    3    4    0    0    1    2    0    0    5  
   0    2    3    0    5    4    0    0    0    1  
   0    1    4    0    0    3    5    0    2    0  
   4    0    0    2    3    5    0    1    0    0  
   0    0    3    0    5    0    0    4    2    1  
   1    0    3    5    0    2    4    0    0    0  
   0    0    0    3    0    0    4    5    2    1  
   5    2    0    3    0    0    1    0    0    4  
   2    1    3    0    0    0    0    0    5    4  
   0    0    2    4    1    5    0    0    3    0  
   1    5    0    0    0    3    0    4    0    2  
   3    2    4    1    0    5    0    0    0    0  
   0    2    0    0    0    1    3    0    4    5  
   5    3    0    0    0    0    4    1    0    2  
   0    0    5    2    4    0    0    1    3    0  
   0    0    3    0    0    0    5    1    2    4  
   4    0    0    3    0    1    0    5    0    2  
   0    3    2    4    0    5    1    0    0    0  
   2    4    5    0    0    0    1    0    0    3  
   3    0    5    1    0    0    0    2    4    0  
   0    0    5    0    1    0    3    0    2    4  
   2    0    0    1    3    5    4    0    0    0  
   4    2    1    5    0    0    0    0    0    3  
   0    0    3    0    0    4    5    0    2    1  
   0    0    2    0    1    0    5    3    0    4  
   1    5    2    4    0    0    0    0    3    0  
   2    0    3    0    0    1    5    0    4    0  
   0    5    0    0    0    0    4    2    1    3  
   0    0    3    1    5    4    0    0    2    0  
   0    0    0    4    5    0    2    0    3    1  
   1    0    0    0    0    5    2    4    3    0  
   0    3    0    0    2    4    0    0    1    5  
   0    0    2    3    0    0    1    5    0    4  
   2    0    0    1    0    0    0    4    3    5  
   0    5    0    3    0    4    0    1    2    0  
   5    0    0    0    3    2    1    4    0    0  
   0    5    2    0    1    4    0    3    0    0  
   0    2    4    0    5    0    0    0    1    3  
   0    5    0    3    1    0    4    0    2    0  
   0    4    1    0    3    5    0    0    2    0  
   4    0    0    3    5    0    0    1    2    0  
   0    0    3    0    4    2    5    1    0    0  
   2    5    0    1    0    3    0    4    0    0  
   1    0    2    4    0    0    0    3    0    5  
   4    5    1    0    3    0    0    2    0    0  
   0    5    0    0    2    4    1    0    0    3  
   5    0    0    3    2    0    0    4    0    1  
   0    4    5    0    0    0    0    1    2    3  
   1    0    0    3    0    5    2    0    0    4  
   4    0    0    0    3    0    5    1    2    0  
   0    2    0    3    4    5    0    1    0    0  
   5    0    3    2    0    0    4    1    0    0  
   0    0    3    0    0    4    2    0    5    1  
   4    5    0    0    0    2    0    1    0    3  
   1    0    0    0    5    0    2    0    3    4  
   1    5    0    0    3    2    4    0    0    0  
   5    0    0    3    2    0    0    0    1    4  
   0    5    4    0    0    0    2    0    3    1  ] 
RESERVATION PRICES : [    5    0    5    6    0    0    5    0    5    0  
   0    5    0    0    6    0    5    5    6    0  
  12    0    0   11    0   11    0    0   12   13  
   0   16    0    0    0   18   17   19    0   17  
  20    0    0    0   19   20   19   19    0    0  
   0   23   24    0    0   24   25    0   25    0  
   0    0   30   27    0   24    0   25    0   29  
   0    0   33   27    0   30   29    0    0   26  
   0   33    0    0   41   39    0   37    0   35  
   0    0    0   41   36   43   37    0    0   44  
   0   44   46   51    0    0   39    0   51    0  
   0    0   46    0   48   42   40   43    0    0  
  44   42   53    0   40    0   39    0    0    0  
   0   45    0   49    0    0   43    0   48   51  
   0   59   52   54    0   55    0   63    0    0  
   0    0    0    0   50   64   62   60    0   55  
   0    0   59   71    0    0   57   70   68    0  
   0   60    0   70   72    0    0   67    0   58  
   0   69   60    0    0   71   64    0   60    0  
   0    0   75    0   67   77    0   75    0   65  
  81    0    0   66   74   87    0    0   67    0  
  66   86    0   64    0   74    0    0   67    0  
   0   71    0    0   84   87    0    0   67   83  
  84   79    0    0   85    0   95    0   93    0  
  96   86    0   83    0    0   83    0    0   98  
 103   98    0    0   99   78    0  104    0    0  
   0    0   82    0    0  105   82   80   83    0  
  97   84    0    0   88    0   88   79    0    0  
   0  100    0    0   91   90  114   85    0    0  
   0   93    0  115   99   97    0   93    0    0  
 112    0    0    0  110    0   98  105   93    0  
  95  122  120  103    0    0    0    0  118    0  
 112    0    0   98  101  119    0    0  127    0  
   0    0    0    0  125  103    0  128  117  118  
  99   99    0  114  133    0    0    0    0  119  
 130  134    0    0  117  106  122    0    0    0  
   0  108    0    0    0  106  111  105    0  125  
 124    0  107    0    0  134  142    0    0  114  
   0  145  128  136    0  113    0    0    0  115  
   0    0    0    0  134  111  118  113  114    0  
   0  118  148  151    0    0    0  156    0  137  
   0    0  134  151    0    0  118  125  117    0  
   0    0    0    0  147  133  133  127  149    0  
 137  146    0    0  129  124    0    0  162    0  
 140  166    0    0  152  137    0  125    0    0  
 129    0  128    0    0  177    0    0  137  139  
 181    0  143  161  180    0    0  174    0    0  
   0    0  181    0  186  176  161  152    0    0  
   0  154    0  186    0    0    0  157  191  150  
 145    0  140  183  183    0    0    0    0  169  
   0    0  156  145    0  193    0  164  191    0  
 190    0  150    0  161    0    0    0  167  148  
 181  200    0    0  194    0  160  162    0    0  
 151    0    0  189  172    0  164    0    0  191  
 175  158    0    0  195  209  169    0    0    0  
   0  172    0  174    0  176    0    0  208  195  
   0    0    0  174  172  200    0  219  173    0  
   0    0  168  165    0  162  192    0  207    0  
   0  193  219    0  216  166    0  193    0    0  
 174  212  221    0    0  184    0    0    0  193  
 169    0  175    0    0    0    0  178  190  164  
   0    0    0    0  211  217  184  170    0  197  
   0  174    0  194  168    0    0  169    0  207  
 171    0    0    0  228    0    0  179  198  174  
 191    0  232  235  200    0    0    0  188    0  
   0  202    0  201  181    0    0  219    0  220  
   0    0  224  216    0    0    0  186  216  197  
 191  216  182  235    0    0    0    0  246    0  
   0  191  254  253    0  226    0  226    0    0  
   0  219    0    0  212    0  250    0  256  240  
 223    0    0  217    0  193  247  245    0    0  
   0    0  255  232    0    0  224  251  243    0  
   0    0  234    0    0  258  254  229  265    0  
   0    0  235  228  204    0    0  199    0  266  
 237    0    0    0    0  247  244  241    0  269  
 216    0  270    0  270  284    0  228    0    0  
   0    0  232  206  225    0    0  257    0  259  
   0  215  274  282  273  235    0    0    0    0  
 274    0  237    0    0    0    0  290  258  219  
 268  272    0  266    0    0  241    0    0  267  
 255  272    0  256  255    0    0    0    0  235  
 261  274  242    0    0  241    0    0  283    0  
 230    0  257  273    0    0  263    0  240    0  
 310    0  278    0  237    0  292    0  243    0  
   0    0    0    0  273  311    0  273  280  261  
   0  261    0    0    0    0  291  267  240  313  
   0  322    0    0    0  323    0  279  289  240  
   0    0  272    0    0  292    0  264  262  287  
 263  325    0  248  330    0    0  324    0    0  
 271    0    0  286    0  262  268  246    0    0  
   0    0  269    0  307  274    0    0  320  328  
 250    0  345    0    0  304  272  315    0    0  
   0  256  268    0    0  263  326    0    0  257  
   0  326  329    0  265  272    0    0    0  280  
   0  351  357    0    0  278  276    0  279    0  
 262    0    0  300  337  281    0  361    0    0  
   0    0  339    0  289    0    0  308  335  328  
 341    0  295  373    0  362  361    0    0    0  
   0    0    0  269    0    0  321  268  363  303  
 370  292    0  318    0    0  315    0    0  306  
 373  300  337    0    0    0    0    0  335  358  
   0    0  327  351  340  380    0    0  328    0  
 324  332    0    0    0  377    0  287    0  282  
 290  369  311  326    0  319    0    0    0    0  
   0  388    0    0    0  355  360    0  381  370  
 293  291    0    0    0    0  286  315    0  375  
   0    0  343  296  311    0    0  393  321    0  
   0    0  333    0    0    0  313  403  374  362  
 302    0    0  383    0  354    0  364    0  315  
   0  408  403  320    0  301  328    0    0    0  
 350  322  384    0    0    0  390    0    0  302  
 333    0  416  319    0    0    0  367  360    0  
   0    0  348    0  414    0  322    0  323  411  
 403    0    0  418  380  411  374    0    0    0  
 321  345  381  373    0    0    0    0    0  326  
   0    0  354    0    0  367  319    0  354  403  
   0    0  373    0  416    0  409  400    0  399  
 377  403  398  335    0    0    0    0  390    0  
 359    0  422    0    0  427  392    0  387    0  
   0  360    0    0    0    0  389  425  363  421  
   0    0  330  430  438  427    0    0  417    0  
   0    0    0  414  343    0  345    0  403  372  
 457    0    0    0    0  452  366  340  333    0  
   0  428    0    0  382  393    0    0  391  464  
   0    0  402  444    0    0  416  448    0  335  
 390    0    0  389    0    0    0  351  436  431  
   0  466    0  459    0  449    0  355  397    0  
 385    0    0    0  393  444  469  352    0    0  
   0  401  368    0  404  453    0  362    0    0  
   0  447  352    0  360    0    0    0  438  461  
   0  457    0  381  371    0  409    0  362    0  
   0  412  375    0  438  485    0    0  441    0  
 354    0    0  472  351    0    0  456  359    0  
   0    0  424    0  455  419  474  408    0    0  
 382  392    0  470    0  394    0  379    0    0  
 386    0  416  462    0    0    0  500    0  442  
 505  488  420    0  396    0    0  451    0    0  
   0  460    0    0  383  487  477    0    0  446  
 486    0    0  399  394    0    0  418    0  385  
   0  395  383    0    0    0    0  452  432  440  
 503    0    0  480    0  421  484    0    0  501  
 391    0    0    0  503    0  527  510  382    0  
   0  512    0  501  511  509    0  486    0    0  
 437    0  391  536    0    0  447  394    0    0  
   0    0  388    0    0  411  470    0  489  406  
 502  389    0    0    0  488    0  410    0  463  
 526    0    0    0  403    0  447    0  511  428  
 457  430    0    0  503  459  446    0    0    0  
 522    0    0  544  465    0    0    0  494  457  
   0  456  500    0    0    0  419    0  557  454  ] 
 ] 
