K : 75
I : 15
C : 3
INSTANCE : 2
PREFERENCES : [    0    3    5    0    0    1    0    0    0    2    0    0    0    4    0  
   0    2    0    0    0    1    0    4    0    3    0    0    0    0    5  
   5    3    2    0    0    0    4    0    0    0    1    0    0    0    0  
   3    0    0    0    0    2    0    0    0    5    4    0    0    0    1  
   0    0    4    0    2    0    3    0    0    1    0    0    0    0    5  
   4    0    0    0    0    0    3    0    2    0    0    0    0    5    1  
   0    0    0    3    5    0    0    2    0    0    4    0    0    1    0  
   0    0    5    4    0    0    0    2    1    0    3    0    0    0    0  
   0    0    2    0    0    3    4    0    0    0    5    1    0    0    0  
   0    0    0    0    0    0    1    0    4    5    0    3    2    0    0  
   2    0    1    0    0    0    5    0    3    0    0    0    4    0    0  
   3    0    0    0    0    0    5    4    1    0    2    0    0    0    0  
   0    0    5    0    0    0    3    0    4    1    0    0    0    2    0  
   0    0    0    0    4    0    3    0    0    0    0    2    5    1    0  
   0    0    0    5    0    3    2    0    0    1    4    0    0    0    0  
   0    0    2    3    0    1    0    0    0    0    4    0    0    5    0  
   0    0    0    0    5    0    1    2    0    0    0    0    3    0    4  
   0    3    0    0    0    1    0    0    0    2    0    5    0    0    4  
   5    0    0    3    4    0    1    0    2    0    0    0    0    0    0  
   2    0    0    4    0    0    0    0    0    3    0    5    0    0    1  
   4    0    0    0    1    0    3    5    0    0    0    0    0    0    2  
   2    0    0    0    1    0    5    0    3    0    0    4    0    0    0  
   0    0    0    0    0    0    3    0    2    1    0    0    0    5    4  
   2    0    0    0    0    0    0    0    5    4    0    1    0    0    3  
   0    0    5    2    0    0    0    4    3    0    0    1    0    0    0  
   0    0    1    0    2    4    0    5    0    0    0    0    3    0    0  
   4    0    1    0    0    2    0    0    0    0    3    0    0    5    0  
   0    0    0    2    0    0    4    0    0    0    0    1    3    0    5  
   0    2    0    3    1    0    0    4    0    0    0    0    0    5    0  
   2    0    0    4    3    0    0    0    0    0    1    0    0    0    5  
   0    5    0    0    1    0    0    0    0    0    2    4    0    0    3  
   5    0    0    0    0    0    4    0    0    0    0    3    1    0    2  
   0    0    3    0    0    0    0    1    2    5    0    0    0    4    0  
   0    5    0    1    3    4    0    0    0    0    0    0    2    0    0  
   5    0    0    0    0    3    0    0    0    1    0    0    0    4    2  
   0    0    3    0    4    5    0    0    1    0    0    0    0    0    2  
   0    0    5    4    0    1    3    0    0    0    2    0    0    0    0  
   2    0    0    0    0    0    0    4    0    0    1    3    5    0    0  
   4    2    0    0    0    0    0    3    0    0    1    0    0    0    5  
   0    0    0    0    0    0    0    2    0    5    0    4    0    3    1  
   0    0    3    0    0    5    0    0    0    0    2    0    0    1    4  
   5    1    0    3    0    0    4    0    0    0    0    0    2    0    0  
   5    0    1    4    2    0    0    0    0    3    0    0    0    0    0  
   2    4    0    0    0    5    0    1    0    0    0    0    3    0    0  
   1    2    0    0    0    0    0    0    4    0    0    0    5    0    3  
   0    0    0    0    0    2    4    3    1    5    0    0    0    0    0  
   0    4    0    0    0    0    0    3    0    0    5    2    0    0    1  
   3    0    1    0    0    0    0    0    5    4    0    0    0    2    0  
   0    2    3    1    0    0    0    0    0    0    0    4    0    0    5  
   5    2    0    0    0    3    4    0    0    1    0    0    0    0    0  
   5    0    0    1    3    0    0    0    0    0    0    0    4    2    0  
   0    0    0    0    4    0    0    2    0    5    1    3    0    0    0  
   4    0    3    5    0    0    0    0    0    0    1    0    0    2    0  
   5    0    0    2    4    3    0    0    1    0    0    0    0    0    0  
   0    0    0    3    2    5    0    0    1    0    0    4    0    0    0  
   0    0    0    0    5    3    0    0    0    0    4    2    1    0    0  
   0    1    0    0    0    0    0    3    5    4    0    0    2    0    0  
   5    0    0    0    0    1    0    4    0    0    0    0    0    3    2  
   2    0    5    0    4    0    3    1    0    0    0    0    0    0    0  
   0    5    3    1    0    2    0    0    0    0    0    0    0    4    0  
   3    0    0    0    5    0    0    4    0    0    0    0    0    1    2  
   3    0    0    2    0    0    0    0    0    4    5    0    0    1    0  
   0    0    0    0    0    0    3    5    0    2    4    0    1    0    0  
   1    0    0    0    0    2    0    0    5    0    3    0    0    4    0  
   4    0    2    0    1    0    0    0    0    0    5    3    0    0    0  
   0    0    2    0    0    0    0    0    3    4    1    5    0    0    0  
   0    1    0    0    3    0    0    0    0    2    5    0    4    0    0  
   1    0    0    0    0    4    0    0    0    0    0    5    3    0    2  
   5    0    3    1    0    4    0    0    2    0    0    0    0    0    0  
   3    0    4    5    0    0    1    2    0    0    0    0    0    0    0  
   4    0    0    0    0    0    5    0    0    0    0    1    2    3    0  
   2    3    0    0    0    0    0    1    0    0    0    0    5    4    0  
   0    4    0    0    0    3    0    0    2    0    5    0    1    0    0  
   0    5    0    0    2    0    1    4    0    3    0    0    0    0    0  
   0    2    3    0    4    0    1    0    0    0    0    0    5    0    0  ] 
RESERVATION PRICES : [    0    9    9    0    0    7    0    0    0    8    0    0    0    8    0  
   0   12    0    0    0   14    0   11    0   12    0    0    0    0   13  
  15   18   17    0    0    0   16    0    0    0   18    0    0    0    0  
  16    0    0    0    0   18    0    0    0   16   19    0    0    0   19  
   0    0   23    0   24    0   27    0    0   25    0    0    0    0   22  
  27    0    0    0    0    0   30    0   31    0    0    0    0   28   26  
   0    0    0   28   27    0    0   32    0    0   33    0    0   26    0  
   0    0   36   36    0    0    0   36   32    0   41    0    0    0    0  
   0    0   42    0    0   43   42    0    0    0   44   46    0    0    0  
   0    0    0    0    0    0   43    0   44   38    0   46   45    0    0  
  41    0   49    0    0    0   39    0   48    0    0    0   51    0    0  
  59    0    0    0    0    0   57   50   50    0   53    0    0    0    0  
   0    0   53    0    0    0   47    0   62   46    0    0    0   57    0  
   0    0    0    0   51    0   60    0    0    0    0   55   51   60    0  
   0    0    0   67    0   61   51    0    0   54   51    0    0    0    0  
   0    0   71   70    0   64    0    0    0    0   72    0    0   64    0  
   0    0    0    0   59    0   64   68    0    0    0    0   60    0   80  
   0   60    0    0    0   71    0    0    0   77    0   63    0    0   70  
  64    0    0   68   62    0   69    0   85    0    0    0    0    0    0  
  73    0    0   66    0    0    0    0    0   64    0   84    0    0   75  
  65    0    0    0   82    0   84   89    0    0    0    0    0    0   76  
  72    0    0    0   85    0   79    0   89    0    0   77    0    0    0  
   0    0    0    0    0    0   82    0   88   85    0    0    0   81  100  
  79    0    0    0    0    0    0    0   91   81    0   77    0    0  102  
   0    0   76   99    0    0    0   80  104    0    0   96    0    0    0  
   0    0   88    0   98  100    0  103    0    0    0    0  107    0    0  
  99    0  102    0    0  101    0    0    0    0   84    0    0   96    0  
   0    0    0   96    0    0   87    0    0    0    0  103  105    0  114  
   0  114    0  117  109    0    0   95    0    0    0    0    0  118    0  
 104    0    0   91  105    0    0    0    0    0   95    0    0    0   93  
   0  103    0    0  103    0    0    0    0    0   99  102    0    0   94  
 128    0    0    0    0    0  111    0    0    0    0  125  100    0  121  
   0    0  120    0    0    0    0  118  124  113    0    0    0  120    0  
   0  122    0  108  133  108    0    0    0    0    0    0  135    0    0  
 131    0    0    0    0  117    0    0    0  120    0    0    0  128  143  
   0    0  134    0  138  144    0    0  118    0    0    0    0    0  138  
   0    0  117  129    0  154  120    0    0    0  143    0    0    0    0  
 155    0    0    0    0    0    0  114    0    0  138  154  146    0    0  
 149  129    0    0    0    0    0  122    0    0  133    0    0    0  150  
   0    0    0    0    0    0    0  150    0  157    0  124    0  145  155  
   0    0  156    0    0  156    0    0    0    0  138    0    0  152  141  
 130  131    0  141    0    0  149    0    0    0    0    0  151    0    0  
 144    0  159  162  132    0    0    0    0  135    0    0    0    0    0  
 157  126    0    0    0  141    0  148    0    0    0    0  144    0    0  
 156  166    0    0    0    0    0    0  152    0    0    0  147    0  170  
   0    0    0    0    0  174  158  155  177  143    0    0    0    0    0  
   0  185    0    0    0    0    0  163    0    0  184  157    0    0  144  
 163    0  178    0    0    0    0    0  144  184    0    0    0  163    0  
   0  151  149  142    0    0    0    0    0    0    0  145    0    0  148  
 160  201    0    0    0  190  180    0    0  184    0    0    0    0    0  
 161    0    0  168  147    0    0    0    0    0    0    0  144  197    0  
   0    0    0    0  173    0    0  202    0  150  159  150    0    0    0  
 189    0  206  196    0    0    0    0    0    0  199    0    0  153    0  
 181    0    0  170  214  154    0    0  210    0    0    0    0    0    0  
   0    0    0  194  210  204    0    0  178    0    0  155    0    0    0  
   0    0    0    0  188  177    0    0    0    0  156  163  216    0    0  
   0  162    0    0    0    0    0  202  186  173    0    0  204    0    0  
 189    0    0    0    0  157    0  194    0    0    0    0    0  200  192  
 207    0  169    0  167    0  166  199    0    0    0    0    0    0    0  
   0  165  189  193    0  192    0    0    0    0    0    0    0  169    0  
 204    0    0    0  181    0    0  196    0    0    0    0    0  222  201  
 167    0    0  172    0    0    0    0    0  213  219    0    0  212    0  
   0    0    0    0    0    0  218  223    0  206  182    0  218    0    0  
 194    0    0    0    0  181    0    0  228    0  206    0    0  188    0  
 177    0  203    0  174    0    0    0    0    0  236  191    0    0    0  
   0    0  195    0    0    0    0    0  237  187  209  189    0    0    0  
   0  212    0    0  203    0    0    0    0  242  204    0  248    0    0  
 250    0    0    0    0  213    0    0    0    0    0  216  187    0  237  
 249    0  239  212    0  184    0    0  214    0    0    0    0    0    0  
 237    0  187  190    0    0  223  259    0    0    0    0    0    0    0  
 202    0    0    0    0    0  206    0    0    0    0  218  259  219    0  
 233  252    0    0    0    0    0  233    0    0    0    0  258  245    0  
   0  226    0    0    0  228    0    0  233    0  202    0  200    0    0  
   0  265    0    0  240    0  228  263    0  269    0    0    0    0    0  
   0  259  248    0  225    0  210    0    0    0    0    0  232    0    0  ] 
 ] 
