K : 150
I : 10
C : 24
INSTANCE : 4
PREFERENCES : [    5    2    0    0    0    4    3    1    0    0  
   0    3    1    0    0    5    4    0    2    0  
   0    2    0    0    4    3    0    0    1    5  
   0    3    0    5    0    2    4    1    0    0  
   0    0    2    4    1    3    0    0    5    0  
   2    0    5    0    0    4    1    0    0    3  
   2    4    0    3    0    5    0    1    0    0  
   2    4    0    1    0    0    3    0    0    5  
   1    0    0    3    4    0    2    0    5    0  
   0    0    5    1    2    0    4    0    3    0  
   1    0    2    3    0    5    4    0    0    0  
   1    3    2    5    4    0    0    0    0    0  
   3    0    0    2    1    0    0    4    0    5  
   0    2    3    0    0    4    0    1    0    5  
   0    5    0    1    0    3    4    0    0    2  
   3    0    5    4    0    0    0    2    0    1  
   4    1    0    0    0    5    0    0    3    2  
   5    1    2    0    4    0    0    0    0    3  
   0    3    1    0    0    5    0    2    0    4  
   0    2    0    3    0    5    0    1    4    0  
   5    2    0    4    3    0    0    0    0    1  
   0    0    2    0    0    0    5    4    3    1  
   5    1    2    0    3    4    0    0    0    0  
   4    2    0    5    1    3    0    0    0    0  
   0    2    0    1    0    0    5    3    4    0  
   0    0    0    4    3    5    2    0    0    1  
   0    0    0    2    1    3    4    0    0    5  
   0    0    1    3    4    0    0    5    0    2  
   1    0    2    0    4    3    0    0    0    5  
   1    0    0    5    0    4    0    3    2    0  
   4    3    0    5    0    1    0    0    2    0  
   4    0    2    0    1    5    3    0    0    0  
   0    0    4    3    0    5    0    2    1    0  
   1    3    0    0    4    5    2    0    0    0  
   2    4    0    0    0    0    3    5    1    0  
   0    5    0    1    3    4    2    0    0    0  
   5    0    0    3    2    4    0    0    1    0  
   4    0    0    5    2    0    1    0    0    3  
   3    2    0    5    0    0    0    0    4    1  
   0    0    4    2    1    3    5    0    0    0  
   0    4    5    2    0    3    0    0    0    1  
   3    2    1    0    5    0    0    0    0    4  
   0    0    2    4    0    5    0    1    0    3  
   0    1    4    3    5    2    0    0    0    0  
   0    0    1    2    5    4    0    3    0    0  
   4    0    0    0    0    5    3    1    2    0  
   3    0    0    5    1    2    0    4    0    0  
   1    2    0    3    0    0    4    0    0    5  
   2    3    5    0    0    4    1    0    0    0  
   0    0    2    0    5    4    0    0    1    3  
   5    1    0    2    3    0    0    0    4    0  
   4    5    0    3    2    0    1    0    0    0  
   0    0    2    1    4    0    0    5    0    3  
   3    0    2    1    0    4    0    5    0    0  
   5    0    0    0    1    4    3    2    0    0  
   4    0    3    0    1    0    5    2    0    0  
   4    1    5    0    0    3    2    0    0    0  
   2    0    4    0    0    0    3    5    0    1  
   0    0    2    0    5    4    0    3    0    1  
   4    0    2    1    0    3    0    0    0    5  
   0    2    3    0    1    4    0    5    0    0  
   1    0    0    4    0    2    5    0    3    0  
   1    4    0    0    5    0    0    3    0    2  
   0    4    3    2    5    0    1    0    0    0  
   4    2    0    0    1    5    3    0    0    0  
   0    0    4    0    5    1    0    0    3    2  
   0    4    1    0    3    0    0    2    0    5  
   0    2    3    1    0    4    0    0    0    5  
   0    1    0    5    4    3    0    0    2    0  
   1    5    0    0    0    0    2    4    0    3  
   4    0    0    0    3    1    2    0    0    5  
   0    4    0    1    0    5    0    2    0    3  
   2    0    5    0    4    3    1    0    0    0  
   0    0    0    1    4    2    5    3    0    0  
   5    3    4    1    0    0    0    0    0    2  
   1    2    0    3    0    4    0    0    5    0  
   1    0    2    4    0    0    5    3    0    0  
   0    0    3    0    4    0    1    2    0    5  
   0    2    0    5    4    1    0    0    3    0  
   0    0    1    4    3    0    2    0    0    5  
   0    0    0    2    5    0    4    1    3    0  
   4    0    2    0    0    5    0    3    1    0  
   3    0    5    1    2    4    0    0    0    0  
   0    0    0    2    0    1    0    3    5    4  
   0    0    3    4    0    5    0    2    1    0  
   1    2    3    0    4    0    0    5    0    0  
   0    2    3    5    0    1    0    0    4    0  
   0    2    3    5    0    1    0    0    4    0  
   4    0    0    0    2    0    5    3    1    0  
   0    0    1    2    0    0    4    0    3    5  
   4    1    0    0    3    0    0    0    2    5  
   0    1    2    0    0    0    5    4    0    3  
   5    1    0    0    0    0    3    4    2    0  
   0    0    0    5    1    2    4    0    0    3  
   0    0    0    3    2    5    0    4    1    0  
   0    3    2    0    0    0    4    0    5    1  
   5    1    0    0    0    4    3    2    0    0  
   4    0    0    5    0    0    2    1    0    3  
   0    3    0    0    0    4    1    5    2    0  
   1    0    0    5    2    4    0    0    0    3  
   0    2    0    0    4    0    3    1    0    5  
   0    0    2    1    0    5    4    0    0    3  
   0    4    3    0    5    1    0    0    0    2  
   1    0    0    0    0    5    2    4    3    0  
   4    0    0    0    5    0    1    3    2    0  
   0    0    1    3    0    0    2    5    0    4  
   5    1    0    4    0    0    2    0    0    3  
   0    2    1    0    0    5    3    0    0    4  
   0    1    0    0    0    4    2    3    0    5  
   2    0    0    0    4    0    5    1    0    3  
   0    5    0    4    0    3    1    0    0    2  
   0    4    2    0    0    0    0    3    1    5  
   5    2    3    0    1    0    0    4    0    0  
   3    5    0    0    2    1    0    0    4    0  
   0    0    1    2    0    4    0    5    3    0  
   1    2    0    0    0    3    5    4    0    0  
   3    4    2    0    1    0    0    5    0    0  
   0    4    3    0    5    0    0    1    0    2  
   1    0    5    4    2    3    0    0    0    0  
   0    1    0    0    5    4    3    2    0    0  
   2    3    0    0    0    4    5    0    0    1  
   0    0    0    2    4    5    0    0    3    1  
   5    0    4    0    3    0    0    0    1    2  
   4    0    2    0    1    3    0    5    0    0  
   1    0    0    0    3    4    0    5    0    2  
   0    4    0    0    2    0    3    0    5    1  
   0    3    0    1    0    5    2    0    0    4  
   1    0    0    0    0    3    5    2    4    0  
   0    0    0    4    2    0    0    1    5    3  
   0    0    0    4    0    0    3    5    2    1  
   2    0    0    5    0    3    4    0    1    0  
   0    3    2    0    1    0    5    0    4    0  
   0    2    4    0    5    0    0    1    3    0  
   5    0    4    3    1    0    0    0    0    2  
   3    0    0    4    1    0    2    0    0    5  
   0    0    0    5    0    0    1    3    2    4  
   0    0    2    0    0    3    0    4    5    1  
   0    4    1    5    0    0    3    0    2    0  
   4    0    0    0    3    5    0    2    0    1  
   5    3    0    1    4    0    0    0    0    2  
   0    2    5    0    0    1    4    0    0    3  
   5    0    0    3    1    2    4    0    0    0  
   1    0    0    0    0    3    0    2    5    4  
   0    5    0    0    3    0    1    4    0    2  
   1    2    0    0    5    0    0    3    0    4  
   4    0    1    0    3    0    5    0    2    0  
   3    0    0    2    1    5    0    0    0    4  
   5    0    3    0    0    2    4    0    0    1  
   0    1    0    0    5    3    0    4    0    2  
   1    0    0    4    0    0    5    2    3    0  ] 
RESERVATION PRICES : [    6    7    0    0    0    6    6    7    0    0  
   0    6    7    0    0    7    7    0    7    0  
   0    9    0    0   11    9    0    0   11    9  
   0   16    0   15    0   16   14   15    0    0  
   0    0   20   20   19   17    0    0   16    0  
  19    0   17    0    0   15   17    0    0   17  
  19   17    0   15    0   19    0   18    0    0  
  23   20    0   19    0    0   24    0    0   26  
  29    0    0   24   29    0   26    0   32    0  
   0    0   35   33   31    0   33    0   29    0  
  34    0   38   38    0   38   31    0    0    0  
  43   35   45   36   44    0    0    0    0    0  
  39    0    0   43   51    0    0   43    0   52  
   0   41   50    0    0   47    0   53    0   52  
   0   56    0   50    0   56   58    0    0   56  
  44    0   51   53    0    0    0   54    0   45  
  65   54    0    0    0   54    0    0   50   62  
  61   51   49    0   55    0    0    0    0   56  
   0   70   68    0    0   63    0   65    0   56  
   0   70    0   71    0   70    0   68   70    0  
  64   79    0   76   73    0    0    0    0   79  
   0    0   73    0    0    0   82   77   89   75  
  89   73   88    0   87   90    0    0    0    0  
  95   81    0   95   71   78    0    0    0    0  
   0   90    0   84    0    0   86   75   90    0  
   0    0    0   91   93   80   79    0    0   97  
   0    0    0   94   81  100   87    0    0  110  
   0    0  114   89   99    0    0   90    0   93  
 103    0   90    0   88  111    0    0    0  102  
 101    0    0  100    0  118    0  108   97    0  
 107  104    0  121    0  109    0    0   94    0  
 121    0  119    0   99  115  115    0    0    0  
   0    0  132  105    0  101    0  115  109    0  
 111  109    0    0  103  138  138    0    0    0  
 140  105    0    0    0    0  129  132  109    0  
   0  130    0  136  142  132  118    0    0    0  
 114    0    0  148  122  113    0    0  137    0  
 150    0    0  131  118    0  147    0    0  125  
 120  114    0  124    0    0    0    0  141  129  
   0    0  145  109  131  133  131    0    0    0  
   0  141  130  138    0  118    0    0    0  142  
 139  120  140    0  117    0    0    0    0  109  
   0    0  151  114    0  129    0  130    0  136  
   0  154  149  152  126  115    0    0    0    0  
   0    0  115  115  132  131    0  122    0    0  
 143    0    0    0    0  148  160  156  151    0  
 167    0    0  124  136  164    0  158    0    0  
 170  140    0  143    0    0  133    0    0  154  
 126  158  140    0    0  159  130    0    0    0  
   0    0  132    0  145  175    0    0  147  152  
 163  176    0  141  144    0    0    0  142    0  
 175  152    0  150  158    0  151    0    0    0  
   0    0  153  188  151    0    0  175    0  175  
 155    0  188  183    0  142    0  184    0    0  
 161    0    0    0  148  177  177  153    0    0  
 147    0  180    0  179    0  201  202    0    0  
 206  170  176    0    0  177  188    0    0    0  
 193    0  193    0    0    0  186  158    0  166  
   0    0  158    0  212  203    0  198    0  204  
 187    0  170  170    0  183    0    0    0  177  
   0  190  176    0  208  168    0  170    0    0  
 211    0    0  169    0  232  168    0  186    0  
 186  232    0    0  228    0    0  222    0  213  
   0  221  200  207  234    0  195    0    0    0  
 192  217    0    0  206  205  213    0    0    0  
   0    0  206    0  192  247    0    0  198  230  
   0  244  184    0  195    0    0  186    0  225  
   0  201  197  211    0  195    0    0    0  195  
   0  247    0  258  200  253    0    0  195    0  
 195  249    0    0    0    0  248  249    0  220  
 256    0    0    0  216  249  243    0    0  220  
   0  256    0  278    0  229    0  272    0  263  
 229    0  209    0  269  264  250    0    0    0  
   0    0    0  261  218  244  209  216    0    0  
 260  222  235  260    0    0    0    0    0  223  
 292  277    0  274    0  290    0    0  256    0  
 278    0  303  288    0    0  302  225    0    0  
   0    0  257    0  224    0  267  228    0  255  
   0  239    0  310  290  270    0    0  296    0  
   0    0  310  307  266    0  306    0    0  280  
   0    0    0  293  263    0  295  315  272    0  
 233    0  303    0    0  267    0  236  266    0  
 271    0  258  244  284  321    0    0    0    0  
   0    0    0  273    0  251    0  324  272  292  
   0    0  317  324    0  291    0  315  287    0  
 297  336  327    0  330    0    0  246    0    0  
   0  284  317  297    0  261    0    0  332    0  
   0  302  338  344    0  321    0    0  298    0  
 272    0    0    0  282    0  307  294  278    0  
   0    0  294  290    0    0  346    0  320  264  
 289  328    0    0  298    0    0    0  262  290  
   0  332  347    0    0    0  340  333    0  343  
 322  353    0    0    0    0  306  340  323    0  
   0    0    0  308  287  332  327    0    0  340  
   0    0    0  277  284  332    0  282  368    0  
   0  364  365    0    0    0  308    0  355  281  
 336  302    0    0    0  305  291  347    0    0  
 278    0    0  287    0    0  318  364    0  310  
   0  274    0    0    0  368  357  294  300    0  
 342    0    0  355  279  284    0    0    0  326  
   0  350    0    0  375    0  378  382    0  321  
   0    0  322  371    0  376  339    0    0  357  
   0  317  297    0  357  327    0    0    0  305  
 393    0    0    0    0  395  319  381  343    0  
 289    0    0    0  348    0  346  400  384    0  
   0    0  372  389    0    0  355  305    0  297  
 328  361    0  294    0    0  297    0    0  332  
   0  314  344    0    0  370  388    0    0  320  
   0  397    0    0    0  370  349  370    0  337  
 382    0    0    0  319    0  353  324    0  313  
   0  349    0  362    0  297  387    0    0  358  
   0  388  317    0    0    0    0  387  392  325  
 380  346  390    0  354    0    0  387    0    0  
 382  357    0    0  381  397    0    0  418    0  
   0    0  317  344    0  340    0  374  359    0  
 379  367    0    0    0  384  321  352    0    0  
 382  409  389    0  437    0    0  359    0    0  
   0  430  374    0  332    0    0  320    0  426  
 423    0  349  426  375  359    0    0    0    0  
   0  408    0    0  352  408  422  420    0    0  
 389  400    0    0    0  401  323    0    0  391  
   0    0    0  329  398  384    0    0  327  362  
 441    0  425    0  403    0    0    0  339  380  
 340    0  415    0  377  445    0  421    0    0  
 399    0    0    0  422  391    0  341    0  397  
   0  384    0    0  414    0  417    0  348  452  
   0  394    0  393    0  465  359    0    0  418  
 429    0    0    0    0  437  427  469  440    0  
   0    0    0  456  457    0    0  377  378  439  
   0    0    0  374    0    0  436  420  379  348  
 470    0    0  364    0  451  467    0  466    0  
   0  366  383    0  360    0  484    0  492    0  
   0  405  450    0  427    0    0  445  429    0  
 381    0  496  434  461    0    0    0    0  438  
 414    0    0  403  481    0  404    0    0  478  
   0    0    0  465    0    0  476  410  413  395  
   0    0  424    0    0  451    0  433  398  403  
   0  510  472  513    0    0  458    0  427    0  
 464    0    0    0  384  453    0  396    0  409  
 470  421    0  513  452    0    0    0    0  414  
   0  452  494    0    0  520  503    0    0  501  
 409    0    0  500  489  416  434    0    0    0  
 442    0    0    0    0  526    0  460  449  452  
   0  391    0    0  472    0  482  531    0  450  
 532  448    0    0  514    0    0  431    0  445  
 537    0  516    0  457    0  534    0  484    0  
 532    0    0  528  528  542    0    0    0  535  
 406    0  535    0    0  526  551    0    0  415  
   0  522    0    0  547  553    0  406    0  403  
 419    0    0  546    0    0  466  539  557    0  ] 
 ] 
