K : 75
I : 5
C : 15
INSTANCE : 1
PREFERENCES : [    1    3    0    2    0  
   0    3    2    0    1  
   1    0    0    3    2  
   3    0    2    0    1  
   3    0    0    1    2  
   2    0    0    3    1  
   2    1    0    0    3  
   0    2    0    3    1  
   0    3    1    0    2  
   2    0    0    3    1  
   0    1    0    3    2  
   0    3    0    1    2  
   0    1    3    2    0  
   1    0    0    3    2  
   1    0    0    3    2  
   2    3    1    0    0  
   0    1    0    3    2  
   1    0    3    0    2  
   0    3    1    2    0  
   1    0    3    0    2  
   0    2    0    3    1  
   0    0    1    2    3  
   0    0    2    3    1  
   0    2    3    0    1  
   0    1    3    2    0  
   2    0    3    1    0  
   2    0    1    3    0  
   0    2    1    3    0  
   0    0    3    1    2  
   3    2    0    1    0  
   0    3    2    1    0  
   3    0    0    1    2  
   1    3    0    2    0  
   2    0    1    0    3  
   0    0    3    1    2  
   2    3    1    0    0  
   3    1    2    0    0  
   0    3    1    0    2  
   2    3    0    1    0  
   3    1    0    0    2  
   0    2    1    3    0  
   0    1    2    3    0  
   0    0    3    1    2  
   2    0    3    0    1  
   1    0    3    2    0  
   2    0    3    0    1  
   0    1    0    3    2  
   3    0    1    2    0  
   1    2    3    0    0  
   3    0    0    2    1  
   2    0    1    0    3  
   3    2    1    0    0  
   3    1    0    2    0  
   3    0    2    0    1  
   1    0    2    3    0  
   3    0    1    2    0  
   0    3    0    1    2  
   3    1    2    0    0  
   0    2    3    1    0  
   2    0    3    0    1  
   1    0    0    2    3  
   0    1    3    0    2  
   2    1    0    3    0  
   3    2    1    0    0  
   1    0    0    2    3  
   2    1    3    0    0  
   3    0    2    1    0  
   1    2    3    0    0  
   0    0    1    2    3  
   0    3    0    1    2  
   3    1    0    2    0  
   2    3    0    1    0  
   1    0    3    2    0  
   1    3    0    2    0  
   2    1    3    0    0  ] 
RESERVATION PRICES : [    9    9    0    8    0  
   0    8    9    0    8  
  13    0    0   11   10  
  11    0   13    0   12  
  16    0    0   16   12  
  12    0    0   14   15  
  12   13    0    0   15  
   0   18    0   18   17  
   0   16   19    0   17  
  22    0    0   22   26  
   0   30    0   26   23  
   0   25    0   24   27  
   0   29   36   33    0  
  28    0    0   36   36  
  38    0    0   36   37  
  40   32   33    0    0  
   0   38    0   43   50  
  53    0   51    0   42  
   0   55   48   59    0  
  61    0   55    0   61  
   0   55    0   67   58  
   0    0   73   57   53  
   0    0   57   73   54  
   0   53   71    0   64  
   0   74   80   71    0  
  66    0   68   60    0  
  71    0   76   71    0  
   0   83   71   73    0  
   0    0   72   80   80  
  91   82    0   94    0  
   0   99  101   79    0  
  81    0    0   95   89  
  88   88    0   89    0  
  89    0  107    0   89  
   0    0  101  104  117  
  90  125  115    0    0  
 126  105  120    0    0  
   0  104  108    0  114  
 121  118    0  118    0  
 129  112    0    0  124  
   0  122  123  137    0  
   0  128  121  130    0  
   0    0  154  124  145  
 120    0  153    0  158  
 147    0  144  122    0  
 156    0  124    0  132  
   0  164    0  147  157  
 168    0  148  166    0  
 145  136  170    0    0  
 183    0    0  141  186  
 151    0  160    0  164  
 163  191  143    0    0  
 148  189    0  168    0  
 190    0  185    0  148  
 152    0  147  150    0  
 195    0  198  194    0  
   0  201    0  170  165  
 171  177  200    0    0  
   0  197  175  213    0  
 229    0  210    0  198  
 169    0    0  229  176  
   0  216  203    0  173  
 168  216    0  197    0  
 183  212  195    0    0  
 241    0    0  235  235  
 209  216  199    0    0  
 204    0  210  230    0  
 241  186  234    0    0  
   0    0  193  240  249  
   0  259    0  216  229  
 223  207    0  212    0  
 206  243    0  206    0  
 234    0  195  268    0  
 261  209    0  242    0  
 256  211  258    0    0  ] 
 ] 
