K : 125
I : 5
C : 25
INSTANCE : 1
PREFERENCES : [    3    1    0    0    2  
   3    2    1    0    0  
   3    0    0    2    1  
   0    0    1    3    2  
   1    3    2    0    0  
   0    2    0    1    3  
   3    2    0    0    1  
   2    0    0    3    1  
   0    1    0    3    2  
   3    0    0    1    2  
   3    1    2    0    0  
   0    3    2    0    1  
   3    0    0    1    2  
   3    0    0    2    1  
   3    2    0    0    1  
   2    0    3    0    1  
   3    1    0    0    2  
   1    0    2    3    0  
   0    3    2    0    1  
   3    0    1    0    2  
   3    0    0    1    2  
   0    0    2    1    3  
   1    3    0    0    2  
   0    1    2    3    0  
   0    0    2    1    3  
   2    0    3    0    1  
   1    0    0    3    2  
   2    3    0    1    0  
   2    3    1    0    0  
   3    0    1    0    2  
   0    3    2    1    0  
   2    0    0    3    1  
   1    0    3    0    2  
   3    1    0    2    0  
   2    1    0    3    0  
   1    3    0    0    2  
   3    2    0    0    1  
   0    1    3    2    0  
   2    0    1    3    0  
   3    0    2    1    0  
   0    1    3    0    2  
   0    1    0    2    3  
   0    1    2    0    3  
   1    0    3    2    0  
   0    2    1    0    3  
   0    3    1    0    2  
   3    0    0    2    1  
   0    0    1    2    3  
   2    0    0    3    1  
   1    0    0    2    3  
   0    3    0    1    2  
   3    1    2    0    0  
   0    1    0    3    2  
   0    2    3    1    0  
   0    0    3    1    2  
   3    2    1    0    0  
   0    1    3    0    2  
   1    0    0    3    2  
   3    1    2    0    0  
   0    3    0    2    1  
   0    1    3    0    2  
   0    3    0    2    1  
   1    0    2    3    0  
   2    1    3    0    0  
   1    0    0    2    3  
   2    0    3    0    1  
   0    0    1    3    2  
   2    0    3    1    0  
   3    0    1    0    2  
   1    0    3    2    0  
   0    3    2    0    1  
   2    0    1    3    0  
   2    1    3    0    0  
   2    0    1    3    0  
   0    2    1    3    0  
   1    0    0    2    3  
   0    1    0    3    2  
   0    3    1    0    2  
   1    0    0    2    3  
   0    3    2    0    1  
   0    1    0    3    2  
   0    1    3    2    0  
   2    3    0    1    0  
   0    3    2    1    0  
   3    0    2    1    0  
   0    2    0    1    3  
   2    1    3    0    0  
   2    0    1    3    0  
   0    1    0    3    2  
   3    2    0    1    0  
   1    0    0    3    2  
   3    2    1    0    0  
   0    3    2    0    1  
   2    0    0    3    1  
   0    2    3    0    1  
   2    0    1    3    0  
   0    1    0    3    2  
   1    3    0    2    0  
   0    0    1    3    2  
   3    0    1    2    0  
   1    0    2    0    3  
   2    0    3    0    1  
   0    1    2    3    0  
   2    0    3    0    1  
   3    0    2    1    0  
   3    0    0    1    2  
   2    1    3    0    0  
   3    0    2    0    1  
   3    1    2    0    0  
   1    2    0    3    0  
   3    1    2    0    0  
   2    0    3    1    0  
   0    1    3    0    2  
   3    0    0    2    1  
   1    3    2    0    0  
   0    3    2    0    1  
   0    2    3    1    0  
   0    2    3    1    0  
   1    3    0    0    2  
   2    3    0    0    1  
   2    0    3    0    1  
   0    1    0    2    3  
   3    0    2    0    1  
   2    3    0    0    1  
   3    0    2    0    1  ] 
RESERVATION PRICES : [    8   10    0    0    8  
   8    8   10    0    0  
  11    0    0   10   10  
   0    0   14   19   19  
  17   20   17    0    0  
   0   22    0   26   27  
  29   28    0    0   30  
  36    0    0   36   28  
   0   29    0   34   33  
  36    0    0   35   43  
  44   47   42    0    0  
   0   45   45    0   51  
  55    0    0   46   41  
  57    0    0   47   42  
  62   51    0    0   47  
  56    0   54    0   57  
  62   75    0    0   58  
  69    0   72   69    0  
   0   64   72    0   76  
  70    0   86    0   86  
  69    0    0   83   78  
   0    0   81   73   89  
  71   93    0    0   78  
   0   87   88   83    0  
   0    0   88   78   99  
  87    0   84    0   90  
  86    0    0   91   89  
 101  105    0   84    0  
 104   96   84    0    0  
 121    0   93    0  109  
   0  104  119   98    0  
 111    0    0  103  110  
 108    0  101    0  128  
 136  115    0  120    0  
 128  130    0  123    0  
 121  133    0    0  116  
 134  144    0    0  143  
   0  138  142  113    0  
 126    0  105  132    0  
 127    0  138  128    0  
   0  154  136    0  137  
   0  126    0  153  122  
   0  149  134    0  126  
 135    0  147  154    0  
   0  147  128    0  147  
   0  155  142    0  166  
 166    0    0  166  175  
   0    0  161  178  159  
 139    0    0  163  180  
 157    0    0  175  174  
   0  158    0  152  140  
 171  147  156    0    0  
   0  170    0  167  196  
   0  176  163  150    0  
   0    0  198  172  164  
 175  190  161    0    0  
   0  163  164    0  169  
 207    0    0  189  192  
 159  198  163    0    0  
   0  226    0  218  210  
   0  226  216    0  168  
   0  198    0  213  167  
 204    0  174  216    0  
 214  205  187    0    0  
 190    0    0  205  190  
 241    0  211    0  240  
   0    0  204  222  190  
 208    0  239  256    0  
 225    0  189    0  252  
 205    0  222  193    0  
   0  212  202    0  250  
 208    0  214  256    0  
 189  262  192    0    0  
 195    0  233  196    0  
   0  224  245  254    0  
 218    0    0  269  253  
   0  240    0  245  277  
   0  234  269    0  220  
 218    0    0  288  275  
   0  234  257    0  246  
   0  218    0  243  283  
   0  228  273  236    0  
 264  251    0  231    0  
   0  277  290  223    0  
 233    0  269  278    0  
   0  237    0  306  310  
 307  264  262    0    0  
 286    0  304  264    0  
   0  247    0  318  303  
 262  272    0  270    0  
 248    0    0  265  319  
 243  249  263    0    0  
   0  280  297    0  319  
 299    0    0  333  326  
   0  260  353    0  352  
 272    0  298  340    0  
   0  269    0  356  263  
 306  329    0  283    0  
   0    0  304  305  263  
 299    0  311  266    0  
 293    0  275    0  337  
 296    0  303    0  282  
   0  374  289  354    0  
 356    0  363    0  354  
 374    0  378  375    0  
 352    0    0  292  300  
 392  392  298    0    0  
 391    0  377    0  327  
 390  377  287    0    0  
 318  312    0  330    0  
 376  400  303    0    0  
 360    0  305  301    0  
   0  368  389    0  383  
 317    0    0  370  381  
 346  371  390    0    0  
   0  430  352    0  352  
   0  318  344  415    0  
   0  339  344  317    0  
 383  351    0    0  401  
 409  436    0    0  411  
 343    0  435    0  326  
   0  440    0  347  410  
 418    0  343    0  381  
 341  360    0    0  392  
 368    0  463    0  340  ] 
 ] 
